0 0 0 1 -0.11944 -0.0344847 26.3693 
0 0 6.5 1 -0.11835 0.217631 25.1273 
10 0 0 1 0.271176 -0.0616558 24.6311 
10 0 6.5 1 0.293089 0.207754 23.3891 
10 10 0 1 0.324464 -0.223759 14.9705 
10 10 6.5 1 0.366618 0.220567 13.7284 
0 10 0 1 -0.297541 -0.164014 16.7087 
0 10 6.5 1 -0.310073 0.235174 15.4667 
0 5 10 1 -0.193099 0.406921 19.6282 
10 5 10 1 0.337547 0.412399 17.89 
0 6 0 1 -0.206229 -0.0976044 20.5729 
0 8 0 1 -0.247153 -0.127368 18.6408 
0 8 5 1 -0.252861 0.143156 17.6854 
0 6 5 1 -0.209382 0.147725 19.6175 
0 2 2.5 1 -0.143841 0.0491431 23.9595 
0 4 2.5 1 -0.173001 0.0368278 22.0274 
0 4 5 1 -0.173699 0.151475 21.5497 
0 2 5 1 -0.143889 0.154607 23.4818 
0.5 0.5 -0.5 1 -0.10669 -0.0587745 25.8949 
0.5 0.5 6 1 -0.104937 0.196969 24.6529 
10.5 0.5 -0.5 1 0.292515 -0.088227 24.1567 
10.5 0.5 6 1 0.316038 0.18532 22.9147 
10.5 10.5 -0.5 1 0.361768 -0.273343 14.4961 
10.5 10.5 6 1 0.408927 0.18224 13.254 
0.5 10.5 -0.5 1 -0.282408 -0.206543 16.2343 
0.5 10.5 6 1 -0.294083 0.201753 14.9923 
0.5 5.5 9.5 1 -0.177686 0.385015 19.1538 
10.5 5.5 9.5 1 0.368954 0.388456 17.4156 
0.5 6.5 -0.5 1 -0.19185 -0.130389 20.0985 
0.5 8.5 -0.5 1 -0.232313 -0.164416 18.1664 
0.5 8.5 4.5 1 -0.237355 0.111507 17.211 
0.5 6.5 4.5 1 -0.194364 0.119384 19.1431 
0.5 2.5 2 1 -0.130275 0.0240502 23.4851 
0.5 4.5 2 1 -0.158861 0.00921434 21.553 
0.5 4.5 4.5 1 -0.159255 0.125816 21.0753 
0.5 2.5 4.5 1 -0.130043 0.131168 23.0074 
