0 0 0 1 0.263367 -0.144927 18.5325 
0 0 6.5 1 0.248576 0.211513 17.6815 
10 0 0 1 -0.0540143 -0.407819 10.2748 
10 0 6.5 1 -0.110425 0.237212 9.42385 
10 10 0 1 -0.565653 -0.259855 15.7609 
10 10 6.5 1 -0.630509 0.156282 14.91 
0 10 0 1 -0.144863 -0.107881 24.0186 
0 10 6.5 1 -0.171146 0.165515 23.1676 
0 5 10 1 -0.00232489 0.362973 19.9663 
10 5 10 1 -0.46822 0.490475 11.7087 
0 6 0 1 -0.00620003 -0.120464 21.8241 
0 8 0 1 -0.0788504 -0.113872 22.9214 
0 8 5 1 -0.0979454 0.104765 22.2668 
0 6 5 1 -0.0240382 0.1093 21.1695 
0 2 2.5 1 0.156561 -0.0101273 19.3024 
0 4 2.5 1 0.0661755 -0.00865409 20.3996 
0 4 5 1 0.057949 0.114331 20.0723 
0 2 5 1 0.149418 0.119944 18.9751 
0.5 0.5 -0.5 1 0.229065 -0.176097 18.4594 
0.5 0.5 6 1 0.212555 0.180318 17.6084 
10.5 0.5 -0.5 1 -0.118356 -0.466102 10.2017 
10.5 0.5 6 1 -0.181063 0.178669 9.35073 
10.5 10.5 -0.5 1 -0.609879 -0.297067 15.6878 
10.5 10.5 6 1 -0.677591 0.118987 14.8368 
0.5 10.5 -0.5 1 -0.172553 -0.131796 23.9455 
0.5 10.5 6 1 -0.199939 0.141584 23.0945 
0.5 5.5 9.5 1 -0.0351309 0.335917 19.8932 
10.5 5.5 9.5 1 -0.527236 0.445019 11.6356 
0.5 6.5 -0.5 1 -0.036217 -0.146835 21.751 
0.5 8.5 -0.5 1 -0.107658 -0.138954 22.8482 
0.5 8.5 4.5 1 -0.127666 0.0796627 22.1936 
0.5 6.5 4.5 1 -0.0550484 0.0829081 21.0964 
0.5 2.5 2 1 0.123226 -0.0395363 19.2293 
0.5 4.5 2 1 0.0343152 -0.0364702 20.3265 
0.5 4.5 4.5 1 0.0255373 0.0865096 19.9992 
0.5 2.5 4.5 1 0.115479 0.0905292 18.902 
