0 0 0 1 0.0433469 -0.290006 24.7225 
0 0 6.5 1 0.0672434 -0.02831 25.1166 
10 0 0 1 0.479596 -0.408286 18.4408 
10 0 6.5 1 0.502332 -0.0568376 18.835 
10 10 0 1 0.24564 -0.604777 10.6837 
10 10 6.5 1 0.292621 -0.00023845 11.0779 
0 10 0 1 -0.303453 -0.359661 16.9653 
0 10 6.5 1 -0.261004 0.0205561 17.3595 
0 5 10 1 -0.0507497 0.153872 21.4503 
10 5 10 1 0.440639 0.193894 15.1687 
0 6 0 1 -0.132561 -0.325337 20.0682 
0 8 0 1 -0.210848 -0.341061 18.5167 
0 8 5 1 -0.18222 -0.0715827 18.82 
0 6 5 1 -0.107279 -0.0766154 20.3714 
0 2 2.5 1 0.00279107 -0.191745 23.3226 
0 4 2.5 1 -0.0541481 -0.195599 21.7712 
0 4 5 1 -0.0429439 -0.0809359 21.9228 
0 2 5 1 0.012887 -0.0846852 23.4742 
0.5 0.5 -0.5 1 0.0459268 -0.31809 23.9902 
0.5 0.5 6 1 0.0704992 -0.0480819 24.3844 
10.5 0.5 -0.5 1 0.50113 -0.451224 17.7086 
10.5 0.5 6 1 0.524317 -0.0846243 18.1028 
10.5 10.5 -0.5 1 0.266744 -0.695643 9.95143 
10.5 10.5 6 1 0.316248 -0.0448535 10.3456 
0.5 10.5 -0.5 1 -0.315284 -0.404308 16.233 
0.5 10.5 6 1 -0.270685 -0.00628799 16.6272 
0.5 5.5 9.5 1 -0.0510881 0.13704 20.7181 
10.5 5.5 9.5 1 0.465078 0.171769 14.4364 
0.5 6.5 -0.5 1 -0.136021 -0.36152 19.3359 
0.5 8.5 -0.5 1 -0.217834 -0.381048 17.7845 
0.5 8.5 4.5 1 -0.18793 -0.0999894 18.0877 
0.5 6.5 4.5 1 -0.109743 -0.102966 19.6391 
0.5 2.5 2 1 0.00421624 -0.218385 22.5904 
0.5 4.5 2 1 -0.0545996 -0.224337 21.0389 
0.5 4.5 4.5 1 -0.043005 -0.105506 21.1906 
0.5 2.5 4.5 1 0.0146277 -0.1077 22.742 
