0 0 0 1 0.392628 -0.664285 12.2295 
0 0 6.5 1 0.356537 -0.129685 13.5203 
10 0 0 1 -0.329077 -0.583048 14.766 
10 0 6.5 1 -0.301449 -0.139427 16.0568 
10 10 0 1 -0.0939573 -0.434743 24.2329 
10 10 6.5 1 -0.0884676 -0.163165 25.5237 
0 10 0 1 0.340329 -0.463196 21.6965 
0 10 6.5 1 0.322038 -0.160054 22.9873 
0 5 10 1 0.323069 0.0376796 18.9488 
10 5 10 1 -0.164718 0.010641 21.4853 
0 6 0 1 0.354614 -0.518121 17.9097 
0 8 0 1 0.346788 -0.488033 19.8031 
0 8 5 1 0.330928 -0.22909 20.796 
0 6 5 1 0.336753 -0.231661 18.9026 
0 2 2.5 1 0.364267 -0.41444 14.6194 
0 4 2.5 1 0.353776 -0.390245 16.5128 
0 4 5 1 0.343876 -0.234804 17.0092 
0 2 5 1 0.352783 -0.238734 15.1158 
0.5 0.5 -0.5 1 0.349265 -0.686112 12.7304 
0.5 0.5 6 1 0.318455 -0.1686 14.0212 
10.5 0.5 -0.5 1 -0.341558 -0.603914 15.2668 
10.5 0.5 6 1 -0.313793 -0.172086 16.5576 
10.5 10.5 -0.5 1 -0.106423 -0.450626 24.7338 
10.5 10.5 6 1 -0.10042 -0.183487 26.0246 
0.5 10.5 -0.5 1 0.31664 -0.480252 22.1974 
0.5 10.5 6 1 0.300041 -0.182637 23.4882 
0.5 5.5 9.5 1 0.296478 0.00531558 19.4497 
10.5 5.5 9.5 1 -0.177129 -0.0173734 21.9861 
0.5 6.5 -0.5 1 0.325663 -0.537191 18.4106 
0.5 8.5 -0.5 1 0.320731 -0.506066 20.304 
0.5 8.5 4.5 1 0.306458 -0.252373 21.2969 
0.5 6.5 4.5 1 0.309745 -0.257149 19.4035 
0.5 2.5 2 1 0.328697 -0.441094 15.1203 
0.5 4.5 2 1 0.322473 -0.414645 17.0137 
0.5 4.5 4.5 1 0.313744 -0.262958 17.5101 
0.5 2.5 4.5 1 0.318712 -0.270176 15.6167 
