0 0 0 1 0.32604 -0.5688 13.8693 
0 0 6.5 1 0.333681 -0.0994435 14.8348 
10 0 0 1 -0.381657 -0.510069 14.2831 
10 0 6.5 1 -0.329414 -0.05717 15.2486 
10 10 0 1 -0.212409 -0.363939 24.1635 
10 10 6.5 1 -0.18721 -0.0947281 25.129 
0 10 0 1 0.203819 -0.39569 23.7497 
0 10 6.5 1 0.21318 -0.120731 24.7152 
0 5 10 1 0.263119 0.0603075 20.2949 
10 5 10 1 -0.223733 0.0882427 20.7087 
0 6 0 1 0.238068 -0.444199 19.7975 
0 8 0 1 0.21939 -0.417743 21.7736 
0 8 5 1 0.22678 -0.184854 22.5163 
0 6 5 1 0.245494 -0.187948 20.5402 
0 2 2.5 1 0.292929 -0.352957 16.2167 
0 4 2.5 1 0.264615 -0.331204 18.1928 
0 4 5 1 0.268193 -0.191701 18.5641 
0 2 5 1 0.296299 -0.196347 16.588 
0.5 0.5 -0.5 1 0.279969 -0.588932 14.3097 
0.5 0.5 6 1 0.290302 -0.131837 15.2752 
10.5 0.5 -0.5 1 -0.405263 -0.531393 14.7236 
10.5 0.5 6 1 -0.353034 -0.0898956 15.6891 
10.5 10.5 -0.5 1 -0.229565 -0.379315 24.604 
10.5 10.5 6 1 -0.204152 -0.114161 25.5695 
0.5 10.5 -0.5 1 0.178792 -0.410751 24.1901 
0.5 10.5 6 1 0.188949 -0.140028 25.1556 
0.5 5.5 9.5 1 0.232662 0.0330508 20.7353 
10.5 5.5 9.5 1 -0.243456 0.0609375 21.1492 
0.5 6.5 -0.5 1 0.207408 -0.461146 20.238 
0.5 8.5 -0.5 1 0.191827 -0.433707 22.214 
0.5 8.5 4.5 1 0.199967 -0.204769 22.9567 
0.5 6.5 4.5 1 0.215763 -0.209674 20.9807 
0.5 2.5 2 1 0.254227 -0.37596 16.6571 
0.5 4.5 2 1 0.230686 -0.352282 18.6332 
0.5 4.5 4.5 1 0.234844 -0.215599 19.0046 
0.5 2.5 4.5 1 0.258353 -0.222899 17.0285 
