0 0 0 1 0.374925 -0.511903 10.914 
0 0 6.5 1 0.305662 0.0748745 11.4986 
10 0 0 1 -0.238594 -0.409551 16.6832 
10 0 6.5 1 -0.263949 -0.0222819 17.2677 
10 10 0 1 0.0747703 -0.284102 24.8016 
10 10 6.5 1 0.050309 -0.023568 25.3861 
0 10 0 1 0.521578 -0.304768 19.0324 
0 10 6.5 1 0.47661 0.0330025 19.6169 
0 5 10 1 0.385655 0.266254 15.8725 
10 5 10 1 -0.0901577 0.137716 21.6417 
0 6 0 1 0.481019 -0.362054 15.7851 
0 8 0 1 0.50319 -0.33074 17.4087 
0 8 5 1 0.465655 -0.0446769 17.8584 
0 6 5 1 0.440344 -0.0465145 16.2347 
0 2 2.5 1 0.394663 -0.246791 12.7625 
0 4 2.5 1 0.431239 -0.221907 14.3862 
0 4 5 1 0.409408 -0.0487604 14.611 
0 2 5 1 0.370736 -0.051568 12.9873 
0.5 0.5 -0.5 1 0.348034 -0.532356 11.5635 
0.5 0.5 6 1 0.283768 0.0240366 12.148 
10.5 0.5 -0.5 1 -0.233547 -0.427032 17.3326 
10.5 0.5 6 1 -0.258147 -0.0532289 17.9172 
10.5 10.5 -0.5 1 0.0702114 -0.299207 25.451 
10.5 10.5 6 1 0.0464626 -0.0448331 26.0355 
0.5 10.5 -0.5 1 0.50094 -0.32362 19.6818 
0.5 10.5 6 1 0.458008 0.00387113 20.2663 
0.5 5.5 9.5 1 0.366413 0.221352 16.5219 
10.5 5.5 9.5 1 -0.0905579 0.10818 22.2911 
0.5 6.5 -0.5 1 0.457906 -0.382367 16.4345 
0.5 8.5 -0.5 1 0.481358 -0.350352 18.0582 
0.5 8.5 4.5 1 0.445671 -0.0738505 18.5078 
0.5 6.5 4.5 1 0.419411 -0.0784229 16.8841 
0.5 2.5 2 1 0.370523 -0.277263 13.4119 
0.5 4.5 2 1 0.408126 -0.250162 15.0356 
0.5 4.5 4.5 1 0.387564 -0.0839683 15.2604 
0.5 2.5 4.5 1 0.348133 -0.0908342 13.6368 
