0 0 0 1 0.379546 -0.686462 12.4947 
0 0 6.5 1 0.353637 -0.160083 13.7616 
10 0 0 1 -0.347143 -0.604906 14.5337 
10 0 6.5 1 -0.311442 -0.152993 15.8006 
10 10 0 1 -0.124503 -0.445057 24.1276 
10 10 6.5 1 -0.113397 -0.171849 25.3945 
0 10 0 1 0.307109 -0.476434 22.0886 
0 10 6.5 1 0.295772 -0.177673 23.3555 
0 5 10 1 0.309458 0.0133006 19.2407 
10 5 10 1 -0.180142 0.00195117 21.2797 
0 6 0 1 0.326945 -0.533948 18.251 
0 8 0 1 0.316083 -0.502455 20.1698 
0 8 5 1 0.306038 -0.247407 21.1444 
0 6 5 1 0.315346 -0.251848 19.2256 
0 2 2.5 1 0.348867 -0.437217 14.9007 
0 4 2.5 1 0.333341 -0.410487 16.8195 
0 4 5 1 0.326718 -0.257275 17.3068 
0 2 5 1 0.340927 -0.264055 15.388 
0.5 0.5 -0.5 1 0.334808 -0.706956 12.9789 
0.5 0.5 6 1 0.313759 -0.196645 14.2458 
10.5 0.5 -0.5 1 -0.362377 -0.625247 15.0179 
10.5 0.5 6 1 -0.326553 -0.185188 16.2848 
10.5 10.5 -0.5 1 -0.138179 -0.460613 24.6118 
10.5 10.5 6 1 -0.126611 -0.191756 25.8787 
0.5 10.5 -0.5 1 0.282939 -0.492723 22.5728 
0.5 10.5 6 1 0.273118 -0.199164 23.8397 
0.5 5.5 9.5 1 0.281741 -0.0173617 19.7249 
10.5 5.5 9.5 1 -0.19437 -0.0255859 21.7639 
0.5 6.5 -0.5 1 0.297312 -0.552087 18.7352 
0.5 8.5 -0.5 1 0.289458 -0.519647 20.654 
0.5 8.5 4.5 1 0.280837 -0.269534 21.6286 
0.5 6.5 4.5 1 0.287463 -0.27602 19.7098 
0.5 2.5 2 1 0.312091 -0.462351 15.3849 
0.5 4.5 2 1 0.301078 -0.433581 17.3037 
0.5 4.5 4.5 1 0.295519 -0.283906 17.791 
0.5 2.5 4.5 1 0.305522 -0.293699 15.8722 
