0 0 0 1 -0.409165 -0.387254 10.4214 
0 0 6.5 1 -0.408677 0.251884 9.42734 
10 0 0 1 -0.252015 -0.121225 20.2599 
10 0 6.5 1 -0.243668 0.205251 19.2658 
10 10 0 1 0.228343 -0.139212 21.19 
10 10 6.5 1 0.25995 0.171344 20.1959 
0 10 0 1 0.500401 -0.399033 11.3515 
0 10 6.5 1 0.588143 0.181581 10.3574 
0 5 10 1 0.143308 0.596272 9.35711 
10 5 10 1 0.0260071 0.372956 19.1956 
0 6 0 1 0.155067 -0.394561 10.9795 
0 8 0 1 0.33061 -0.396834 11.1655 
0 8 5 1 0.38534 0.0480906 10.4008 
0 6 5 1 0.197651 0.0586363 10.2148 
0 2 2.5 1 -0.207039 -0.163226 10.2251 
0 4 2.5 1 -0.0123059 -0.169797 10.4111 
0 4 5 1 0.00300044 0.0695732 10.0288 
0 2 5 1 -0.199008 0.0809235 9.84277 
0.5 0.5 -0.5 1 -0.347995 -0.405439 11.0363 
0.5 0.5 6 1 -0.341483 0.192765 10.0422 
10.5 0.5 -0.5 1 -0.224305 -0.138676 20.8748 
10.5 0.5 6 1 -0.21483 0.176831 19.8807 
10.5 10.5 -0.5 1 0.241325 -0.15541 21.8049 
10.5 10.5 6 1 0.272619 0.145195 20.8108 
0.5 10.5 -0.5 1 0.510077 -0.415199 11.9664 
0.5 10.5 6 1 0.59378 0.131413 10.9723 
0.5 5.5 9.5 1 0.176939 0.5155 9.972 
10.5 5.5 9.5 1 0.0465771 0.339229 19.8105 
0.5 6.5 -0.5 1 0.183368 -0.411483 11.5944 
0.5 8.5 -0.5 1 0.349302 -0.41337 11.7804 
0.5 8.5 4.5 1 0.402274 0.00557113 11.0157 
0.5 6.5 4.5 1 0.225534 0.0147877 10.8297 
0.5 2.5 2 1 -0.156227 -0.194448 10.84 
0.5 4.5 2 1 0.0267887 -0.200126 11.026 
0.5 4.5 4.5 1 0.0426152 0.0243265 10.6437 
0.5 2.5 4.5 1 -0.146811 0.0342046 10.4577 
