0 0 0 1 0.301955 -0.536263 10.5711 
0 0 6.5 1 0.241583 0.075848 10.5282 
10 0 0 1 -0.223243 -0.36066 17.5674 
10 0 6.5 1 -0.260797 0.00750661 17.5246 
10 10 0 1 0.122818 -0.22624 24.7121 
10 10 6.5 1 0.0967414 0.0355319 24.6693 
0 10 0 1 0.572873 -0.277938 17.7158 
0 10 6.5 1 0.537565 0.0873393 17.6729 
0 5 10 1 0.402961 0.330564 14.0775 
10 5 10 1 -0.0683848 0.189169 21.0738 
0 6 0 1 0.495772 -0.351455 14.8579 
0 8 0 1 0.537705 -0.311472 16.2868 
0 8 5 1 0.508103 -0.00602582 16.2538 
0 6 5 1 0.463223 -0.0166572 14.8249 
0 2 2.5 1 0.361657 -0.253048 11.9835 
0 4 2.5 1 0.426865 -0.21498 13.4125 
0 4 5 1 0.408769 -0.0295567 13.396 
0 2 5 1 0.341311 -0.0455368 11.967 
0.5 0.5 -0.5 1 0.286669 -0.54625 11.2814 
0.5 0.5 6 1 0.230055 0.0271342 11.2386 
10.5 0.5 -0.5 1 -0.212267 -0.373649 18.2778 
10.5 0.5 6 1 -0.248332 -0.0198544 18.2349 
10.5 10.5 -0.5 1 0.12104 -0.239334 25.4225 
10.5 10.5 6 1 0.0956903 0.0150889 25.3796 
0.5 10.5 -0.5 1 0.55307 -0.294011 18.4261 
0.5 10.5 6 1 0.51908 0.0571142 18.3832 
0.5 5.5 9.5 1 0.386447 0.281306 14.7878 
10.5 5.5 9.5 1 -0.0642248 0.160342 21.7842 
0.5 6.5 -0.5 1 0.475852 -0.367124 15.5682 
0.5 8.5 -0.5 1 0.517707 -0.327494 16.9972 
0.5 8.5 4.5 1 0.489305 -0.0348697 16.9642 
0.5 6.5 4.5 1 0.444749 -0.0476681 15.5353 
0.5 2.5 2 1 0.344731 -0.277772 12.6939 
0.5 4.5 2 1 0.408371 -0.239117 14.1228 
0.5 4.5 4.5 1 0.391166 -0.0630593 14.1063 
0.5 2.5 4.5 1 0.325503 -0.0819202 12.6774 
