0 0 0 1 0.244247 -0.400827 20.787 
0 0 6.5 1 0.217528 -0.0884549 21.9195 
10 0 0 1 0.720993 -0.568416 11.4877 
10 0 6.5 1 0.631805 -0.0108293 12.6202 
10 10 0 1 -0.142783 -0.777456 8.24933 
10 10 6.5 1 -0.15849 -0.00217077 9.3818 
0 10 0 1 -0.249777 -0.468167 17.5487 
0 10 6.5 1 -0.251179 -0.097563 18.6811 
0 5 10 1 -0.00614619 0.0746871 20.9101 
10 5 10 1 0.265001 0.289725 11.6108 
0 6 0 1 -0.0317919 -0.438454 18.844 
0 8 0 1 -0.136905 -0.452782 18.1963 
0 8 5 1 -0.143118 -0.174181 19.0675 
0 6 5 1 -0.0424457 -0.169638 19.7151 
0 2 2.5 1 0.149027 -0.28432 20.5749 
0 4 2.5 1 0.0589208 -0.292393 19.9272 
0 4 5 1 0.0518229 -0.165385 20.3628 
0 2 5 1 0.14028 -0.161394 21.0105 
0.5 0.5 -0.5 1 0.238538 -0.434805 20.073 
0.5 0.5 6 1 0.211225 -0.110101 21.2055 
10.5 0.5 -0.5 1 0.741952 -0.642828 10.7737 
10.5 0.5 6 1 0.645423 -0.0447264 11.9062 
10.5 10.5 -0.5 1 -0.194662 -0.903655 7.53533 
10.5 10.5 6 1 -0.204885 -0.0480189 8.6678 
0.5 10.5 -0.5 1 -0.277536 -0.511537 16.8347 
0.5 10.5 6 1 -0.277244 -0.123472 17.9671 
0.5 5.5 9.5 1 -0.0206721 0.057727 20.1961 
10.5 5.5 9.5 1 0.255845 0.272382 10.8968 
0.5 6.5 -0.5 1 -0.0489831 -0.477555 18.13 
0.5 8.5 -0.5 1 -0.159026 -0.493917 17.4823 
0.5 8.5 4.5 1 -0.164431 -0.202525 18.3535 
0.5 6.5 4.5 1 -0.0592491 -0.196846 19.0011 
0.5 2.5 2 1 0.139834 -0.314472 19.8609 
0.5 4.5 2 1 0.0460698 -0.323862 19.2132 
0.5 4.5 4.5 1 0.0389989 -0.191541 19.6488 
0.5 2.5 4.5 1 0.130977 -0.186575 20.2965 
