0 0 0 1 0.291129 -0.275822 18.5853 
0 0 6.5 1 0.253248 0.0708588 18.8654 
10 0 0 1 0.276482 -0.553996 9.02099 
10 0 6.5 1 0.200087 0.157557 9.301 
10 10 0 1 -0.58961 -0.50845 11.9085 
10 10 6.5 1 -0.62801 0.0334882 12.1885 
0 10 0 1 -0.19116 -0.287969 21.4728 
0 10 6.5 1 -0.217806 0.0128494 21.7528 
0 5 10 1 -0.0156923 0.209592 20.4599 
10 5 10 1 -0.297155 0.405386 10.8955 
0 6 0 1 -0.0146942 -0.283525 20.3178 
0 8 0 1 -0.105366 -0.285809 20.8953 
0 8 5 1 -0.127361 -0.0473932 21.1107 
0 6 5 1 -0.0382591 -0.038428 20.5332 
0 2 2.5 1 0.169384 -0.147994 19.2705 
0 4 2.5 1 0.0685725 -0.154342 19.848 
0 4 5 1 0.0559998 -0.0289439 19.9557 
0 2 5 1 0.155877 -0.0188946 19.3782 
0.5 0.5 -0.5 1 0.265379 -0.311017 18.23 
0.5 0.5 6 1 0.227159 0.042852 18.51 
10.5 0.5 -0.5 1 0.221709 -0.639445 8.66561 
10.5 0.5 6 1 0.143993 0.10305 8.94562 
10.5 10.5 -0.5 1 -0.657336 -0.571141 11.5531 
10.5 10.5 6 1 -0.695286 -0.0114439 11.8331 
0.5 10.5 -0.5 1 -0.221507 -0.318557 21.1174 
0.5 10.5 6 1 -0.248197 -0.0123414 21.3975 
0.5 5.5 9.5 1 -0.0444659 0.186259 20.1045 
10.5 5.5 9.5 1 -0.361529 0.367482 10.5401 
0.5 6.5 -0.5 1 -0.0436548 -0.315803 19.9625 
0.5 8.5 -0.5 1 -0.135081 -0.317218 20.5399 
0.5 8.5 4.5 1 -0.157144 -0.0743948 20.7553 
0.5 6.5 4.5 1 -0.0673256 -0.0660446 20.1778 
0.5 2.5 2 1 0.142279 -0.179513 18.9152 
0.5 4.5 2 1 0.0404321 -0.185042 19.4927 
0.5 4.5 4.5 1 0.0277859 -0.0572022 19.6003 
0.5 2.5 4.5 1 0.128672 -0.0478231 19.0229 
