0 0 0 1 0.0753165 -0.278778 10.049 
0 0 6.5 1 0.0357214 0.397444 9.09054 
10 0 0 1 -0.24294 -0.102181 18.509 
10 0 6.5 1 -0.280829 0.25772 17.5506 
10 10 0 1 0.168676 -0.0234508 23.6328 
10 10 6.5 1 0.156748 0.258451 22.6744 
0 10 0 1 0.60897 -0.0965139 15.1727 
0 10 6.5 1 0.61963 0.348243 14.2143 
0 5 10 1 0.38913 0.69461 11.1363 
10 5 10 1 -0.0469453 0.441182 19.5964 
0 6 0 1 0.445514 -0.152341 13.1232 
0 8 0 1 0.533162 -0.122405 14.148 
0 8 5 1 0.537686 0.238792 13.4107 
0 6 5 1 0.445196 0.236959 12.386 
0 2 2.5 1 0.213658 -0.00625315 10.7051 
0 4 2.5 1 0.33963 0.0170906 11.7298 
0 4 5 1 0.336021 0.234795 11.3612 
0 2 5 1 0.205198 0.232201 10.3365 
0.5 0.5 -0.5 1 0.0880926 -0.294624 10.8019 
0.5 0.5 6 1 0.05277 0.328332 9.84345 
10.5 0.5 -0.5 1 -0.223336 -0.117969 19.262 
10.5 0.5 6 1 -0.258639 0.2263 18.3035 
10.5 10.5 -0.5 1 0.171453 -0.0383529 24.3857 
10.5 10.5 6 1 0.160022 0.233879 23.4273 
0.5 10.5 -0.5 1 0.592406 -0.115878 15.9256 
0.5 10.5 6 1 0.601469 0.305266 14.9672 
0.5 5.5 9.5 1 0.380865 0.618572 11.8893 
10.5 5.5 9.5 1 -0.0356398 0.406133 20.3493 
0.5 6.5 -0.5 1 0.435373 -0.171536 13.8761 
0.5 8.5 -0.5 1 0.519289 -0.141793 14.9009 
0.5 8.5 4.5 1 0.522851 0.199194 14.1636 
0.5 6.5 4.5 1 0.434503 0.194378 13.1389 
0.5 2.5 2 1 0.216612 -0.0390989 11.458 
0.5 4.5 2 1 0.334743 -0.0144667 12.4828 
0.5 4.5 4.5 1 0.331209 0.188746 12.1141 
0.5 2.5 4.5 1 0.208825 0.182074 11.0894 
