0 0 0 1 0.262337 -0.135733 18.5099 
0 0 6.5 1 0.248757 0.221824 17.627 
10 0 0 1 -0.0647162 -0.392019 10.3157 
10 0 6.5 1 -0.120705 0.252161 9.43277 
10 10 0 1 -0.564849 -0.244736 15.8842 
10 10 6.5 1 -0.629491 0.16899 15.0013 
0 10 0 1 -0.14323 -0.0978429 24.0785 
0 10 6.5 1 -0.168987 0.175318 23.1956 
0 5 10 1 -0.00105662 0.373528 19.9359 
10 5 10 1 -0.472209 0.503771 11.7416 
0 6 0 1 -0.00580845 -0.110681 21.8511 
0 8 0 1 -0.0778515 -0.103951 22.9648 
0 8 5 1 -0.0964813 0.114566 22.2856 
0 6 5 1 -0.0231072 0.119114 21.1719 
0 2 2.5 1 0.156283 -0.000565895 19.2841 
0 4 2.5 1 0.0663234 0.000999454 20.3978 
0 4 5 1 0.0584149 0.124168 20.0582 
0 2 5 1 0.149522 0.129815 18.9445 
0.5 0.5 -0.5 1 0.227721 -0.166708 18.4466 
0.5 0.5 6 1 0.212352 0.190582 17.5637 
10.5 0.5 -0.5 1 -0.129021 -0.449336 10.2523 
10.5 0.5 6 1 -0.191448 0.193799 9.3694 
10.5 10.5 -0.5 1 -0.608524 -0.281289 15.8209 
10.5 10.5 6 1 -0.676021 0.132031 14.938 
0.5 10.5 -0.5 1 -0.17089 -0.121536 24.0151 
0.5 10.5 6 1 -0.197773 0.151469 23.1322 
0.5 5.5 9.5 1 -0.0340287 0.346399 19.8725 
10.5 5.5 9.5 1 -0.530873 0.458313 11.6783 
0.5 6.5 -0.5 1 -0.0358961 -0.136834 21.7877 
0.5 8.5 -0.5 1 -0.106675 -0.128813 22.9014 
0.5 8.5 4.5 1 -0.126239 0.0895674 22.2223 
0.5 6.5 4.5 1 -0.0542148 0.0928103 21.1086 
0.5 2.5 2 1 0.122711 -0.0298482 19.2207 
0.5 4.5 2 1 0.0343102 -0.0266742 20.3344 
0.5 4.5 4.5 1 0.025833 0.0964145 19.9948 
0.5 2.5 4.5 1 0.115324 0.100444 18.8811 
