0 0 0 1 0.37323 -0.687351 12.6242 
0 0 6.5 1 0.351614 -0.165823 13.8718 
10 0 0 1 -0.353815 -0.60717 14.4629 
10 0 6.5 1 -0.315168 -0.153049 15.7105 
10 10 0 1 -0.136632 -0.444539 24.1032 
10 10 6.5 1 -0.123369 -0.171112 25.3508 
0 10 0 1 0.293547 -0.476571 22.2645 
0 10 6.5 1 0.285022 -0.180062 23.5121 
0 5 10 1 0.303597 0.00861569 19.3637 
10 5 10 1 -0.186309 0.00295356 21.2024 
0 6 0 1 0.315405 -0.534391 18.4084 
0 8 0 1 0.30344 -0.50274 20.3365 
0 8 5 1 0.295754 -0.249744 21.2961 
0 6 5 1 0.306361 -0.254641 19.368 
0 2 2.5 1 0.341954 -0.439808 15.0321 
0 4 2.5 1 0.324589 -0.412609 16.9602 
0 4 5 1 0.319314 -0.260621 17.44 
0 2 5 1 0.335487 -0.268087 15.5119 
0.5 0.5 -0.5 1 0.328093 -0.707491 13.1022 
0.5 0.5 6 1 0.311121 -0.201584 14.3497 
10.5 0.5 -0.5 1 -0.370138 -0.627396 14.9409 
10.5 0.5 6 1 -0.331374 -0.185125 16.1885 
10.5 10.5 -0.5 1 -0.150776 -0.459995 24.5812 
10.5 10.5 6 1 -0.137076 -0.190882 25.8288 
0.5 10.5 -0.5 1 0.269218 -0.492604 22.7425 
0.5 10.5 6 1 0.262128 -0.201168 23.99 
0.5 5.5 9.5 1 0.275468 -0.0214491 19.8416 
10.5 5.5 9.5 1 -0.201251 -0.0244366 21.6804 
0.5 6.5 -0.5 1 0.285555 -0.552234 18.8864 
0.5 8.5 -0.5 1 0.27663 -0.519657 20.8144 
0.5 8.5 4.5 1 0.270294 -0.271469 21.7741 
0.5 6.5 4.5 1 0.278172 -0.278358 19.846 
0.5 2.5 2 1 0.304788 -0.46445 15.5101 
0.5 4.5 2 1 0.292008 -0.435272 17.4381 
0.5 4.5 4.5 1 0.287746 -0.286731 17.918 
0.5 2.5 4.5 1 0.299629 -0.297123 15.9899 
