0 0 0 1 0.312988 -0.496127 14.3751 
0 0 6.5 1 0.329434 -0.0462417 15.1849 
10 0 0 1 -0.383207 -0.444168 14.2709 
10 0 6.5 1 -0.329264 0.00603565 15.0807 
10 10 0 1 -0.234395 -0.313009 24.1925 
10 10 6.5 1 -0.206678 -0.0457061 25.0023 
0 10 0 1 0.176871 -0.344313 24.2966 
0 10 6.5 1 0.191208 -0.0771098 25.1064 
0 5 10 1 0.251312 0.104126 20.5817 
10 5 10 1 -0.234185 0.14339 20.4775 
0 6 0 1 0.215373 -0.387256 20.328 
0 8 0 1 0.19441 -0.363875 22.3123 
0 8 5 1 0.206006 -0.138345 22.9352 
0 6 5 1 0.227444 -0.13967 20.9509 
0 2 2.5 1 0.279073 -0.294266 16.6709 
0 4 2.5 1 0.247225 -0.276193 18.6552 
0 4 5 1 0.253369 -0.141272 18.9666 
0 2 5 1 0.285351 -0.143249 16.9823 
0.5 0.5 -0.5 1 0.266963 -0.516662 14.8037 
0.5 0.5 6 1 0.285344 -0.0780606 15.6135 
10.5 0.5 -0.5 1 -0.40926 -0.466363 14.6995 
10.5 0.5 6 1 -0.355447 -0.0274416 15.5093 
10.5 10.5 -0.5 1 -0.252539 -0.328543 24.621 
10.5 10.5 6 1 -0.224712 -0.0652506 25.4308 
0.5 10.5 -0.5 1 0.151674 -0.35924 24.7252 
0.5 10.5 6 1 0.166569 -0.0960475 25.535 
0.5 5.5 9.5 1 0.220141 0.0774127 21.0103 
10.5 5.5 9.5 1 -0.255558 0.115739 20.9061 
0.5 6.5 -0.5 1 0.184564 -0.404149 20.7566 
0.5 8.5 -0.5 1 0.166684 -0.379735 22.7409 
0.5 8.5 4.5 1 0.178806 -0.157919 23.3638 
0.5 6.5 4.5 1 0.197291 -0.161035 21.3795 
0.5 2.5 2 1 0.240078 -0.317103 17.0994 
0.5 4.5 2 1 0.212999 -0.297062 19.0837 
0.5 4.5 4.5 1 0.219557 -0.164787 19.3952 
0.5 2.5 4.5 1 0.246898 -0.169396 17.4109 
