0 0 0 1 -0.123565 -0.033863 26.3497 
0 0 6.5 1 -0.123553 0.218511 25.0967 
10 0 0 1 0.266792 -0.0588148 24.7133 
10 0 6.5 1 0.287655 0.209831 23.4602 
10 10 0 1 0.324497 -0.220315 15.0383 
10 10 6.5 1 0.365247 0.222196 13.7852 
0 10 0 1 -0.298017 -0.165036 16.6747 
0 10 6.5 1 -0.312172 0.235011 15.4217 
0 5 10 1 -0.197808 0.407845 19.5844 
10 5 10 1 0.332921 0.413761 17.948 
0 6 0 1 -0.208519 -0.0977416 20.5447 
0 8 0 1 -0.248615 -0.12789 18.6097 
0 8 5 1 -0.255433 0.14308 17.6458 
0 6 5 1 -0.212689 0.147935 19.5808 
0 2 2.5 1 -0.14787 0.0496461 23.9328 
0 4 2.5 1 -0.176455 0.0371055 21.9978 
0 4 5 1 -0.177634 0.151917 21.5158 
0 2 5 1 -0.148364 0.155242 23.4508 
0.5 0.5 -0.5 1 -0.110548 -0.0581054 25.8805 
0.5 0.5 6 1 -0.109874 0.197844 24.6275 
10.5 0.5 -0.5 1 0.288242 -0.0851765 24.2441 
10.5 0.5 6 1 0.310699 0.187515 22.9911 
10.5 10.5 -0.5 1 0.362049 -0.269384 14.5691 
10.5 10.5 6 1 0.407769 0.184101 13.3161 
0.5 10.5 -0.5 1 -0.28228 -0.20755 16.2055 
0.5 10.5 6 1 -0.29556 0.201487 14.9525 
0.5 5.5 9.5 1 -0.182006 0.385864 19.1153 
10.5 5.5 9.5 1 0.364448 0.389881 17.4788 
0.5 6.5 -0.5 1 -0.193724 -0.130487 20.0755 
0.5 8.5 -0.5 1 -0.233279 -0.164908 18.1405 
0.5 8.5 4.5 1 -0.239422 0.111386 17.1766 
0.5 6.5 4.5 1 -0.19725 0.119569 19.1116 
0.5 2.5 2 1 -0.133998 0.0245764 23.4636 
0.5 4.5 2 1 -0.16196 0.00950915 21.5286 
0.5 4.5 4.5 1 -0.162833 0.126248 21.0466 
0.5 2.5 4.5 1 -0.134212 0.131802 22.9816 
