0 0 0 1 0.289094 -0.416179 18.7874 
0 0 6.5 1 0.256818 -0.0715462 19.9097 
10 0 0 1 0.562706 -0.683355 8.94248 
10 0 6.5 1 0.468348 0.0281753 10.0648 
10 10 0 1 -0.534822 -0.720052 9.25174 
10 10 6.5 1 -0.507632 -0.0257632 10.3741 
0 10 0 1 -0.238192 -0.438284 19.0967 
0 10 6.5 1 -0.240707 -0.0976959 20.219 
0 5 10 1 -0.00232982 0.0843442 20.6687 
10 5 10 1 -0.0413452 0.318866 10.8237 
0 6 0 1 -0.0293403 -0.429528 18.973 
0 8 0 1 -0.134106 -0.433921 19.0348 
0 8 5 1 -0.140587 -0.167894 19.8982 
0 6 5 1 -0.0404014 -0.162864 19.8363 
0 2 2.5 1 0.171826 -0.283684 19.2809 
0 4 2.5 1 0.0680853 -0.288472 19.3428 
0 4 5 1 0.0604108 -0.157802 19.7745 
0 2 5 1 0.161856 -0.152708 19.7126 
0.5 0.5 -0.5 1 0.270893 -0.452854 18.2243 
0.5 0.5 6 1 0.238733 -0.0960626 19.3466 
10.5 0.5 -0.5 1 0.541508 -0.781075 8.37936 
10.5 0.5 6 1 0.444061 -0.0158333 9.50167 
10.5 10.5 -0.5 1 -0.626397 -0.816672 8.68863 
10.5 10.5 6 1 -0.587171 -0.0714805 9.81094 
0.5 10.5 -0.5 1 -0.27211 -0.475019 18.5336 
0.5 10.5 6 1 -0.27276 -0.122576 19.6559 
0.5 5.5 9.5 1 -0.02699 0.0651193 20.1056 
10.5 5.5 9.5 1 -0.0918077 0.294066 10.2606 
0.5 6.5 -0.5 1 -0.0570981 -0.466242 18.4099 
0.5 8.5 -0.5 1 -0.164964 -0.470645 18.4717 
0.5 8.5 4.5 1 -0.170256 -0.195232 19.335 
0.5 6.5 4.5 1 -0.067239 -0.190142 19.2732 
0.5 2.5 2 1 0.150577 -0.315406 18.7178 
0.5 4.5 2 1 0.0437955 -0.320233 18.7797 
0.5 4.5 4.5 1 0.0364418 -0.18502 19.2113 
0.5 2.5 4.5 1 0.140792 -0.179864 19.1495 
