0 0 0 1 -0.0676508 -0.244626 9.89171 
0 0 6.5 1 -0.0993734 0.457259 8.65901 
10 0 0 1 -0.248174 -0.0422752 18.9027 
10 0 6.5 1 -0.276313 0.315794 17.67 
10 10 0 1 0.19558 0.0100352 22.8022 
10 10 6.5 1 0.197889 0.306359 21.5695 
0 10 0 1 0.615001 -0.100921 13.7912 
0 10 6.5 1 0.660135 0.397129 12.5585 
0 5 10 1 0.363189 0.795205 9.94501 
10 5 10 1 -0.0216318 0.50269 18.956 
0 6 0 1 0.394173 -0.147407 12.2314 
0 8 0 1 0.511205 -0.122771 13.0113 
0 8 5 1 0.539191 0.274361 12.0631 
0 6 5 1 0.414258 0.275104 11.2832 
0 2 2.5 1 0.106634 0.0234715 10.1975 
0 4 2.5 1 0.265779 0.0405322 10.9774 
0 4 5 1 0.270771 0.275958 10.5033 
0 2 5 1 0.104267 0.276949 9.72338 
0.5 0.5 -0.5 1 -0.0374364 -0.261289 10.6321 
0.5 0.5 6 1 -0.0626978 0.383125 9.39936 
10.5 0.5 -0.5 1 -0.225016 -0.0589213 19.643 
10.5 0.5 6 1 -0.250473 0.283634 18.4103 
10.5 10.5 -0.5 1 0.200947 -0.00549859 23.5425 
10.5 10.5 6 1 0.203476 0.280133 22.3098 
0.5 10.5 -0.5 1 0.602328 -0.120434 14.5316 
0.5 10.5 6 1 0.643775 0.34808 13.2989 
0.5 5.5 9.5 1 0.363402 0.706579 10.6854 
10.5 5.5 9.5 1 -0.00705181 0.465605 19.6963 
0.5 6.5 -0.5 1 0.39258 -0.166614 12.9718 
0.5 8.5 -0.5 1 0.503402 -0.142215 13.7517 
0.5 8.5 4.5 1 0.529191 0.230514 12.8034 
0.5 6.5 4.5 1 0.411302 0.228367 12.0235 
0.5 2.5 2 1 0.124207 -0.0108729 10.9378 
0.5 4.5 2 1 0.272127 0.00739582 11.7177 
0.5 4.5 4.5 1 0.277059 0.225923 11.2436 
0.5 2.5 4.5 1 0.122804 0.223114 10.4637 
