0 0 0 1 -0.0328987 -0.0535243 26.1345 
0 0 6.5 1 -0.0122716 0.198117 25.447 
10 0 0 1 0.371831 -0.11696 22.1853 
10 0 6.5 1 0.409191 0.178879 21.4978 
10 10 0 1 0.322358 -0.246996 13.0592 
10 10 6.5 1 0.384526 0.259844 12.3717 
0 10 0 1 -0.288047 -0.11933 17.0085 
0 10 6.5 1 -0.266633 0.270247 16.321 
0 5 10 1 -0.0993076 0.399436 20.5138 
10 5 10 1 0.426923 0.422466 16.5646 
0 6 0 1 -0.158937 -0.0860311 20.6589 
0 8 0 1 -0.217236 -0.101067 18.8337 
0 8 5 1 -0.200503 0.166657 18.3048 
0 6 5 1 -0.14219 0.157813 20.13 
0 2 2.5 1 -0.060599 0.0395947 24.0449 
0 4 2.5 1 -0.101936 0.0371695 22.2197 
0 4 5 1 -0.0935722 0.150439 21.9552 
0 2 5 1 -0.0524175 0.144198 23.7805 
0.5 0.5 -0.5 1 -0.0253952 -0.0777633 25.5336 
0.5 0.5 6 1 -0.00406159 0.179293 24.8461 
10.5 0.5 -0.5 1 0.391974 -0.1474 21.5844 
10.5 0.5 6 1 0.431071 0.155945 20.8969 
10.5 10.5 -0.5 1 0.354871 -0.306006 12.4584 
10.5 10.5 6 1 0.422112 0.223261 11.7709 
0.5 10.5 -0.5 1 -0.285714 -0.159461 16.4076 
0.5 10.5 6 1 -0.26338 0.243252 15.7201 
0.5 5.5 9.5 1 -0.0916901 0.382023 19.9129 
10.5 5.5 9.5 1 0.456232 0.401613 15.9637 
0.5 6.5 -0.5 1 -0.153161 -0.117861 20.058 
0.5 8.5 -0.5 1 -0.212802 -0.136579 18.2328 
0.5 8.5 4.5 1 -0.19537 0.139171 17.7039 
0.5 6.5 4.5 1 -0.135742 0.132624 19.5292 
0.5 2.5 2 1 -0.0531366 0.015582 23.444 
0.5 4.5 2 1 -0.0949925 0.011062 21.6188 
0.5 4.5 4.5 1 -0.0863074 0.127196 21.3544 
0.5 2.5 4.5 1 -0.0446579 0.122623 23.1796 
