0 0 0 1 -0.580945 -0.28147 10.8404 
0 0 6.5 1 -0.538347 0.32393 10.5292 
10 0 0 1 -0.25085 -0.128935 20.7743 
10 0 6.5 1 -0.22391 0.184892 20.463 
10 10 0 1 0.237317 -0.187144 19.7302 
10 10 6.5 1 0.273531 0.142622 19.4189 
0 10 0 1 0.367056 -0.414961 9.79641 
0 10 6.5 1 0.445456 0.252695 9.48511 
0 5 10 1 -0.0388927 0.648741 9.83951 
10 5 10 1 0.0355933 0.341674 19.7733 
0 6 0 1 -0.0354001 -0.35829 10.214 
0 8 0 1 0.161629 -0.386034 10.0052 
0 8 5 1 0.215165 0.113497 9.76576 
0 6 5 1 0.0122858 0.131451 9.97457 
0 2 2.5 1 -0.387839 -0.0731227 10.5119 
0 4 2.5 1 -0.20365 -0.0942855 10.3031 
0 4 5 1 -0.182274 0.148668 10.1834 
0 2 5 1 -0.369015 0.165193 10.3922 
0.5 0.5 -0.5 1 -0.512616 -0.3166 11.3089 
0.5 0.5 6 1 -0.469899 0.262019 10.9976 
10.5 0.5 -0.5 1 -0.221753 -0.151 21.2427 
10.5 0.5 6 1 -0.194983 0.155475 20.9314 
10.5 10.5 -0.5 1 0.256597 -0.209 20.1987 
10.5 10.5 6 1 0.292259 0.112656 19.8874 
0.5 10.5 -0.5 1 0.399073 -0.447572 10.2648 
0.5 10.5 6 1 0.474784 0.187642 9.95355 
0.5 5.5 9.5 1 0.0114382 0.567927 10.3079 
10.5 5.5 9.5 1 0.0595001 0.307626 20.2418 
0.5 6.5 -0.5 1 0.013013 -0.392111 10.6825 
0.5 8.5 -0.5 1 0.202195 -0.419289 10.4737 
0.5 8.5 4.5 1 0.25423 0.0566003 10.2342 
0.5 6.5 4.5 1 0.05967 0.0748858 10.443 
0.5 2.5 2 1 -0.325704 -0.118192 10.9803 
0.5 4.5 2 1 -0.14832 -0.139308 10.7715 
0.5 4.5 4.5 1 -0.127262 0.0924544 10.6518 
0.5 2.5 4.5 1 -0.307007 0.109348 10.8606 
