0 0 0 1 0.29204 -0.346282 15.4419 
0 0 6.5 1 0.325021 0.0704778 15.7942 
10 0 0 1 -0.37943 -0.30681 14.0865 
10 0 6.5 1 -0.326972 0.148111 14.4387 
10 10 0 1 -0.281392 -0.19708 23.9794 
10 10 6.5 1 -0.251682 0.0712882 24.3316 
0 10 0 1 0.122634 -0.227009 25.3348 
0 10 6.5 1 0.145236 0.0276078 25.6871 
0 5 10 1 0.227801 0.209736 20.9303 
10 5 10 1 -0.259852 0.276642 19.5749 
0 6 0 1 0.171581 -0.261471 21.3777 
0 8 0 1 0.145034 -0.242781 23.3562 
0 8 5 1 0.163679 -0.0296651 23.6272 
0 6 5 1 0.191598 -0.0286442 21.6486 
0 2 2.5 1 0.254558 -0.167651 17.556 
0 4 2.5 1 0.214413 -0.154807 19.5346 
0 4 5 1 0.225133 -0.0274179 19.6701 
0 2 5 1 0.26617 -0.0259174 17.6915 
0.5 0.5 -0.5 1 0.246111 -0.366952 15.8417 
0.5 0.5 6 1 0.279276 0.039969 16.194 
10.5 0.5 -0.5 1 -0.411126 -0.330503 14.4863 
10.5 0.5 6 1 -0.359329 0.112724 14.8385 
10.5 10.5 -0.5 1 -0.301834 -0.212958 24.3791 
10.5 10.5 6 1 -0.272313 0.0512981 24.7314 
0.5 10.5 -0.5 1 0.0969923 -0.241586 25.7346 
0.5 10.5 6 1 0.119594 0.0093258 26.0869 
0.5 5.5 9.5 1 0.194893 0.183963 21.3301 
10.5 5.5 9.5 1 -0.285232 0.247781 19.9746 
0.5 6.5 -0.5 1 0.140382 -0.278064 21.7774 
0.5 8.5 -0.5 1 0.11688 -0.258306 23.756 
0.5 8.5 4.5 1 0.135532 -0.0485615 24.027 
0.5 6.5 4.5 1 0.160419 -0.0492548 22.0484 
0.5 2.5 2 1 0.214871 -0.189865 17.9558 
0.5 4.5 2 1 0.179471 -0.175073 19.9344 
0.5 4.5 4.5 1 0.190213 -0.0500849 20.0698 
0.5 2.5 4.5 1 0.226523 -0.0510965 18.0913 
