0 0 0 1 -0.189286 -0.0134013 25.6156 
0 0 6.5 1 -0.205584 0.247619 24.3652 
10 0 0 1 0.201786 -0.00438673 25.5128 
10 0 6.5 1 0.205572 0.258204 24.2625 
10 10 0 1 0.324317 -0.129774 15.7001 
10 10 6.5 1 0.341277 0.30029 14.4498 
0 10 0 1 -0.310385 -0.14357 15.8029 
0 10 6.5 1 -0.348078 0.282271 14.5525 
0 5 10 1 -0.272743 0.452691 18.7856 
10 5 10 1 0.260835 0.467565 18.6828 
0 6 0 1 -0.247489 -0.0759637 19.728 
0 8 0 1 -0.275463 -0.106033 17.7654 
0 8 5 1 -0.298574 0.179803 16.8036 
0 6 5 1 -0.26675 0.181521 18.7662 
0 2 2.5 1 -0.212394 0.0744058 23.1722 
0 4 2.5 1 -0.232578 0.0631333 21.2096 
0 4 5 1 -0.240951 0.182914 20.7287 
0 2 5 1 -0.219615 0.184066 22.6912 
0.5 0.5 -0.5 1 -0.172085 -0.0364252 25.216 
0.5 0.5 6 1 -0.187758 0.227746 23.9656 
10.5 0.5 -0.5 1 0.225279 -0.0273614 25.1132 
10.5 0.5 6 1 0.23036 0.238423 23.8629 
10.5 10.5 -0.5 1 0.366077 -0.170757 15.3005 
10.5 10.5 6 1 0.387237 0.26789 14.0502 
0.5 10.5 -0.5 1 -0.285368 -0.184639 15.4033 
0.5 10.5 6 1 -0.321915 0.249598 14.1529 
0.5 5.5 9.5 1 -0.250967 0.431244 18.386 
10.5 5.5 9.5 1 0.294396 0.446322 18.2833 
0.5 6.5 -0.5 1 -0.226252 -0.107294 19.3284 
0.5 8.5 -0.5 1 -0.25247 -0.141596 17.3658 
0.5 8.5 4.5 1 -0.274796 0.149118 16.404 
0.5 6.5 4.5 1 -0.24482 0.154152 18.3666 
0.5 2.5 2 1 -0.193754 0.0504523 22.7726 
0.5 4.5 2 1 -0.212567 0.0367043 20.81 
0.5 4.5 4.5 1 -0.220631 0.158214 20.3291 
0.5 2.5 4.5 1 -0.200702 0.161561 22.2917 
