0 0 0 1 -0.438346 -0.431024 19.3538 
0 0 6.5 1 -0.450976 -0.0948932 20.0322 
10 0 0 1 -0.00318944 -0.330808 24.7704 
10 0 6.5 1 -0.0247321 -0.0688929 25.4489 
10 10 0 1 0.320951 -0.417444 16.4295 
10 10 6.5 1 0.276051 -0.0243966 17.1079 
0 10 0 1 -0.284356 -0.63617 11.0129 
0 10 6.5 1 -0.314934 -0.0483311 11.6913 
0 5 10 1 -0.41008 0.137749 16.2271 
10 5 10 1 0.0808672 0.110098 21.6437 
0 6 0 1 -0.367435 -0.525492 14.3493 
0 8 0 1 -0.33136 -0.573551 12.6811 
0 8 5 1 -0.35033 -0.175614 13.2029 
0 6 5 1 -0.383011 -0.17388 14.8711 
0 2 2.5 1 -0.424869 -0.311896 17.9466 
0 4 2.5 1 -0.402652 -0.327446 16.2784 
0 4 5 1 -0.409099 -0.172496 16.5393 
0 2 5 1 -0.430407 -0.171366 18.2075 
0.5 0.5 -0.5 1 -0.404767 -0.457481 19.1554 
0.5 0.5 6 1 -0.418673 -0.117083 19.8338 
10.5 0.5 -0.5 1 0.0265005 -0.350624 24.572 
10.5 0.5 6 1 0.00399091 -0.0861185 25.2505 
10.5 10.5 -0.5 1 0.36986 -0.448502 16.2311 
10.5 10.5 6 1 0.322471 -0.049597 16.9095 
0.5 10.5 -0.5 1 -0.222055 -0.686797 10.8145 
0.5 10.5 6 1 -0.256838 -0.0858216 11.4929 
0.5 5.5 9.5 1 -0.369601 0.11317 16.0287 
10.5 5.5 9.5 1 0.115664 0.0914721 21.4453 
0.5 6.5 -0.5 1 -0.320987 -0.562631 14.1509 
0.5 8.5 -0.5 1 -0.278132 -0.616417 12.4827 
0.5 8.5 4.5 1 -0.299527 -0.210688 13.0045 
0.5 6.5 4.5 1 -0.338426 -0.204943 14.6727 
0.5 2.5 2 1 -0.388478 -0.339119 17.7482 
0.5 4.5 2 1 -0.362211 -0.357685 16.08 
0.5 4.5 4.5 1 -0.369382 -0.200372 16.3409 
0.5 2.5 4.5 1 -0.394604 -0.196647 18.0091 
