0 0 0 1 -0.44112 -0.371826 10.4502 
0 0 6.5 1 -0.434908 0.265564 9.5433 
10 0 0 1 -0.252635 -0.12059 20.3328 
10 0 6.5 1 -0.240784 0.204267 19.426 
10 10 0 1 0.230224 -0.14683 20.9547 
10 10 6.5 1 0.263551 0.166764 20.0478 
0 10 0 1 0.483316 -0.407378 11.072 
0 10 6.5 1 0.571622 0.187849 10.1651 
0 5 10 1 0.115036 0.606334 9.3659 
10 5 10 1 0.0285948 0.369513 19.2485 
0 6 0 1 0.126288 -0.393647 10.8233 
0 8 0 1 0.30683 -0.40059 10.9477 
0 8 5 1 0.362184 0.0539453 10.2501 
0 6 5 1 0.169883 0.0669496 10.1257 
0 2 2.5 1 -0.238702 -0.150736 10.2258 
0 4 2.5 1 -0.0433514 -0.160999 10.3501 
0 4 5 1 -0.0271991 0.0802772 10.0013 
0 2 5 1 -0.229245 0.0939406 9.87695 
0.5 0.5 -0.5 1 -0.377849 -0.392846 11.0452 
0.5 0.5 6 1 -0.366342 0.205257 10.1383 
10.5 0.5 -0.5 1 -0.224601 -0.138826 20.9278 
10.5 0.5 6 1 -0.211833 0.17555 20.0209 
10.5 10.5 -0.5 1 0.244118 -0.163816 21.5497 
10.5 10.5 6 1 0.277094 0.139993 20.6428 
0.5 10.5 -0.5 1 0.49607 -0.425465 11.667 
0.5 10.5 6 1 0.580568 0.135325 10.7601 
0.5 5.5 9.5 1 0.151973 0.524598 9.96088 
10.5 5.5 9.5 1 0.0497279 0.335585 19.8435 
0.5 6.5 -0.5 1 0.157924 -0.412844 11.4183 
0.5 8.5 -0.5 1 0.328819 -0.419222 11.5426 
0.5 8.5 4.5 1 0.38255 0.00917831 10.845 
0.5 6.5 4.5 1 0.201159 0.0209415 10.7207 
0.5 2.5 2 1 -0.185249 -0.184349 10.8207 
0.5 4.5 2 1 -0.00112581 -0.193672 10.9451 
0.5 4.5 4.5 1 0.0155095 0.0329809 10.5963 
0.5 2.5 4.5 1 -0.174549 0.0453062 10.4719 
