0 0 0 1 -0.153231 -0.0257306 26.1017 
0 0 6.5 1 -0.160888 0.229695 24.8105 
10 0 0 1 0.236534 -0.0345879 25.1794 
10 0 6.5 1 0.24965 0.230221 23.8882 
10 10 0 1 0.325001 -0.184634 15.4222 
10 10 6.5 1 0.355257 0.24931 14.131 
0 10 0 1 -0.302434 -0.162022 16.3445 
0 10 6.5 1 -0.327852 0.247273 15.0533 
0 5 10 1 -0.23181 0.423193 19.2366 
10 5 10 1 0.300102 0.433624 18.3143 
0 6 0 1 -0.225497 -0.0917424 20.2474 
0 8 0 1 -0.259862 -0.123134 18.296 
0 8 5 1 -0.274429 0.15301 17.3027 
0 6 5 1 -0.236814 0.158033 19.2542 
0 2 2.5 1 -0.17694 0.0584792 23.6537 
0 4 2.5 1 -0.201545 0.0455223 21.7022 
0 4 5 1 -0.206122 0.162132 21.2056 
0 2 5 1 -0.180603 0.16554 23.157 
0.5 0.5 -0.5 1 -0.138295 -0.0494968 25.6671 
0.5 0.5 6 1 -0.145296 0.209224 24.3758 
10.5 0.5 -0.5 1 0.258873 -0.0593955 24.7448 
10.5 0.5 6 1 0.273462 0.208955 23.4535 
10.5 10.5 -0.5 1 0.36445 -0.229943 14.9876 
10.5 10.5 6 1 0.399386 0.2135 13.6963 
0.5 10.5 -0.5 1 -0.282413 -0.204087 15.9099 
0.5 10.5 6 1 -0.306818 0.213662 14.6186 
0.5 5.5 9.5 1 -0.213236 0.401127 18.802 
10.5 5.5 9.5 1 0.332565 0.410673 17.8796 
0.5 6.5 -0.5 1 -0.207732 -0.123979 19.8128 
0.5 8.5 -0.5 1 -0.240993 -0.159657 17.8613 
0.5 8.5 4.5 1 -0.254824 0.121452 16.8681 
0.5 6.5 4.5 1 -0.218373 0.129864 18.8195 
0.5 2.5 2 1 -0.160872 0.0337835 23.219 
0.5 4.5 2 1 -0.184506 0.0182959 21.2676 
0.5 4.5 4.5 1 -0.188772 0.136695 20.7709 
0.5 2.5 4.5 1 -0.164255 0.142353 22.7224 
