0 0 0 1 0.257346 -0.0745157 18.3077 
0 0 6.5 1 0.252803 0.292272 17.231 
10 0 0 1 -0.134075 -0.284032 10.5789 
10 0 6.5 1 -0.186666 0.35735 9.50218 
10 10 0 1 -0.556766 -0.144389 16.7044 
10 10 6.5 1 -0.617865 0.255215 15.6277 
0 10 0 1 -0.129768 -0.0315718 24.4332 
0 10 6.5 1 -0.150965 0.241001 23.3565 
0 5 10 1 0.0113448 0.445312 19.714 
10 5 10 1 -0.492786 0.595598 11.9852 
0 6 0 1 -0.000810528 -0.0458775 21.983 
0 8 0 1 -0.0686929 -0.0383471 23.2081 
0 8 5 1 -0.08345 0.180224 22.3799 
0 6 5 1 -0.0137646 0.185056 21.1548 
0 2 2.5 1 0.156827 0.063604 19.1187 
0 4 2.5 1 0.0698941 0.0656017 20.3438 
0 4 5 1 0.0644881 0.190483 19.9297 
0 2 5 1 0.152991 0.19662 18.7046 
0.5 0.5 -0.5 1 0.22054 -0.104254 18.3103 
0.5 0.5 6 1 0.213697 0.260619 17.2336 
10.5 0.5 -0.5 1 -0.197667 -0.335439 10.5815 
10.5 0.5 6 1 -0.257447 0.29994 9.50484 
10.5 10.5 -0.5 1 -0.596975 -0.176971 16.707 
10.5 10.5 6 1 -0.660834 0.220321 15.6303 
0.5 10.5 -0.5 1 -0.157306 -0.0538602 24.4358 
0.5 10.5 6 1 -0.17977 0.217655 23.3591 
0.5 5.5 9.5 1 -0.0228032 0.417625 19.7166 
10.5 5.5 9.5 1 -0.548839 0.550027 11.9878 
0.5 6.5 -0.5 1 -0.0314329 -0.0706481 21.9856 
0.5 8.5 -0.5 1 -0.0976912 -0.0618111 23.2107 
0.5 8.5 4.5 1 -0.11352 0.155865 22.3825 
0.5 6.5 4.5 1 -0.0455841 0.159287 21.1574 
0.5 2.5 2 1 0.121595 0.0351075 19.1213 
0.5 4.5 2 1 0.0367954 0.0388208 20.3464 
0.5 4.5 4.5 1 0.0307025 0.163129 19.9323 
0.5 2.5 4.5 1 0.116981 0.167474 18.7072 
