0 0 0 1 -0.329684 -0.233 22.6655 
0 0 6.5 1 -0.361595 0.0527563 22.4287 
10 0 0 1 0.0721215 -0.162553 26.0506 
10 0 6.5 1 0.0480803 0.0863759 25.8139 
10 10 0 1 0.317362 -0.254874 16.6481 
10 10 6.5 1 0.283085 0.135344 16.4113 
0 10 0 1 -0.306704 -0.398825 13.2629 
0 10 6.5 1 -0.361232 0.090182 13.0262 
0 5 10 1 -0.383589 0.26476 17.6 
10 5 10 1 0.123902 0.271918 20.9851 
0 6 0 1 -0.318942 -0.310514 17.024 
0 8 0 1 -0.313583 -0.349186 15.1434 
0 8 5 1 -0.350186 -0.0210765 14.9613 
0 6 5 1 -0.351516 -0.0186218 16.8418 
0 2 2.5 1 -0.34004 -0.135136 20.6939 
0 4 2.5 1 -0.337836 -0.148734 18.8134 
0 4 5 1 -0.352579 -0.0166603 18.7223 
0 2 5 1 -0.353447 -0.0150568 20.6029 
0.5 0.5 -0.5 1 -0.303161 -0.255839 22.3828 
0.5 0.5 6 1 -0.335196 0.0333195 22.1461 
10.5 0.5 -0.5 1 0.0995677 -0.18162 25.768 
10.5 0.5 6 1 0.0755149 0.0698884 25.5312 
10.5 10.5 -0.5 1 0.364813 -0.286489 16.3654 
10.5 10.5 6 1 0.330632 0.110103 16.1286 
0.5 10.5 -0.5 1 -0.260468 -0.44182 12.9803 
0.5 10.5 6 1 -0.315346 0.0572343 12.7435 
0.5 5.5 9.5 1 -0.350188 0.243364 17.3173 
10.5 5.5 9.5 1 0.158771 0.254118 20.7024 
0.5 6.5 -0.5 1 -0.2833 -0.342359 16.7413 
0.5 8.5 -0.5 1 -0.273329 -0.385796 14.8608 
0.5 8.5 4.5 1 -0.310137 -0.051823 14.6787 
0.5 6.5 4.5 1 -0.316038 -0.0458347 16.5592 
0.5 2.5 2 1 -0.311099 -0.158826 20.4113 
0.5 4.5 2 1 -0.305924 -0.175036 18.5308 
0.5 4.5 4.5 1 -0.320735 -0.0410679 18.4397 
0.5 2.5 4.5 1 -0.324563 -0.0371833 20.3202 
