0 0 0 1 0.0524377 -0.322441 24.4332 
0 0 6.5 1 0.0751574 -0.0571578 24.9488 
10 0 0 1 0.49481 -0.449561 17.9196 
10 0 6.5 1 0.513186 -0.0869921 18.4352 
10 10 0 1 0.232818 -0.66122 10.3735 
10 10 6.5 1 0.276332 -0.0373699 10.8891 
0 10 0 1 -0.306177 -0.395655 16.8871 
0 10 6.5 1 -0.262981 -0.0131719 17.4027 
0 5 10 1 -0.0480567 0.123368 21.4534 
10 5 10 1 0.438736 0.165262 14.9398 
0 6 0 1 -0.130103 -0.359708 19.9056 
0 8 0 1 -0.210918 -0.376207 18.3964 
0 8 5 1 -0.182159 -0.104165 18.793 
0 6 5 1 -0.105061 -0.108211 20.3022 
0 2 2.5 1 0.00948421 -0.223043 23.1223 
0 4 2.5 1 -0.0495551 -0.227543 21.6131 
0 4 5 1 -0.0386325 -0.111698 21.8114 
0 2 5 1 0.0191979 -0.114733 23.3206 
0.5 0.5 -0.5 1 0.0545464 -0.351348 23.6906 
0.5 0.5 6 1 0.0779182 -0.0773105 24.2062 
10.5 0.5 -0.5 1 0.516845 -0.494926 17.177 
10.5 0.5 6 1 0.535349 -0.115816 17.6925 
10.5 10.5 -0.5 1 0.251914 -0.758451 9.63087 
10.5 10.5 6 1 0.297643 -0.0839995 10.1464 
0.5 10.5 -0.5 1 -0.319579 -0.441441 16.1445 
0.5 10.5 6 1 -0.274043 -0.040492 16.6601 
0.5 5.5 9.5 1 -0.0492481 0.106288 20.7107 
10.5 5.5 9.5 1 0.462462 0.142536 14.1971 
0.5 6.5 -0.5 1 -0.134571 -0.396889 19.1629 
0.5 8.5 -0.5 1 -0.219167 -0.417261 17.6537 
0.5 8.5 4.5 1 -0.189043 -0.133124 18.0503 
0.5 6.5 4.5 1 -0.108487 -0.13509 19.5595 
0.5 2.5 2 1 0.0102911 -0.250345 22.3797 
0.5 4.5 2 1 -0.0507907 -0.25698 20.8704 
0.5 4.5 4.5 1 -0.0394715 -0.136774 21.0687 
0.5 2.5 4.5 1 0.0203172 -0.138233 22.578 
