0 0 0 1 0.257778 -0.0338621 17.9157 
0 0 6.5 1 0.275677 0.346684 16.6263 
10 0 0 1 -0.247035 -0.173869 11.3572 
10 0 6.5 1 -0.282131 0.436646 10.0678 
10 10 0 1 -0.509907 -0.0288107 18.6408 
10 10 6.5 1 -0.549806 0.336208 17.3514 
0 10 0 1 -0.0825878 0.0329753 25.1993 
0 10 6.5 1 -0.0884973 0.301201 23.9099 
0 5 10 1 0.0620742 0.506457 19.5738 
10 5 10 1 -0.477048 0.656557 13.0152 
0 6 0 1 0.026861 0.0114829 22.2859 
0 8 0 1 -0.031221 0.0228884 23.7426 
0 8 5 1 -0.0337589 0.239289 22.7507 
0 6 5 1 0.026855 0.242156 21.294 
0 2 2.5 1 0.172967 0.112899 18.8765 
0 4 2.5 1 0.0946788 0.118951 20.3332 
0 4 5 1 0.0963711 0.245444 19.8373 
0 2 5 1 0.176906 0.249253 18.3806 
0.5 0.5 -0.5 1 0.216872 -0.0605634 18.0512 
0.5 0.5 6 1 0.23148 0.314853 16.7617 
10.5 0.5 -0.5 1 -0.305336 -0.214158 11.4927 
10.5 0.5 6 1 -0.347334 0.383161 10.2032 
10.5 10.5 -0.5 1 -0.543696 -0.0545173 18.7763 
10.5 10.5 6 1 -0.585777 0.305779 17.4868 
0.5 10.5 -0.5 1 -0.109914 0.0135931 25.3348 
0.5 10.5 6 1 -0.117256 0.279269 24.0453 
0.5 5.5 9.5 1 0.0259541 0.478289 19.7092 
10.5 5.5 9.5 1 -0.525629 0.612795 13.1507 
0.5 6.5 -0.5 1 -0.00467728 -0.0102879 22.4213 
0.5 8.5 -0.5 1 -0.0605058 0.00238106 23.878 
0.5 8.5 4.5 1 -0.0642978 0.216612 22.8862 
0.5 6.5 4.5 1 -0.00614298 0.217919 21.4294 
0.5 2.5 2 1 0.134732 0.0865015 19.0119 
0.5 4.5 2 1 0.0596831 0.0943924 20.4687 
0.5 4.5 4.5 1 0.0604949 0.219417 19.9727 
0.5 2.5 4.5 1 0.137618 0.221151 18.516 
