0 0 0 1 0.0556321 -0.332567 24.3337 
0 0 6.5 1 0.0778845 -0.0660048 24.8886 
10 0 0 1 0.500158 -0.462534 17.7447 
10 0 6.5 1 0.516943 -0.0960526 18.2997 
10 10 0 1 0.228496 -0.678873 10.271 
10 10 6.5 1 0.270793 -0.0483007 10.8259 
0 10 0 1 -0.306914 -0.406747 16.86 
0 10 6.5 1 -0.263559 -0.0234248 17.4149 
0 5 10 1 -0.0471255 0.114105 21.4506 
10 5 10 1 0.43808 0.156959 14.8616 
0 6 0 1 -0.129134 -0.370372 19.8495 
0 8 0 1 -0.210785 -0.387079 18.3547 
0 8 5 1 -0.182047 -0.114118 18.7816 
0 6 5 1 -0.104233 -0.117886 20.2763 
0 2 2.5 1 0.0118409 -0.232727 23.0524 
0 4 2.5 1 -0.047904 -0.237408 21.5577 
0 4 5 1 -0.0371048 -0.121136 21.7711 
0 2 5 1 0.0213982 -0.123968 23.2658 
0.5 0.5 -0.5 1 0.0575895 -0.361742 23.5879 
0.5 0.5 6 1 0.0804844 -0.0862748 24.1428 
10.5 0.5 -0.5 1 0.522378 -0.50872 16.9989 
10.5 0.5 6 1 0.539174 -0.125208 17.5538 
10.5 10.5 -0.5 1 0.246878 -0.778238 9.5252 
10.5 10.5 6 1 0.291293 -0.0955392 10.0801 
0.5 10.5 -0.5 1 -0.320828 -0.452887 16.1142 
0.5 10.5 6 1 -0.275071 -0.0508778 16.6691 
0.5 5.5 9.5 1 -0.048597 0.0969574 20.7048 
10.5 5.5 9.5 1 0.461558 0.134071 14.1158 
0.5 6.5 -0.5 1 -0.13393 -0.407871 19.1037 
0.5 8.5 -0.5 1 -0.219447 -0.428469 17.6089 
0.5 8.5 4.5 1 -0.189315 -0.143242 18.0358 
0.5 6.5 4.5 1 -0.107974 -0.144924 19.5305 
0.5 2.5 2 1 0.0124466 -0.26024 22.3066 
0.5 4.5 2 1 -0.0493958 -0.267065 20.8118 
0.5 4.5 4.5 1 -0.0381984 -0.146367 21.0253 
0.5 2.5 4.5 1 0.0223147 -0.147619 22.52 
