0 0 0 1 -0.35814 -0.319236 21.697 
0 0 6.5 1 -0.386847 -0.0211 21.7621 
10 0 0 1 0.0513679 -0.235061 25.7641 
10 0 6.5 1 0.0261477 0.0159172 25.8293 
10 10 0 1 0.32241 -0.334322 16.6291 
10 10 6.5 1 0.282332 0.0543779 16.6943 
0 10 0 1 -0.297134 -0.511845 12.562 
0 10 6.5 1 -0.346925 0.00296888 12.6271 
0 5 10 1 -0.391684 0.189877 17.2297 
10 5 10 1 0.110128 0.194481 21.2969 
0 6 0 1 -0.329784 -0.408761 16.216 
0 8 0 1 -0.315532 -0.453759 14.389 
0 8 5 1 -0.348962 -0.107645 14.4391 
0 6 5 1 -0.359416 -0.101661 16.2661 
0 2 2.5 1 -0.362513 -0.21813 19.8951 
0 4 2.5 1 -0.354473 -0.234689 18.0681 
0 4 5 1 -0.367758 -0.0968857 18.0931 
0 2 5 1 -0.37457 -0.0929863 19.9201 
0.5 0.5 -0.5 1 -0.329504 -0.343101 21.4386 
0.5 0.5 6 1 -0.358643 -0.0413098 21.5037 
10.5 0.5 -0.5 1 0.079586 -0.254268 25.5057 
10.5 0.5 6 1 0.0540391 -0.000704037 25.5709 
10.5 10.5 -0.5 1 0.370652 -0.365812 16.3707 
10.5 10.5 6 1 0.329753 0.0291233 16.4359 
0.5 10.5 -0.5 1 -0.245957 -0.557474 12.3036 
0.5 10.5 6 1 -0.297057 -0.0316642 12.3687 
0.5 5.5 9.5 1 -0.356022 0.167483 16.9713 
10.5 5.5 9.5 1 0.14506 0.176473 21.0385 
0.5 6.5 -0.5 1 -0.290854 -0.442272 15.9576 
0.5 8.5 -0.5 1 -0.271308 -0.492426 14.1306 
0.5 8.5 4.5 1 -0.305503 -0.139868 14.1807 
0.5 6.5 4.5 1 -0.321086 -0.13011 16.0077 
0.5 2.5 2 1 -0.331308 -0.242855 19.6366 
0.5 4.5 2 1 -0.319949 -0.26219 17.8096 
0.5 4.5 4.5 1 -0.333475 -0.122351 17.8347 
0.5 2.5 4.5 1 -0.343563 -0.116034 19.6617 
