0 0 0 1 0.257239 -0.0264971 17.9565 
0 0 6.5 1 0.271034 0.353526 16.6804 
10 0 0 1 -0.230673 -0.174198 11.1696 
10 0 6.5 1 -0.27035 0.447469 9.89347 
10 10 0 1 -0.521695 -0.0348288 18.2466 
10 10 6.5 1 -0.56671 0.338072 16.9704 
0 10 0 1 -0.0928155 0.0333321 25.0335 
0 10 6.5 1 -0.101933 0.303366 23.7573 
0 5 10 1 0.051034 0.511145 19.5317 
10 5 10 1 -0.486384 0.668006 12.7448 
0 6 0 1 0.0204277 0.0139772 22.2027 
0 8 0 1 -0.0395871 0.0242346 23.6181 
0 8 5 1 -0.0446399 0.241844 22.6364 
0 6 5 1 0.0178141 0.245626 21.221 
0 2 2.5 1 0.169102 0.118494 18.8811 
0 4 2.5 1 0.088898 0.123142 20.2965 
0 4 5 1 0.0891946 0.249949 19.8057 
0 2 5 1 0.171563 0.254937 18.3903 
0.5 0.5 -0.5 1 0.216931 -0.0539035 18.0692 
0.5 0.5 6 1 0.22757 0.321487 16.793 
10.5 0.5 -0.5 1 -0.290357 -0.216615 11.2823 
10.5 0.5 6 1 -0.337199 0.392642 10.0061 
10.5 10.5 -0.5 1 -0.556586 -0.061751 18.3592 
10.5 10.5 6 1 -0.603911 0.30668 17.0831 
0.5 10.5 -0.5 1 -0.120212 0.0133707 25.1461 
0.5 10.5 6 1 -0.130751 0.281062 23.87 
0.5 5.5 9.5 1 0.0151402 0.482852 19.6444 
10.5 5.5 9.5 1 -0.536515 0.623405 12.8575 
0.5 6.5 -0.5 1 -0.0110153 -0.00841859 22.3154 
0.5 8.5 -0.5 1 -0.0688699 0.00312585 23.7308 
0.5 8.5 4.5 1 -0.0751612 0.218746 22.7491 
0.5 6.5 4.5 1 -0.0150619 0.220976 21.3337 
0.5 2.5 2 1 0.131279 0.091562 18.9937 
0.5 4.5 2 1 0.0541401 0.0980515 20.4091 
0.5 4.5 4.5 1 0.0535786 0.223523 19.9183 
0.5 2.5 4.5 1 0.132721 0.226459 18.5029 
