0 0 0 1 0.257414 -0.244031 17.3163 
0 0 6.5 1 0.300624 0.133483 16.5225 
10 0 0 1 -0.352427 -0.304478 13.1844 
10 0 6.5 1 -0.333878 0.195054 12.3906 
10 10 0 1 -0.392141 -0.116107 22.2086 
10 10 6.5 1 -0.382881 0.179905 21.4147 
0 10 0 1 0.0149996 -0.105918 26.3405 
0 10 6.5 1 0.0354134 0.142534 25.5467 
0 5 10 1 0.155784 0.309908 20.6071 
10 5 10 1 -0.357733 0.400461 16.4752 
0 6 0 1 0.0888679 -0.148004 22.7308 
0 8 0 1 0.0492169 -0.125413 24.5356 
0 8 5 1 0.0668575 0.0781599 23.925 
0 6 5 1 0.109042 0.0715555 22.1202 
0 2 2.5 1 0.204136 -0.0778615 18.8158 
0 4 2.5 1 0.146868 -0.0571209 20.6207 
0 4 5 1 0.158723 0.0637775 20.3153 
0 2 5 1 0.218091 0.0544828 18.5105 
0.5 0.5 -0.5 1 0.213366 -0.263198 17.622 
0.5 0.5 6 1 0.253714 0.106555 16.8282 
10.5 0.5 -0.5 1 -0.396147 -0.328145 13.4901 
10.5 0.5 6 1 -0.380779 0.15788 12.6962 
10.5 10.5 -0.5 1 -0.417798 -0.132846 22.5142 
10.5 10.5 6 1 -0.409606 0.158389 21.7204 
0.5 10.5 -0.5 1 -0.0113494 -0.120178 26.6462 
0.5 10.5 6 1 0.00801382 0.124898 25.8523 
0.5 5.5 9.5 1 0.120154 0.28566 20.9128 
10.5 5.5 9.5 1 -0.392783 0.368593 16.7809 
0.5 6.5 -0.5 1 0.0574099 -0.16394 23.0365 
0.5 8.5 -0.5 1 0.0205324 -0.140469 24.8413 
0.5 8.5 4.5 1 0.0372275 0.0601563 24.2307 
0.5 6.5 4.5 1 0.0764528 0.0521929 22.4258 
0.5 2.5 2 1 0.164394 -0.0981815 19.1215 
0.5 4.5 2 1 0.11139 -0.0759913 20.9263 
0.5 4.5 4.5 1 0.122544 0.0428356 20.621 
0.5 2.5 4.5 1 0.177478 0.0316831 18.8162 
