0 0 0 1 -0.045343 -0.237995 9.88611 
0 0 6.5 1 -0.0783112 0.464244 8.68162 
10 0 0 1 -0.248103 -0.04357 18.8209 
10 0 6.5 1 -0.278214 0.315795 17.6165 
10 10 0 1 0.191553 0.0122451 22.9118 
10 10 6.5 1 0.191513 0.306984 21.7073 
0 10 0 1 0.616022 -0.0895944 13.9769 
0 10 6.5 1 0.655982 0.401722 12.7724 
0 5 10 1 0.369561 0.795539 10.0785 
10 5 10 1 -0.0261221 0.502312 19.0133 
0 6 0 1 0.404093 -0.137148 12.3406 
0 8 0 1 0.516646 -0.111893 13.1588 
0 8 5 1 0.541215 0.281044 12.2322 
0 6 5 1 0.421287 0.281905 11.4141 
0 2 2.5 1 0.124434 0.0314777 10.241 
0 4 2.5 1 0.279045 0.0490525 11.0592 
0 4 5 1 0.282838 0.282899 10.5959 
0 2 5 1 0.121219 0.284058 9.77774 
0.5 0.5 -0.5 1 -0.0177418 -0.255144 10.63 
0.5 0.5 6 1 -0.0445807 0.389477 9.42555 
10.5 0.5 -0.5 1 -0.225397 -0.0602803 19.5649 
10.5 0.5 6 1 -0.252798 0.283428 18.3604 
10.5 10.5 -0.5 1 0.196506 -0.00333073 23.6557 
10.5 10.5 6 1 0.196733 0.280806 22.4512 
0.5 10.5 -0.5 1 0.60253 -0.109477 14.7209 
0.5 10.5 6 1 0.639089 0.353025 13.5164 
0.5 5.5 9.5 1 0.368151 0.707649 10.8224 
10.5 5.5 9.5 1 -0.0119955 0.46521 19.7572 
0.5 6.5 -0.5 1 0.400963 -0.156814 13.0845 
0.5 8.5 -0.5 1 0.507678 -0.131753 13.9027 
0.5 8.5 4.5 1 0.530198 0.237239 12.9762 
0.5 6.5 4.5 1 0.416867 0.235099 12.158 
0.5 2.5 2 1 0.139646 -0.00336682 10.9849 
0.5 4.5 2 1 0.283457 0.0155157 11.8031 
0.5 4.5 4.5 1 0.287182 0.232651 11.3398 
0.5 2.5 4.5 1 0.137328 0.229821 10.5217 
