0 0 0 1 0.0404618 -0.278672 24.8147 
0 0 6.5 1 0.0646769 -0.0180698 25.1674 
10 0 0 1 0.474798 -0.393971 18.6124 
10 0 6.5 1 0.498853 -0.0459971 18.9651 
10 10 0 1 0.249861 -0.585196 10.787 
10 10 6.5 1 0.297938 0.0132759 11.1397 
0 10 0 1 -0.302415 -0.346979 16.9893 
0 10 6.5 1 -0.260299 0.0326062 17.342 
0 5 10 1 -0.0516371 0.164797 21.4447 
10 5 10 1 0.441252 0.204459 15.2424 
0 6 0 1 -0.133258 -0.31328 20.1195 
0 8 0 1 -0.210702 -0.328708 18.5544 
0 8 5 1 -0.18218 -0.0599948 18.8257 
0 6 5 1 -0.107956 -0.0653967 20.3908 
0 2 2.5 1 0.000665407 -0.180727 23.3853 
0 4 2.5 1 -0.0555821 -0.184338 21.8202 
0 4 5 1 -0.0443128 -0.0700285 21.9559 
0 2 5 1 0.0108604 -0.0740439 23.521 
0.5 0.5 -0.5 1 0.0432045 -0.306482 24.0862 
0.5 0.5 6 1 0.0681018 -0.03771 24.4389 
10.5 0.5 -0.5 1 0.496185 -0.436123 17.8838 
10.5 0.5 6 1 0.520788 -0.0734326 18.2366 
10.5 10.5 -0.5 1 0.271595 -0.673992 10.0585 
10.5 10.5 6 1 0.3223 -0.0306333 10.4112 
0.5 10.5 -0.5 1 -0.313714 -0.391232 16.2608 
0.5 10.5 6 1 -0.269511 0.00593729 16.6135 
0.5 5.5 9.5 1 -0.0516871 0.148058 20.7162 
10.5 5.5 9.5 1 0.465921 0.182559 14.5138 
0.5 6.5 -0.5 1 -0.136378 -0.349124 19.3909 
0.5 8.5 -0.5 1 -0.217261 -0.36833 17.8259 
0.5 8.5 4.5 1 -0.187493 -0.0882051 18.0972 
0.5 6.5 4.5 1 -0.110095 -0.0915617 19.6623 
0.5 2.5 2 1 0.00230144 -0.207142 22.6568 
0.5 4.5 2 1 -0.0557675 -0.212838 21.0917 
0.5 4.5 4.5 1 -0.0441103 -0.0944233 21.2274 
0.5 2.5 4.5 1 0.0128125 -0.0968919 22.7924 
