0 0 0 1 -0.24975 -0.366975 10.2088 
0 0 6.5 1 -0.268692 0.293731 8.95065 
10 0 0 1 -0.247857 -0.0918633 19.7364 
10 0 6.5 1 -0.256903 0.246905 18.4783 
10 10 0 1 0.218668 -0.071196 22.0767 
10 10 6.5 1 0.238832 0.230739 20.8186 
0 10 0 1 0.571329 -0.27931 12.5491 
0 10 6.5 1 0.647804 0.254217 11.291 
0 5 10 1 0.268186 0.654708 9.44336 
10 5 10 1 0.0100369 0.427808 18.971 
0 6 0 1 0.28261 -0.310136 11.6129 
0 8 0 1 0.432563 -0.294126 12.081 
0 8 5 1 0.480246 0.121553 11.1132 
0 6 5 1 0.318757 0.122364 10.6452 
0 2 2.5 1 -0.0539725 -0.122243 10.1929 
0 4 2.5 1 0.130731 -0.112349 10.661 
0 4 5 1 0.142414 0.123251 10.1771 
0 2 5 1 -0.0509314 0.124222 9.70904 
0.5 0.5 -0.5 1 -0.201113 -0.378757 10.8989 
0.5 0.5 6 1 -0.212351 0.233112 9.64082 
10.5 0.5 -0.5 1 -0.22197 -0.107445 20.4266 
10.5 0.5 6 1 -0.228991 0.218103 19.1685 
10.5 10.5 -0.5 1 0.227752 -0.0858028 22.7669 
10.5 10.5 6 1 0.2478 0.205589 21.5088 
0.5 10.5 -0.5 1 0.568566 -0.29358 13.2392 
0.5 10.5 6 1 0.640344 0.207715 11.9811 
0.5 5.5 9.5 1 0.285222 0.572451 10.1335 
10.5 5.5 9.5 1 0.0278792 0.393377 19.6612 
0.5 6.5 -0.5 1 0.295833 -0.323762 12.3031 
0.5 8.5 -0.5 1 0.437197 -0.308118 12.7712 
0.5 8.5 4.5 1 0.482472 0.0821082 11.8034 
0.5 6.5 4.5 1 0.330907 0.0812416 11.3353 
0.5 2.5 2 1 -0.0176798 -0.149562 10.8831 
0.5 4.5 2 1 0.154297 -0.139144 11.3512 
0.5 4.5 4.5 1 0.166287 0.0803003 10.8673 
0.5 2.5 4.5 1 -0.0131517 0.0792743 10.3992 
