0 0 0 1 0.29141 -0.277049 18.5902 
0 0 6.5 1 0.253243 0.0693297 18.9123 
10 0 0 1 0.288328 -0.54968 8.99901 
10 0 6.5 1 0.210995 0.162534 9.32113 
10 10 0 1 -0.589709 -0.510214 11.7853 
10 10 6.5 1 -0.625885 0.0370453 12.1075 
0 10 0 1 -0.193072 -0.290827 21.3765 
0 10 6.5 1 -0.219146 0.0112777 21.6986 
0 5 10 1 -0.0156751 0.207885 20.4789 
10 5 10 1 -0.288739 0.409733 10.8877 
0 6 0 1 -0.015269 -0.28577 20.262 
0 8 0 1 -0.10655 -0.288366 20.8193 
0 8 5 1 -0.128226 -0.04904 21.067 
0 6 5 1 -0.0386364 -0.0399727 20.5098 
0 2 2.5 1 0.169523 -0.149365 19.2714 
0 4 2.5 1 0.0684876 -0.155924 19.8286 
0 4 5 1 0.0559575 -0.030399 19.9525 
0 2 5 1 0.155987 -0.0202752 19.3952 
0.5 0.5 -0.5 1 0.265968 -0.312236 18.2252 
0.5 0.5 6 1 0.227492 0.0415698 18.5473 
10.5 0.5 -0.5 1 0.234492 -0.635483 8.63399 
10.5 0.5 6 1 0.155944 0.108844 8.95611 
10.5 10.5 -0.5 1 -0.658474 -0.573822 11.4203 
10.5 10.5 6 1 -0.693888 -0.00780529 11.7424 
0.5 10.5 -0.5 1 -0.223557 -0.321588 21.0115 
0.5 10.5 6 1 -0.249617 -0.0138498 21.3336 
0.5 5.5 9.5 1 -0.0443012 0.184801 20.1139 
10.5 5.5 9.5 1 -0.352929 0.372612 10.5227 
0.5 6.5 -0.5 1 -0.0441997 -0.318161 19.897 
0.5 8.5 -0.5 1 -0.136322 -0.319921 20.4542 
0.5 8.5 4.5 1 -0.158023 -0.0759976 20.702 
0.5 6.5 4.5 1 -0.0676347 -0.0675118 20.1448 
0.5 2.5 2 1 0.142644 -0.18082 18.9063 
0.5 4.5 2 1 0.0404835 -0.186601 19.4636 
0.5 4.5 4.5 1 0.027897 -0.0585432 19.5875 
0.5 2.5 4.5 1 0.129024 -0.0490493 19.0302 
