0 0 0 1 -0.207952 -0.0106259 25.3247 
0 0 6.5 1 -0.228272 0.25345 24.128 
10 0 0 1 0.184113 0.00649106 25.6334 
10 0 6.5 1 0.183249 0.268069 24.4367 
10 10 0 1 0.322777 -0.10504 15.8092 
10 10 6.5 1 0.332689 0.323267 14.6125 
0 10 0 1 -0.315017 -0.135227 15.5004 
0 10 6.5 1 -0.35825 0.299799 14.3038 
0 5 10 1 -0.293247 0.4652 18.5715 
10 5 10 1 0.240448 0.480659 18.8802 
0 6 0 1 -0.259198 -0.0702663 19.4301 
0 8 0 1 -0.283968 -0.0990924 17.4653 
0 8 5 1 -0.310992 0.192227 16.5448 
0 6 5 1 -0.282122 0.191562 18.5096 
0 2 2.5 1 -0.230681 0.079522 22.8996 
0 4 2.5 1 -0.248668 0.0695316 20.9347 
0 4 5 1 -0.258794 0.191025 20.4744 
0 2 5 1 -0.23955 0.190582 22.4393 
0.5 0.5 -0.5 1 -0.189619 -0.0332695 24.9409 
0.5 0.5 6 1 -0.209344 0.233933 23.7442 
10.5 0.5 -0.5 1 0.208179 -0.0156156 25.2497 
10.5 0.5 6 1 0.2085 0.249035 24.053 
10.5 10.5 -0.5 1 0.365621 -0.144 15.4255 
10.5 10.5 6 1 0.379404 0.292581 14.2288 
0.5 10.5 -0.5 1 -0.287487 -0.175749 15.1167 
0.5 10.5 6 1 -0.329546 0.267785 13.92 
0.5 5.5 9.5 1 -0.269907 0.444188 18.1878 
10.5 5.5 9.5 1 0.274471 0.460318 18.4965 
0.5 6.5 -0.5 1 -0.236225 -0.101119 19.0464 
0.5 8.5 -0.5 1 -0.258908 -0.134142 17.0816 
0.5 8.5 4.5 1 -0.285147 0.162098 16.161 
0.5 6.5 4.5 1 -0.258467 0.164685 18.1259 
0.5 2.5 2 1 -0.210761 0.0559758 22.5158 
0.5 4.5 2 1 -0.22718 0.0435476 20.551 
0.5 4.5 4.5 1 -0.237006 0.166766 20.0907 
0.5 2.5 4.5 1 -0.219369 0.168477 22.0556 
