0 0 0 1 0.368824 -0.521189 10.8459 
0 0 6.5 1 0.299883 0.0704752 11.3521 
10 0 0 1 -0.23534 -0.408184 16.7899 
10 0 6.5 1 -0.262909 -0.0231592 17.2961 
10 10 0 1 0.0823989 -0.279408 24.7938 
10 10 6.5 1 0.0571954 -0.0187665 25.3 
0 10 0 1 0.53022 -0.303822 18.8498 
0 10 6.5 1 0.485567 0.037498 19.356 
0 5 10 1 0.389117 0.271174 15.6266 
10 5 10 1 -0.086739 0.14079 21.5706 
0 6 0 1 0.485474 -0.364085 15.6483 
0 8 0 1 0.509923 -0.331157 17.249 
0 8 5 1 0.472678 -0.0424331 17.6384 
0 6 5 1 0.445104 -0.0457429 16.0376 
0 2 2.5 1 0.393145 -0.252011 12.6414 
0 4 2.5 1 0.433134 -0.224728 14.2421 
0 4 5 1 0.411416 -0.0497866 14.4368 
0 2 5 1 0.369326 -0.054839 12.836 
0.5 0.5 -0.5 1 0.343192 -0.540045 11.5044 
0.5 0.5 6 1 0.279111 0.0199765 12.0105 
10.5 0.5 -0.5 1 -0.229441 -0.424881 17.4484 
10.5 0.5 6 1 -0.256164 -0.0535059 17.9545 
10.5 10.5 -0.5 1 0.0782233 -0.294186 25.4523 
10.5 10.5 6 1 0.0537406 -0.0398677 25.9584 
0.5 10.5 -0.5 1 0.509657 -0.322279 19.5083 
0.5 10.5 6 1 0.466993 0.00827899 20.0144 
0.5 5.5 9.5 1 0.370189 0.225815 16.285 
10.5 5.5 9.5 1 -0.0865099 0.111422 22.229 
0.5 6.5 -0.5 1 0.462681 -0.383732 16.3067 
0.5 8.5 -0.5 1 0.488269 -0.350259 17.9075 
0.5 8.5 4.5 1 0.452824 -0.0715185 18.2968 
0.5 6.5 4.5 1 0.424435 -0.0774864 16.6961 
0.5 2.5 2 1 0.369769 -0.281648 13.2998 
0.5 4.5 2 1 0.410502 -0.252387 14.9006 
0.5 4.5 4.5 1 0.390024 -0.08472 15.0953 
0.5 2.5 4.5 1 0.34745 -0.0936697 13.4945 
