0 0 0 1 0.152452 -0.411997 22.2729 
0 0 6.5 1 0.1533 -0.11899 23.4958 
10 0 0 1 0.640556 -0.551447 14.1498 
10 0 6.5 1 0.603025 -0.0925188 15.3726 
10 10 0 1 0.0963491 -0.750767 8.62932 
10 10 6.5 1 0.105335 -0.00994825 9.85218 
0 10 0 1 -0.28872 -0.468715 16.7524 
0 10 6.5 1 -0.257599 -0.0818635 17.9753 
0 5 10 1 -0.0188441 0.0608612 21.394 
10 5 10 1 0.396737 0.201612 13.2709 
0 6 0 1 -0.0814236 -0.442064 18.9606 
0 8 0 1 -0.178663 -0.454566 17.8565 
0 8 5 1 -0.161278 -0.170707 18.7972 
0 6 5 1 -0.0695991 -0.174545 19.9013 
0 2 2.5 1 0.0844971 -0.298415 21.6391 
0 4 2.5 1 0.00886213 -0.301562 20.535 
0 4 5 1 0.012442 -0.177979 21.0054 
0 2 5 1 0.0862893 -0.18107 22.1095 
0.5 0.5 -0.5 1 0.151254 -0.443431 21.4967 
0.5 0.5 6 1 0.152196 -0.138722 22.7195 
10.5 0.5 -0.5 1 0.666963 -0.610069 13.3735 
10.5 0.5 6 1 0.625223 -0.121824 14.5964 
10.5 10.5 -0.5 1 0.0875261 -0.870301 7.85307 
10.5 10.5 6 1 0.098469 -0.0500157 9.07593 
0.5 10.5 -0.5 1 -0.311767 -0.513767 15.9762 
0.5 10.5 6 1 -0.277602 -0.106253 17.1991 
0.5 5.5 9.5 1 -0.0265416 0.0458894 20.6177 
10.5 5.5 9.5 1 0.409853 0.185651 12.4946 
0.5 6.5 -0.5 1 -0.0928225 -0.480508 18.1844 
0.5 8.5 -0.5 1 -0.195218 -0.496063 17.0803 
0.5 8.5 4.5 1 -0.17622 -0.197811 18.0209 
0.5 6.5 4.5 1 -0.0799575 -0.20024 19.125 
0.5 2.5 2 1 0.080735 -0.326578 20.8629 
0.5 4.5 2 1 0.00191842 -0.331423 19.7588 
0.5 4.5 4.5 1 0.00579713 -0.202403 20.2291 
0.5 2.5 4.5 1 0.0826753 -0.204343 21.3332 
