0 0 0 1 0.25689 -0.239467 17.3701 
0 0 6.5 1 0.299714 0.137128 16.5427 
10 0 0 1 -0.349961 -0.304567 13.1467 
10 0 6.5 1 -0.333214 0.196763 12.3193 
10 10 0 1 -0.395895 -0.11429 22.1212 
10 10 6.5 1 -0.387991 0.183142 21.2938 
0 10 0 1 0.0115904 -0.101871 26.3446 
0 10 6.5 1 0.0313988 0.146735 25.5173 
0 5 10 1 0.152865 0.314199 20.5845 
10 5 10 1 -0.361614 0.404811 16.361 
0 6 0 1 0.0864912 -0.143885 22.7548 
0 8 0 1 0.0463027 -0.121342 24.5497 
0 8 5 1 0.0634858 0.0822024 23.9133 
0 6 5 1 0.106225 0.0755284 22.1184 
0 2 2.5 1 0.20277 -0.0738632 18.8468 
0 4 2.5 1 0.144861 -0.0531409 20.6417 
0 4 5 1 0.156514 0.0676755 20.3235 
0 2 5 1 0.216545 0.0583012 18.5286 
0.5 0.5 -0.5 1 0.212948 -0.258751 17.6713 
0.5 0.5 6 1 0.252847 0.110162 16.8439 
10.5 0.5 -0.5 1 -0.394112 -0.328449 13.4479 
10.5 0.5 6 1 -0.380658 0.159351 12.6205 
10.5 10.5 -0.5 1 -0.421758 -0.131169 22.4224 
10.5 10.5 6 1 -0.414955 0.161468 21.595 
0.5 10.5 -0.5 1 -0.0147788 -0.116215 26.6458 
0.5 10.5 6 1 0.00395353 0.129031 25.8185 
0.5 5.5 9.5 1 0.117186 0.289898 20.8857 
10.5 5.5 9.5 1 -0.397036 0.372713 16.6622 
0.5 6.5 -0.5 1 0.0550378 -0.159914 23.056 
0.5 8.5 -0.5 1 0.0176082 -0.136486 24.8509 
0.5 8.5 4.5 1 0.0338234 0.0641282 24.2145 
0.5 6.5 4.5 1 0.0736137 0.0560969 22.4196 
0.5 2.5 2 1 0.163068 -0.0942648 19.148 
0.5 4.5 2 1 0.109395 -0.072092 20.9429 
0.5 4.5 4.5 1 0.12033 0.0466676 20.6247 
0.5 2.5 4.5 1 0.175952 0.0354407 18.8298 
