0 0 0 1 0.0536902 -0.261836 9.99945 
0 0 6.5 1 0.0153423 0.421768 8.98555 
10 0 0 1 -0.244563 -0.0851972 18.5536 
10 0 6.5 1 -0.281449 0.275221 17.5397 
10 10 0 1 0.172712 -0.011241 23.4925 
10 10 6.5 1 0.162751 0.273324 22.4786 
0 10 0 1 0.611302 -0.0871296 14.9384 
0 10 6.5 1 0.627158 0.366725 13.9245 
0 5 10 1 0.386879 0.724041 10.9091 
10 5 10 1 -0.0438729 0.459127 19.4632 
0 6 0 1 0.439246 -0.141037 12.9628 
0 8 0 1 0.531365 -0.112175 13.9506 
0 8 5 1 0.539527 0.255443 13.1707 
0 6 5 1 0.442172 0.25454 12.1829 
0 2 2.5 1 0.198391 0.0103557 10.5973 
0 4 2.5 1 0.329856 0.0322027 11.5851 
0 4 5 1 0.327637 0.253477 11.1951 
0 2 5 1 0.190935 0.252208 10.2073 
0.5 0.5 -0.5 1 0.0691581 -0.278404 10.7521 
0.5 0.5 6 1 0.0353845 0.35064 9.7382 
10.5 0.5 -0.5 1 -0.224321 -0.101311 19.3063 
10.5 0.5 6 1 -0.258568 0.243385 18.2924 
10.5 10.5 -0.5 1 0.175877 -0.0263681 24.2452 
10.5 10.5 6 1 0.166377 0.248317 23.2313 
0.5 10.5 -0.5 1 0.595154 -0.106863 15.691 
0.5 10.5 6 1 0.609081 0.322355 14.6771 
0.5 5.5 9.5 1 0.379637 0.645136 11.6617 
10.5 5.5 9.5 1 -0.0320138 0.423473 20.2159 
0.5 6.5 -0.5 1 0.430214 -0.160654 13.7154 
0.5 8.5 -0.5 1 0.518225 -0.131952 14.7032 
0.5 8.5 4.5 1 0.525209 0.214686 13.9233 
0.5 6.5 4.5 1 0.432425 0.210722 12.9355 
0.5 2.5 2 1 0.203448 -0.0233901 11.3499 
0.5 4.5 2 1 0.326489 -0.000174157 12.3377 
0.5 4.5 4.5 1 0.3243 0.206104 11.9477 
0.5 2.5 4.5 1 0.196685 0.200653 10.96 
