0 0 0 1 -0.720459 -0.592565 12.6882 
0 0 6.5 1 -0.638031 -0.081034 13.6955 
10 0 0 1 -0.22245 -0.426385 21.5372 
10 0 6.5 1 -0.194627 -0.12306 22.5445 
10 10 0 1 0.244496 -0.528322 17.1445 
10 10 6.5 1 0.25314 -0.145937 18.1518 
0 10 0 1 -0.0191254 -0.891233 8.29561 
0 10 6.5 1 0.0262856 -0.105829 9.30291 
0 5 10 1 -0.334649 0.199619 12.0416 
10 5 10 1 0.0153516 0.0353856 20.8905 
0 6 0 1 -0.373208 -0.740444 10.0527 
0 8 0 1 -0.213121 -0.808618 9.17414 
0 8 5 1 -0.165349 -0.250129 9.94898 
0 6 5 1 -0.317857 -0.232148 10.8275 
0 2 2.5 1 -0.589462 -0.412279 12.1971 
0 4 2.5 1 -0.47649 -0.442065 11.3186 
0 4 5 1 -0.447473 -0.216866 11.706 
0 2 5 1 -0.558993 -0.203718 12.5846 
0.5 0.5 -0.5 1 -0.662771 -0.630265 12.8336 
0.5 0.5 6 1 -0.585406 -0.121362 13.8409 
10.5 0.5 -0.5 1 -0.191643 -0.449813 21.6825 
10.5 0.5 6 1 -0.165366 -0.147391 22.6898 
10.5 10.5 -0.5 1 0.279205 -0.556846 17.2899 
10.5 10.5 6 1 0.285869 -0.175927 18.2972 
0.5 10.5 -0.5 1 0.0565085 -0.94341 8.44094 
0.5 10.5 6 1 0.0931575 -0.164524 9.44824 
0.5 5.5 9.5 1 -0.278501 0.150472 12.1869 
10.5 5.5 9.5 1 0.0454626 0.00804714 21.0359 
0.5 6.5 -0.5 1 -0.30556 -0.78578 10.198 
0.5 8.5 -0.5 1 -0.141591 -0.857165 9.31947 
0.5 8.5 4.5 1 -0.099998 -0.30299 10.0943 
0.5 6.5 4.5 1 -0.255718 -0.281015 10.9728 
0.5 2.5 2 1 -0.531021 -0.453602 12.3425 
0.5 4.5 2 1 -0.415003 -0.486178 11.4639 
0.5 4.5 4.5 1 -0.388351 -0.262298 11.8514 
0.5 2.5 4.5 1 -0.502678 -0.246164 12.7299 
