0 0 0 1 -0.694005 -0.590653 13.5223 
0 0 6.5 1 -0.621346 -0.108894 14.723 
10 0 0 1 -0.190937 -0.445756 21.875 
10 0 6.5 1 -0.170753 -0.145917 23.0757 
10 10 0 1 0.260682 -0.544609 16.6961 
10 10 6.5 1 0.256409 -0.151374 17.8968 
0 10 0 1 -0.102529 -0.87841 8.34346 
0 10 6.5 1 -0.0648505 -0.099036 9.5441 
0 5 10 1 -0.372155 0.169263 12.78 
10 5 10 1 0.0213734 0.0188945 21.1327 
0 6 0 1 -0.409707 -0.728966 10.415 
0 8 0 1 -0.273079 -0.795437 9.37924 
0 8 5 1 -0.230941 -0.247505 10.3028 
0 6 5 1 -0.360289 -0.236502 11.3386 
0 2 2.5 1 -0.586004 -0.41705 12.9484 
0 4 2.5 1 -0.493761 -0.442264 11.9126 
0 4 5 1 -0.467983 -0.227342 12.3744 
0 2 5 1 -0.559041 -0.219597 13.4101 
0.5 0.5 -0.5 1 -0.641411 -0.627977 13.5887 
0.5 0.5 6 1 -0.573347 -0.145348 14.7893 
10.5 0.5 -0.5 1 -0.159885 -0.469309 21.9414 
10.5 0.5 6 1 -0.14137 -0.169108 23.142 
10.5 10.5 -0.5 1 0.299541 -0.575048 16.7625 
10.5 10.5 6 1 0.292686 -0.18123 17.9631 
0.5 10.5 -0.5 1 -0.0222114 -0.936448 8.40979 
0.5 10.5 6 1 0.00517304 -0.155202 9.61043 
0.5 5.5 9.5 1 -0.318183 0.125859 12.8464 
10.5 5.5 9.5 1 0.0528483 -0.00693708 21.1991 
0.5 6.5 -0.5 1 -0.343319 -0.776479 10.4813 
0.5 8.5 -0.5 1 -0.200371 -0.847693 9.44557 
0.5 8.5 4.5 1 -0.164979 -0.298612 10.3691 
0.5 6.5 4.5 1 -0.299565 -0.283032 11.4049 
0.5 2.5 2 1 -0.53164 -0.456904 13.0147 
0.5 4.5 2 1 -0.435207 -0.485425 11.9789 
0.5 4.5 4.5 1 -0.411741 -0.270046 12.4407 
0.5 2.5 4.5 1 -0.506673 -0.259057 13.4765 
