0 0 0 1 -0.349499 -0.295781 21.9898 
0 0 6.5 1 -0.379375 -0.0016683 21.9683 
10 0 0 1 0.0574491 -0.215396 25.8649 
10 0 6.5 1 0.0323908 0.0346817 25.8434 
10 10 0 1 0.321077 -0.313265 16.6463 
10 10 6.5 1 0.282464 0.0753572 16.6248 
0 10 0 1 -0.299626 -0.481369 12.7712 
0 10 6.5 1 -0.35102 0.0250873 12.7497 
0 5 10 1 -0.389348 0.208913 17.3474 
10 5 10 1 0.113895 0.214727 21.2226 
0 6 0 1 -0.326279 -0.382186 16.4586 
0 8 0 1 -0.314634 -0.425521 14.6149 
0 8 5 1 -0.349178 -0.0852112 14.5984 
0 6 5 1 -0.356962 -0.0799926 16.4421 
0 2 2.5 1 -0.355709 -0.195918 20.1378 
0 4 2.5 1 -0.349371 -0.211765 18.2941 
0 4 5 1 -0.363176 -0.0758264 18.2858 
0 2 5 1 -0.368252 -0.0724234 20.1295 
0.5 0.5 -0.5 1 -0.321483 -0.319329 21.7242 
0.5 0.5 6 1 -0.351698 -0.0216414 21.7028 
10.5 0.5 -0.5 1 0.0854447 -0.234546 25.5994 
10.5 0.5 6 1 0.0601498 0.018112 25.5779 
10.5 10.5 -0.5 1 0.369101 -0.344778 16.3808 
10.5 10.5 6 1 0.329924 0.0501105 16.3593 
0.5 10.5 -0.5 1 -0.249899 -0.526215 12.5057 
0.5 10.5 6 1 -0.302301 -0.00906522 12.4842 
0.5 5.5 9.5 1 -0.354338 0.18681 17.0819 
10.5 5.5 9.5 1 0.148807 0.196785 20.957 
0.5 6.5 -0.5 1 -0.288313 -0.415194 16.1931 
0.5 8.5 -0.5 1 -0.271574 -0.463572 14.3494 
0.5 8.5 4.5 1 -0.306709 -0.117002 14.3329 
0.5 6.5 4.5 1 -0.319461 -0.108074 16.1766 
0.5 2.5 2 1 -0.325165 -0.220326 19.8723 
0.5 4.5 2 1 -0.315611 -0.238903 18.0286 
0.5 4.5 4.5 1 -0.329603 -0.100974 18.0203 
0.5 2.5 4.5 1 -0.337863 -0.0951911 19.864 
