0 0 0 1 0.258981 -0.0994604 18.4017 
0 0 6.5 1 0.250448 0.263162 17.4014 
10 0 0 1 -0.105643 -0.328739 10.469 
10 0 6.5 1 -0.159845 0.31346 9.46871 
10 10 0 1 -0.560898 -0.185533 16.3601 
10 10 6.5 1 -0.62396 0.219684 15.3598 
0 10 0 1 -0.136035 -0.0586185 24.2927 
0 10 6.5 1 -0.159374 0.214045 23.2924 
0 5 10 1 0.00522593 0.415677 19.8083 
10 5 10 1 -0.485713 0.557657 11.8756 
0 6 0 1 -0.00348868 -0.0723229 21.9363 
0 8 0 1 -0.0731401 -0.0651214 23.1145 
0 8 5 1 -0.0896884 0.153288 22.3451 
0 6 5 1 -0.0184261 0.157982 21.1668 
0 2 2.5 1 0.156022 0.0373141 19.1952 
0 4 2.5 1 0.0677744 0.0391441 20.3734 
0 4 5 1 0.0612371 0.16323 19.9886 
0 2 5 1 0.15088 0.169134 18.8104 
0.5 0.5 -0.5 1 0.223107 -0.129706 18.3765 
0.5 0.5 6 1 0.212496 0.231701 17.3762 
10.5 0.5 -0.5 1 -0.169643 -0.382508 10.4439 
10.5 0.5 6 1 -0.230768 0.255704 9.44357 
10.5 10.5 -0.5 1 -0.602518 -0.219691 16.3349 
10.5 10.5 6 1 -0.668397 0.183962 15.3346 
0.5 10.5 -0.5 1 -0.16361 -0.0814793 24.2676 
0.5 10.5 6 1 -0.188159 0.190496 23.2673 
0.5 5.5 9.5 1 -0.0284199 0.388237 19.7831 
10.5 5.5 9.5 1 -0.542923 0.512149 11.8505 
0.5 6.5 -0.5 1 -0.0338768 -0.097658 21.9112 
0.5 8.5 -0.5 1 -0.102053 -0.0891558 23.0894 
0.5 8.5 4.5 1 -0.119617 0.128671 22.3199 
0.5 6.5 4.5 1 -0.049938 0.131999 21.1417 
0.5 2.5 2 1 0.121498 0.00850007 19.17 
0.5 4.5 2 1 0.0351403 0.0120007 20.3482 
0.5 4.5 4.5 1 0.0279658 0.135719 19.9635 
0.5 2.5 4.5 1 0.115642 0.139907 18.7853 
