0 0 0 1 -0.274284 -0.0650133 24.1694 
0 0 6.5 1 -0.305293 0.208024 23.3509 
10 0 0 1 0.120861 -0.0220926 26.0283 
10 0 6.5 1 0.104967 0.232205 25.2098 
10 10 0 1 0.3138 -0.102129 16.2836 
10 10 6.5 1 0.298103 0.308168 15.4651 
0 10 0 1 -0.323422 -0.184359 14.4247 
0 10 6.5 1 -0.379596 0.277047 13.6062 
0 5 10 1 -0.35569 0.431052 18.0379 
10 5 10 1 0.16883 0.440854 19.8967 
0 6 0 1 -0.297495 -0.121387 18.3226 
0 8 0 1 -0.308915 -0.149125 16.3736 
0 8 5 1 -0.345679 0.159017 15.744 
0 6 5 1 -0.329802 0.153799 17.693 
0 2 2.5 1 -0.293469 0.0312118 21.9057 
0 4 2.5 1 -0.302446 0.0233565 19.9567 
0 4 5 1 -0.317076 0.149617 19.6419 
0 2 5 1 -0.306647 0.14619 21.5909 
0.5 0.5 -0.5 1 -0.251861 -0.0868547 23.8381 
0.5 0.5 6 1 -0.28252 0.189336 23.0196 
10.5 0.5 -0.5 1 0.146756 -0.0418005 25.6969 
10.5 0.5 6 1 0.131502 0.215236 24.8785 
10.5 10.5 -0.5 1 0.359522 -0.135538 15.9523 
10.5 10.5 6 1 0.345953 0.281935 15.1338 
0.5 10.5 -0.5 1 -0.286652 -0.224108 14.0934 
0.5 10.5 6 1 -0.34196 0.246363 13.2749 
0.5 5.5 9.5 1 -0.327027 0.41093 17.7065 
10.5 5.5 9.5 1 0.203653 0.42281 19.5654 
0.5 6.5 -0.5 1 -0.268213 -0.151365 17.9912 
0.5 8.5 -0.5 1 -0.276312 -0.183318 16.0423 
0.5 8.5 4.5 1 -0.312534 0.130052 15.4127 
0.5 6.5 4.5 1 -0.300075 0.127986 17.3617 
0.5 2.5 2 1 -0.268988 0.00855657 21.5743 
0.5 4.5 2 1 -0.275686 -0.00168124 19.6254 
0.5 4.5 4.5 1 -0.290131 0.126337 19.3106 
0.5 2.5 4.5 1 -0.28201 0.124991 21.2595 
