0 0 0 1 0.271089 -0.27559 16.489 
0 0 6.5 1 0.314963 0.118437 16.1984 
10 0 0 1 -0.37278 -0.275062 13.6012 
10 0 6.5 1 -0.333442 0.20446 13.3107 
10 10 0 1 -0.341273 -0.130976 23.1648 
10 10 6.5 1 -0.317983 0.149892 22.8742 
0 10 0 1 0.0627473 -0.147281 26.0525 
0 10 6.5 1 0.0879839 0.10192 25.762 
0 5 10 1 0.193266 0.276222 20.8237 
10 5 10 1 -0.307522 0.365465 17.936 
0 6 0 1 0.12457 -0.185355 22.2271 
0 8 0 1 0.0912094 -0.164809 24.1398 
0 8 5 1 0.112386 0.0415128 23.9163 
0 6 5 1 0.147927 0.0386936 22.0036 
0 2 2.5 1 0.226681 -0.104818 18.2899 
0 4 2.5 1 0.177151 -0.0878937 20.2026 
0 4 5 1 0.190234 0.0353377 20.0909 
0 2 5 1 0.241444 0.0312755 18.1782 
0.5 0.5 -0.5 1 0.225739 -0.294793 16.8451 
0.5 0.5 6 1 0.267873 0.0904202 16.5546 
10.5 0.5 -0.5 1 -0.411084 -0.298252 13.9574 
10.5 0.5 6 1 -0.373586 0.168282 13.6668 
10.5 10.5 -0.5 1 -0.36448 -0.146918 23.5209 
10.5 10.5 6 1 -0.341837 0.129445 23.2304 
0.5 10.5 -0.5 1 0.0366297 -0.16126 26.4086 
0.5 10.5 6 1 0.0612316 0.0843872 26.1181 
0.5 5.5 9.5 1 0.158506 0.251671 21.1799 
10.5 5.5 9.5 1 -0.338019 0.335301 18.2922 
0.5 6.5 -0.5 1 0.0930533 -0.201101 22.5832 
0.5 8.5 -0.5 1 0.0626386 -0.179625 24.4959 
0.5 8.5 4.5 1 0.0832417 0.0235333 24.2724 
0.5 6.5 4.5 1 0.115723 0.0192211 22.3597 
0.5 2.5 2 1 0.186559 -0.125428 18.6461 
0.5 4.5 2 1 0.14162 -0.106879 20.5588 
0.5 4.5 4.5 1 0.154281 0.014102 20.447 
0.5 2.5 4.5 1 0.200797 0.00792645 18.5343 
