0 0 0 1 0.176922 -0.399236 21.915 
0 0 6.5 1 0.170693 -0.102485 23.1958 
10 0 0 1 0.667027 -0.528261 13.4764 
10 0 6.5 1 0.614701 -0.050619 14.7571 
10 10 0 1 0.0465849 -0.707685 8.48574 
10 10 6.5 1 0.0488828 0.0375588 9.76647 
0 10 0 1 -0.278682 -0.451151 16.9244 
0 10 6.5 1 -0.254567 -0.0693992 18.2052 
0 5 10 1 -0.0137133 0.0753049 21.3901 
10 5 10 1 0.372046 0.250244 12.9514 
0 6 0 1 -0.0675991 -0.427099 18.9207 
0 8 0 1 -0.167263 -0.438455 17.9225 
0 8 5 1 -0.155208 -0.156373 18.9077 
0 6 5 1 -0.0610807 -0.159723 19.9058 
0 2 2.5 1 0.102294 -0.283786 21.4095 
0 4 2.5 1 0.0230908 -0.28675 20.4114 
0 4 5 1 0.0240573 -0.162753 20.904 
0 2 5 1 0.101435 -0.165507 21.9021 
0.5 0.5 -0.5 1 0.174832 -0.430466 21.1451 
0.5 0.5 6 1 0.168509 -0.121743 22.4258 
10.5 0.5 -0.5 1 0.693249 -0.588051 12.7064 
10.5 0.5 6 1 0.635641 -0.0786399 13.9871 
10.5 10.5 -0.5 1 0.0278514 -0.824052 7.71575 
10.5 10.5 6 1 0.0330128 0.00154081 8.99648 
0.5 10.5 -0.5 1 -0.303133 -0.494503 16.1544 
0.5 10.5 6 1 -0.276157 -0.0927079 17.4352 
0.5 5.5 9.5 1 -0.0229747 0.0609998 20.6201 
10.5 5.5 9.5 1 0.380752 0.237087 12.1814 
0.5 6.5 -0.5 1 -0.0804065 -0.464663 18.1507 
0.5 8.5 -0.5 1 -0.18529 -0.478715 17.1526 
0.5 8.5 4.5 1 -0.171743 -0.182471 18.1377 
0.5 6.5 4.5 1 -0.0729665 -0.184594 19.1359 
0.5 2.5 2 1 0.0973694 -0.311474 20.6395 
0.5 4.5 2 1 0.0148106 -0.315961 19.6414 
0.5 4.5 4.5 1 0.0160167 -0.186507 20.134 
0.5 2.5 4.5 1 0.0965941 -0.188239 21.1321 
