0 0 0 1 -0.716933 -0.536481 12.235 
0 0 6.5 1 -0.634151 -0.0101762 13.0281 
10 0 0 1 -0.237782 -0.372875 21.4245 
10 0 6.5 1 -0.206345 -0.0700976 22.2176 
10 10 0 1 0.236038 -0.467389 17.6743 
10 10 6.5 1 0.253511 -0.0990686 18.4675 
0 10 0 1 0.0582843 -0.805672 8.48481 
0 10 6.5 1 0.108257 -0.0436219 9.27793 
0 5 10 1 -0.289647 0.275847 11.5801 
10 5 10 1 0.0155588 0.0851969 20.7696 
0 6 0 1 -0.321681 -0.67373 9.98487 
0 8 0 1 -0.147128 -0.734343 9.23484 
0 8 5 1 -0.0981719 -0.186332 9.84494 
0 6 5 1 -0.266139 -0.168004 10.595 
0 2 2.5 1 -0.570171 -0.351544 11.79 
0 4 2.5 1 -0.441041 -0.380357 11.04 
0 4 5 1 -0.411897 -0.1521 11.345 
0 2 5 1 -0.539577 -0.138167 12.095 
0.5 0.5 -0.5 1 -0.655933 -0.573954 12.4459 
0.5 0.5 6 1 -0.578125 -0.0537906 13.2391 
10.5 0.5 -0.5 1 -0.207364 -0.396026 21.6355 
10.5 0.5 6 1 -0.177298 -0.0952785 22.4286 
10.5 10.5 -0.5 1 0.267246 -0.494281 17.8853 
10.5 10.5 6 1 0.283196 -0.128978 18.6784 
0.5 10.5 -0.5 1 0.126784 -0.852775 8.69577 
0.5 10.5 6 1 0.16992 -0.10373 9.48889 
0.5 5.5 9.5 1 -0.232905 0.221759 11.791 
10.5 5.5 9.5 1 0.0443793 0.0567166 20.9806 
0.5 6.5 -0.5 1 -0.255398 -0.716633 10.1958 
0.5 8.5 -0.5 1 -0.0794801 -0.779299 9.4458 
0.5 8.5 4.5 1 -0.035655 -0.240057 10.0559 
0.5 6.5 4.5 1 -0.204682 -0.218358 10.8059 
0.5 2.5 2 1 -0.50949 -0.393657 12.0009 
0.5 4.5 2 1 -0.378736 -0.424738 11.2509 
0.5 4.5 4.5 1 -0.351768 -0.199475 11.556 
0.5 2.5 4.5 1 -0.480925 -0.182895 12.306 
