0 0 0 1 0.294897 -0.365848 15.2838 
0 0 6.5 1 0.325566 0.0550376 15.7185 
10 0 0 1 -0.380231 -0.324 14.1367 
10 0 6.5 1 -0.327008 0.128771 14.5714 
10 10 0 1 -0.273712 -0.213467 24.0482 
10 10 6.5 1 -0.243927 0.0540453 24.4829 
0 10 0 1 0.130981 -0.243885 25.1953 
0 10 6.5 1 0.152569 0.0121703 25.63 
0 5 10 1 0.231605 0.194429 20.9083 
10 5 10 1 -0.25504 0.256889 19.7612 
0 6 0 1 0.178181 -0.279005 21.2307 
0 8 0 1 0.152566 -0.259945 23.213 
0 8 5 1 0.170335 -0.0453316 23.5474 
0 6 5 1 0.197187 -0.0443682 21.5651 
0 2 2.5 1 0.258153 -0.184639 17.4333 
0 4 2.5 1 0.219362 -0.171486 19.4156 
0 4 5 1 0.229475 -0.0432097 19.5828 
0 2 5 1 0.269036 -0.0417903 17.6005 
0.5 0.5 -0.5 1 0.248954 -0.386607 15.6886 
0.5 0.5 6 1 0.280091 0.0242721 16.1233 
10.5 0.5 -0.5 1 -0.411005 -0.347561 14.5415 
10.5 0.5 6 1 -0.358327 0.0936557 14.9762 
10.5 10.5 -0.5 1 -0.293776 -0.229308 24.453 
10.5 10.5 6 1 -0.264125 0.0341302 24.8877 
0.5 10.5 -0.5 1 0.105417 -0.258535 25.6001 
0.5 10.5 6 1 0.127097 -0.00621631 26.0348 
0.5 5.5 9.5 1 0.198989 0.168508 21.3131 
10.5 5.5 9.5 1 -0.279744 0.22824 20.166 
0.5 6.5 -0.5 1 0.14705 -0.295683 21.6355 
0.5 8.5 -0.5 1 0.124486 -0.27555 23.6178 
0.5 8.5 4.5 1 0.142347 -0.0643451 23.9522 
0.5 6.5 4.5 1 0.166179 -0.065115 21.9699 
0.5 2.5 2 1 0.21858 -0.207008 17.8381 
0.5 4.5 2 1 0.184539 -0.191887 19.8204 
0.5 4.5 4.5 1 0.194738 -0.0660375 19.9876 
0.5 2.5 4.5 1 0.229586 -0.0671632 18.0053 
