0 0 0 1 -0.599776 -0.484037 15.6439 
0 0 6.5 1 -0.560313 -0.0708916 16.9202 
10 0 0 1 -0.119479 -0.388863 22.999 
10 0 6.5 1 -0.117224 -0.105899 24.2752 
10 10 0 1 0.28656 -0.455966 16.5146 
10 10 6.5 1 0.260508 -0.0650533 17.7908 
0 10 0 1 -0.207712 -0.6724 9.15948 
0 10 6.5 1 -0.191676 0.0204952 10.4358 
0 5 10 1 -0.403272 0.204568 14.3652 
10 5 10 1 0.0387598 0.0721641 21.7203 
0 6 0 1 -0.416451 -0.572114 11.7532 
0 8 0 1 -0.325026 -0.616038 10.4564 
0 8 5 1 -0.303703 -0.134587 11.4381 
0 6 5 1 -0.390251 -0.143078 12.735 
0 2 2.5 1 -0.534064 -0.326091 14.8379 
0 4 2.5 1 -0.474729 -0.336446 13.541 
0 4 5 1 -0.460802 -0.149999 14.0319 
0 2 5 1 -0.519414 -0.15575 15.3288 
0.5 0.5 -0.5 1 -0.556124 -0.517044 15.5892 
0.5 0.5 6 1 -0.519836 -0.100062 16.8655 
10.5 0.5 -0.5 1 -0.0886759 -0.411063 22.9443 
10.5 0.5 6 1 -0.0880392 -0.126291 24.2206 
10.5 10.5 -0.5 1 0.330846 -0.487133 16.4599 
10.5 10.5 6 1 0.301527 -0.0927738 17.7362 
0.5 10.5 -0.5 1 -0.130617 -0.730045 9.10484 
0.5 10.5 6 1 -0.123975 -0.0264152 10.3811 
0.5 5.5 9.5 1 -0.354968 0.171241 14.3105 
10.5 5.5 9.5 1 0.0717798 0.0498172 21.6656 
0.5 6.5 -0.5 1 -0.357425 -0.616509 11.6986 
0.5 8.5 -0.5 1 -0.25816 -0.666199 10.4017 
0.5 8.5 4.5 1 -0.242501 -0.178111 11.3835 
0.5 6.5 4.5 1 -0.335682 -0.182187 12.6803 
0.5 2.5 2 1 -0.487788 -0.360313 14.7832 
0.5 4.5 2 1 -0.423764 -0.374002 13.4864 
0.5 4.5 4.5 1 -0.411571 -0.185507 13.9772 
0.5 2.5 4.5 1 -0.474573 -0.188263 15.2741 
