0 0 0 1 -0.180068 -0.0160852 25.7522 
0 0 6.5 1 -0.194257 0.243415 24.4832 
10 0 0 1 0.210553 -0.0113636 25.4441 
10 0 6.5 1 0.216687 0.251692 24.1751 
10 10 0 1 0.324758 -0.143592 15.6414 
10 10 6.5 1 0.345159 0.287206 14.3724 
0 10 0 1 -0.308149 -0.148662 15.9495 
0 10 6.5 1 -0.342884 0.272658 14.6805 
0 5 10 1 -0.262395 0.445178 18.8985 
10 5 10 1 0.270869 0.459285 18.5905 
0 6 0 1 -0.241752 -0.079934 19.8706 
0 8 0 1 -0.271316 -0.110536 17.91 
0 8 5 1 -0.292357 0.172627 16.9339 
0 6 5 1 -0.259082 0.175428 18.8944 
0 2 2.5 1 -0.203334 0.0706274 23.3036 
0 4 2.5 1 -0.224614 0.0587781 21.343 
0 4 5 1 -0.232063 0.177702 20.855 
0 2 5 1 -0.209688 0.179586 22.8155 
0.5 0.5 -0.5 1 -0.163436 -0.0393031 25.3443 
0.5 0.5 6 1 -0.176988 0.22337 24.0753 
10.5 0.5 -0.5 1 0.233754 -0.0347903 25.0362 
10.5 0.5 6 1 0.241233 0.231529 23.7672 
10.5 10.5 -0.5 1 0.365947 -0.185635 15.2335 
10.5 10.5 6 1 0.390688 0.253927 13.9645 
0.5 10.5 -0.5 1 -0.284388 -0.190004 15.5415 
0.5 10.5 6 1 -0.318003 0.239681 14.2725 
0.5 5.5 9.5 1 -0.241414 0.423531 18.4906 
10.5 5.5 9.5 1 0.304169 0.437586 18.1825 
0.5 6.5 -0.5 1 -0.221386 -0.111507 19.4626 
0.5 8.5 -0.5 1 -0.249358 -0.146359 17.5021 
0.5 8.5 4.5 1 -0.269621 0.141677 16.5259 
0.5 6.5 4.5 1 -0.238023 0.147823 18.4865 
0.5 2.5 2 1 -0.185337 0.0464713 22.8957 
0.5 4.5 2 1 -0.205347 0.0321289 20.9351 
0.5 4.5 4.5 1 -0.212485 0.152789 20.447 
0.5 2.5 4.5 1 -0.191415 0.156887 22.4076 
