0 0 0 1 -0.469214 -0.441226 18.6066 
0 0 6.5 1 -0.473622 -0.091686 19.4582 
10 0 0 1 -0.0247719 -0.342489 24.4337 
10 0 6.5 1 -0.0431326 -0.0768278 25.2854 
10 10 0 1 0.315356 -0.418478 16.4133 
10 10 6.5 1 0.271689 -0.0256561 17.2649 
0 10 0 1 -0.278587 -0.633852 10.5861 
0 10 6.5 1 -0.300279 -0.024863 11.4378 
0 5 10 1 -0.414076 0.152501 15.9065 
10 5 10 1 0.0707972 0.104317 21.7337 
0 6 0 1 -0.381439 -0.529922 13.7943 
0 8 0 1 -0.33678 -0.575049 12.1902 
0 8 5 1 -0.34867 -0.160927 12.8453 
0 6 5 1 -0.389984 -0.163819 14.4494 
0 2 2.5 1 -0.447829 -0.313812 17.33 
0 4 2.5 1 -0.419983 -0.326749 15.7259 
0 4 5 1 -0.423042 -0.166134 16.0535 
0 2 5 1 -0.450093 -0.168027 17.6576 
0.5 0.5 -0.5 1 -0.433923 -0.468599 18.4314 
0.5 0.5 6 1 -0.439929 -0.114675 19.283 
10.5 0.5 -0.5 1 0.00525139 -0.362573 24.2586 
10.5 0.5 6 1 -0.0142557 -0.0943779 25.1102 
10.5 10.5 -0.5 1 0.363878 -0.449303 16.2381 
10.5 10.5 6 1 0.317345 -0.0509181 17.0898 
0.5 10.5 -0.5 1 -0.212901 -0.685553 10.411 
0.5 10.5 6 1 -0.239897 -0.063183 11.2626 
0.5 5.5 9.5 1 -0.372114 0.127041 15.7314 
10.5 5.5 9.5 1 0.105357 0.0853472 21.5585 
0.5 6.5 -0.5 1 -0.332549 -0.568108 13.6191 
0.5 8.5 -0.5 1 -0.280712 -0.618991 12.0151 
0.5 8.5 4.5 1 -0.295665 -0.196871 12.6701 
0.5 6.5 4.5 1 -0.343442 -0.19576 14.2742 
0.5 2.5 2 1 -0.409693 -0.34192 17.1549 
0.5 4.5 2 1 -0.377599 -0.357902 15.5508 
0.5 4.5 4.5 1 -0.381567 -0.194873 15.8783 
0.5 2.5 4.5 1 -0.412695 -0.194149 17.4824 
