0 0 0 1 -0.673514 -0.568181 13.9952 
0 0 6.5 1 -0.607984 -0.103332 15.2482 
10 0 0 1 -0.173924 -0.437908 22.1109 
10 0 6.5 1 -0.157949 -0.141515 23.3639 
10 10 0 1 0.268091 -0.530312 16.5955 
10 10 6.5 1 0.257973 -0.135842 17.8485 
0 10 0 1 -0.133405 -0.833753 8.47981 
0 10 6.5 1 -0.100273 -0.0712911 9.73277 
0 5 10 1 -0.382803 0.174597 13.1652 
10 5 10 1 0.0254072 0.026685 21.2808 
0 6 0 1 -0.416353 -0.694627 10.686 
0 8 0 1 -0.291165 -0.756182 9.58289 
0 8 5 1 -0.253228 -0.222026 10.5467 
0 6 5 1 -0.371652 -0.216141 11.6498 
0 2 2.5 1 -0.576287 -0.398016 13.3741 
0 4 2.5 1 -0.492899 -0.419424 12.271 
0 4 5 1 -0.469589 -0.211274 12.7529 
0 2 5 1 -0.551933 -0.207182 13.856 
0.5 0.5 -0.5 1 -0.623299 -0.604807 14.0289 
0.5 0.5 6 1 -0.562031 -0.137978 15.2818 
10.5 0.5 -0.5 1 -0.142871 -0.461309 22.1445 
10.5 0.5 6 1 -0.128582 -0.164089 23.3975 
10.5 10.5 -0.5 1 0.30855 -0.561287 16.6291 
10.5 10.5 6 1 0.295616 -0.165389 17.8821 
0.5 10.5 -0.5 1 -0.0527925 -0.893057 8.51344 
0.5 10.5 6 1 -0.0301165 -0.125613 9.7664 
0.5 5.5 9.5 1 -0.330171 0.133775 13.1988 
10.5 5.5 9.5 1 0.0573551 0.00163996 21.3145 
0.5 6.5 -0.5 1 -0.351444 -0.742163 10.7196 
0.5 8.5 -0.5 1 -0.219247 -0.808956 9.61652 
0.5 8.5 4.5 1 -0.187982 -0.27169 10.5803 
0.5 6.5 4.5 1 -0.312225 -0.261133 11.6834 
0.5 2.5 2 1 -0.52399 -0.436765 13.4077 
0.5 4.5 2 1 -0.436141 -0.461588 12.3046 
0.5 4.5 4.5 1 -0.415032 -0.252397 12.7865 
0.5 2.5 4.5 1 -0.501509 -0.245049 13.8896 
