0 0 0 1 0.288327 -0.268759 18.5824 
0 0 6.5 1 0.253107 0.079189 18.6048 
10 0 0 1 0.204835 -0.576583 9.20962 
10 0 6.5 1 0.13406 0.125368 9.23194 
10 10 0 1 -0.585926 -0.492913 12.6952 
10 10 6.5 1 -0.635916 0.016504 12.7175 
0 10 0 1 -0.179765 -0.269245 22.068 
0 10 6.5 1 -0.208955 0.0238021 22.0903 
0 5 10 1 -0.0148729 0.220145 20.3595 
10 5 10 1 -0.343521 0.379197 10.9867 
0 6 0 1 -0.0114692 -0.269071 20.6738 
0 8 0 1 -0.0983622 -0.269161 21.3709 
0 8 5 1 -0.121618 -0.0363383 21.388 
0 6 5 1 -0.0355809 -0.028404 20.6909 
0 2 2.5 1 0.16815 -0.139786 19.2881 
0 4 2.5 1 0.0689668 -0.144392 19.9852 
0 4 5 1 0.0564561 -0.0199165 19.9938 
0 2 5 1 0.155143 -0.0108157 19.2967 
0.5 0.5 -0.5 1 0.260736 -0.303771 18.2864 
0.5 0.5 6 1 0.22498 0.0498464 18.3087 
10.5 0.5 -0.5 1 0.145459 -0.658637 8.91354 
10.5 0.5 6 1 0.072487 0.0667776 8.93586 
10.5 10.5 -0.5 1 -0.647494 -0.549902 12.3991 
10.5 10.5 6 1 -0.698564 -0.0282401 12.4214 
0.5 10.5 -0.5 1 -0.209305 -0.298659 21.7719 
0.5 10.5 6 1 -0.238861 -0.00160015 21.7942 
0.5 5.5 9.5 1 -0.0444942 0.195448 20.0635 
10.5 5.5 9.5 1 -0.408214 0.337255 10.6906 
0.5 6.5 -0.5 1 -0.0405843 -0.300494 20.3777 
0.5 8.5 -0.5 1 -0.127735 -0.299546 21.0748 
0.5 8.5 4.5 1 -0.151294 -0.0634305 21.092 
0.5 6.5 4.5 1 -0.0650216 -0.0563071 20.3949 
0.5 2.5 2 1 0.139711 -0.171486 18.9921 
0.5 4.5 2 1 0.0400431 -0.175039 19.6892 
0.5 4.5 4.5 1 0.0273569 -0.0486795 19.6977 
0.5 2.5 4.5 1 0.126514 -0.0404922 19.0006 
