0 0 0 1 -0.175504 -0.017614 25.8174 
0 0 6.5 1 -0.188621 0.241145 24.5412 
10 0 0 1 0.214914 -0.0150919 25.4068 
10 0 6.5 1 0.222222 0.248204 24.1305 
10 10 0 1 0.3249 -0.150629 15.61 
10 10 6.5 1 0.346996 0.280554 14.3338 
0 10 0 1 -0.307081 -0.15122 16.0206 
0 10 6.5 1 -0.340302 0.267905 14.7444 
0 5 10 1 -0.257233 0.441322 18.9556 
10 5 10 1 0.275833 0.454939 18.545 
0 6 0 1 -0.238934 -0.0820229 19.9393 
0 8 0 1 -0.269294 -0.112851 17.98 
0 8 5 1 -0.289279 0.16902 16.9983 
0 6 5 1 -0.255281 0.172312 18.9576 
0 2 2.5 1 -0.198844 0.0685888 23.3672 
0 4 2.5 1 -0.220674 0.0564816 21.4078 
0 4 5 1 -0.227653 0.174987 20.917 
0 2 5 1 -0.204757 0.177204 22.8763 
0.5 0.5 -0.5 1 -0.159156 -0.0409281 25.4052 
0.5 0.5 6 1 -0.171632 0.221018 24.129 
10.5 0.5 -0.5 1 0.237969 -0.0387474 24.9946 
10.5 0.5 6 1 0.246645 0.227851 23.7183 
10.5 10.5 -0.5 1 0.365801 -0.19321 15.1978 
10.5 10.5 6 1 0.3923 0.246837 13.9216 
0.5 10.5 -0.5 1 -0.283946 -0.192696 15.6084 
0.5 10.5 6 1 -0.316063 0.23479 14.3322 
0.5 5.5 9.5 1 -0.236652 0.419582 18.5434 
10.5 5.5 9.5 1 0.308998 0.433016 18.1328 
0.5 6.5 -0.5 1 -0.219004 -0.113715 19.5271 
0.5 8.5 -0.5 1 -0.247854 -0.148801 17.5678 
0.5 8.5 4.5 1 -0.267066 0.137947 16.5861 
0.5 6.5 4.5 1 -0.234659 0.144595 18.5454 
0.5 2.5 2 1 -0.18117 0.044334 22.955 
0.5 4.5 2 1 -0.201779 0.0297256 20.9956 
0.5 4.5 4.5 1 -0.208446 0.149973 20.5048 
0.5 2.5 4.5 1 -0.186806 0.154412 22.4641 
