0 0 0 1 0.256246 -0.0374416 18.1189 
0 0 6.5 1 0.260084 0.337184 16.9224 
10 0 0 1 -0.184174 -0.212543 10.8143 
10 0 6.5 1 -0.232212 0.424823 9.61777 
10 10 0 1 -0.544221 -0.0775555 17.3911 
10 10 6.5 1 -0.599351 0.310943 16.1946 
0 10 0 1 -0.114594 0.010987 24.6957 
0 10 6.5 1 -0.130712 0.283231 23.4992 
0 5 10 1 0.0273269 0.491583 19.5665 
10 5 10 1 -0.497469 0.652301 12.2619 
0 6 0 1 0.0072137 -0.0049201 22.065 
0 8 0 1 -0.0571166 0.0034809 23.3803 
0 8 5 1 -0.0677334 0.222281 22.4599 
0 6 5 1 -0.00126336 0.227126 21.1446 
0 2 2.5 1 0.161029 0.103671 18.974 
0 4 2.5 1 0.076927 0.106312 20.2894 
0 4 5 1 0.0740252 0.232613 19.8292 
0 2 5 1 0.160012 0.23888 18.5139 
0.5 0.5 -0.5 1 0.217673 -0.0661928 18.1745 
0.5 0.5 6 1 0.21878 0.305179 16.978 
10.5 0.5 -0.5 1 -0.246413 -0.259719 10.8699 
10.5 0.5 6 1 -0.301873 0.368146 9.67341 
10.5 10.5 -0.5 1 -0.58185 -0.107378 17.4467 
10.5 10.5 6 1 -0.639562 0.277594 16.2502 
0.5 10.5 -0.5 1 -0.142084 -0.0102335 24.7513 
0.5 10.5 6 1 -0.15956 0.260289 23.5548 
0.5 5.5 9.5 1 -0.00775117 0.463452 19.6221 
10.5 5.5 9.5 1 -0.550979 0.606763 12.3175 
0.5 6.5 -0.5 1 -0.0238518 -0.0286242 22.1206 
0.5 8.5 -0.5 1 -0.0862857 -0.0189127 23.436 
0.5 8.5 4.5 1 -0.0980687 0.198432 22.5156 
0.5 6.5 4.5 1 -0.0336553 0.201784 21.2002 
0.5 2.5 2 1 0.124468 0.0757996 19.0297 
0.5 4.5 2 1 0.0429597 0.0802352 20.3451 
0.5 4.5 4.5 1 0.0392799 0.205579 19.8849 
0.5 2.5 4.5 1 0.122548 0.209912 18.5695 
