0 0 0 1 -0.712725 -0.601774 13.0187 
0 0 6.5 1 -0.633398 -0.101788 14.1243 
10 0 0 1 -0.209895 -0.442082 21.6541 
10 0 6.5 1 -0.185091 -0.139555 22.7597 
10 10 0 1 0.251301 -0.544718 16.9068 
10 10 6.5 1 0.254335 -0.156158 18.0123 
0 10 0 1 -0.0586344 -0.903219 8.27139 
0 10 6.5 1 -0.0162652 -0.11456 9.37697 
0 5 10 1 -0.353994 0.177256 12.3459 
10 5 10 1 0.017315 0.0214405 20.9813 
0 6 0 1 -0.393547 -0.748871 10.1703 
0 8 0 1 -0.243334 -0.818098 9.22086 
0 8 5 1 -0.197392 -0.26045 10.0713 
0 6 5 1 -0.339972 -0.244607 11.0208 
0 2 2.5 1 -0.591632 -0.424298 12.4945 
0 4 2.5 1 -0.48795 -0.452897 11.545 
0 4 5 1 -0.459933 -0.231278 11.9702 
0 2 5 1 -0.562263 -0.219907 12.9197 
0.5 0.5 -0.5 1 -0.657215 -0.639479 13.1281 
0.5 0.5 6 1 -0.582809 -0.140405 14.2337 
10.5 0.5 -0.5 1 -0.178937 -0.465628 21.7635 
10.5 0.5 6 1 -0.155749 -0.16341 22.869 
10.5 10.5 -0.5 1 0.287932 -0.574175 17.0161 
10.5 10.5 6 1 0.288712 -0.186162 18.1217 
0.5 10.5 -0.5 1 0.0197848 -0.958349 8.38075 
0.5 10.5 6 1 0.0525262 -0.172357 9.48632 
0.5 5.5 9.5 1 -0.298635 0.130675 12.4553 
10.5 5.5 9.5 1 0.0480824 -0.00526079 21.0907 
0.5 6.5 -0.5 1 -0.326051 -0.795459 10.2797 
0.5 8.5 -0.5 1 -0.17073 -0.868616 9.33021 
0.5 8.5 4.5 1 -0.131347 -0.312737 10.1807 
0.5 6.5 4.5 1 -0.27816 -0.29259 11.1301 
0.5 2.5 2 1 -0.534864 -0.465112 12.6038 
0.5 4.5 2 1 -0.427529 -0.496767 11.6544 
0.5 4.5 4.5 1 -0.401894 -0.27561 12.0796 
0.5 2.5 4.5 1 -0.507594 -0.261104 13.0291 
