0 0 0 1 -0.253529 -0.032655 24.5626 
0 0 6.5 1 -0.281955 0.237844 23.5898 
10 0 0 1 0.140716 0.00208854 25.9045 
10 0 6.5 1 0.129204 0.259385 24.9316 
10 10 0 1 0.316426 -0.0829387 16.1086 
10 10 6.5 1 0.308757 0.335415 15.1357 
0 10 0 1 -0.323384 -0.148457 14.7668 
0 10 6.5 1 -0.376924 0.305974 13.7939 
0 5 10 1 -0.338701 0.460628 18.168 
10 5 10 1 0.190622 0.472832 19.5098 
0 6 0 1 -0.286652 -0.0875654 18.6851 
0 8 0 1 -0.302867 -0.114445 16.7259 
0 8 5 1 -0.337462 0.188935 15.9776 
0 6 5 1 -0.316792 0.183798 17.9367 
0 2 2.5 1 -0.274412 0.0623654 22.2293 
0 4 2.5 1 -0.286608 0.0546772 20.2701 
0 4 5 1 -0.300193 0.179673 19.8959 
0 2 5 1 -0.28657 0.176288 21.8551 
0.5 0.5 -0.5 1 -0.232441 -0.0545981 24.2148 
0.5 0.5 6 1 -0.26041 0.219031 23.2419 
10.5 0.5 -0.5 1 0.166063 -0.0182295 25.5566 
10.5 0.5 6 1 0.155391 0.241904 24.5838 
10.5 10.5 -0.5 1 0.361405 -0.117762 15.7607 
10.5 10.5 6 1 0.356515 0.308142 14.7879 
0.5 10.5 -0.5 1 -0.289654 -0.188101 14.4189 
0.5 10.5 6 1 -0.342139 0.275217 13.446 
0.5 5.5 9.5 1 -0.311708 0.44044 17.8201 
10.5 5.5 9.5 1 0.225333 0.454279 19.162 
0.5 6.5 -0.5 1 -0.259433 -0.117584 18.3372 
0.5 8.5 -0.5 1 -0.272736 -0.148625 16.3781 
0.5 8.5 4.5 1 -0.306659 0.159871 15.6297 
0.5 6.5 4.5 1 -0.289011 0.15787 17.5889 
0.5 2.5 2 1 -0.251407 0.039593 21.8814 
0.5 4.5 2 1 -0.261554 0.0295311 19.9222 
0.5 4.5 4.5 1 -0.274901 0.15627 19.5481 
0.5 2.5 4.5 1 -0.263362 0.154962 21.5072 
