0 0 0 1 0.257805 -0.0824907 18.3397 
0 0 6.5 1 0.251913 0.282896 17.2873 
10 0 0 1 -0.124832 -0.298474 10.5423 
10 0 6.5 1 -0.177998 0.343184 9.48989 
10 10 0 1 -0.558281 -0.157662 16.5903 
10 10 6.5 1 -0.62011 0.243772 15.5379 
0 10 0 1 -0.13195 -0.0402629 24.3877 
0 10 6.5 1 -0.153892 0.232328 23.3353 
0 5 10 1 0.00916481 0.435761 19.7447 
10 5 10 1 -0.490752 0.583417 11.9472 
0 6 0 1 -0.00180033 -0.0543639 21.9685 
0 8 0 1 -0.0702713 -0.0469455 23.1781 
0 8 5 1 -0.0856471 0.17156 22.3686 
0 6 5 1 -0.0154355 0.176349 21.159 
0 2 2.5 1 0.156459 0.055168 19.1446 
0 4 2.5 1 0.0690833 0.0571064 20.3542 
0 4 5 1 0.0632905 0.181719 19.9494 
0 2 5 1 0.15218 0.187782 18.7398 
0.5 0.5 -0.5 1 0.221307 -0.112395 18.3332 
0.5 0.5 6 1 0.213191 0.251308 17.2808 
10.5 0.5 -0.5 1 -0.188578 -0.350644 10.5358 
10.5 0.5 6 1 -0.248855 0.285666 9.48337 
10.5 10.5 -0.5 1 -0.598949 -0.19075 16.5838 
10.5 10.5 6 1 -0.66356 0.20861 15.5314 
0.5 10.5 -0.5 1 -0.159498 -0.062738 24.3812 
0.5 10.5 6 1 -0.182689 0.208915 23.3288 
0.5 5.5 9.5 1 -0.0248172 0.408156 19.7381 
10.5 5.5 9.5 1 -0.547198 0.537867 11.9407 
0.5 6.5 -0.5 1 -0.0323446 -0.0793189 21.962 
0.5 8.5 -0.5 1 -0.0992403 -0.0705957 23.1716 
0.5 8.5 4.5 1 -0.115669 0.147118 22.3621 
0.5 6.5 4.5 1 -0.0471529 0.15051 21.1525 
0.5 2.5 2 1 0.121462 0.026568 19.138 
0.5 4.5 2 1 0.0361384 0.0302072 20.3476 
0.5 4.5 4.5 1 0.0296751 0.154315 19.9429 
0.5 2.5 4.5 1 0.116425 0.158611 18.7333 
