0 0 0 1 -0.148892 -0.0272408 26.1488 
0 0 6.5 1 -0.155447 0.227619 24.8587 
10 0 0 1 0.240836 -0.0384179 25.1243 
10 0 6.5 1 0.255093 0.226792 23.8342 
10 10 0 1 0.324938 -0.190819 15.3769 
10 10 6.5 1 0.356761 0.243947 14.0869 
0 10 0 1 -0.30166 -0.163479 16.4014 
0 10 6.5 1 -0.325485 0.244144 15.1114 
0 5 10 1 -0.226832 0.420114 19.2904 
10 5 10 1 0.304856 0.429832 18.2659 
0 6 0 1 -0.222948 -0.093284 20.3003 
0 8 0 1 -0.258123 -0.124653 18.3508 
0 8 5 1 -0.271589 0.150531 17.3585 
0 6 5 1 -0.233246 0.155728 19.308 
0 2 2.5 1 -0.172678 0.0567072 23.7031 
0 4 2.5 1 -0.197845 0.0436866 21.7536 
0 4 5 1 -0.201936 0.159971 21.2575 
0 2 5 1 -0.175887 0.163502 23.207 
0.5 0.5 -0.5 1 -0.134234 -0.0510885 25.7094 
0.5 0.5 6 1 -0.140133 0.207097 24.4194 
10.5 0.5 -0.5 1 0.263039 -0.0634544 24.6849 
10.5 0.5 6 1 0.278788 0.205356 23.3949 
10.5 10.5 -0.5 1 0.364102 -0.236675 14.9375 
10.5 10.5 6 1 0.400652 0.207752 13.6475 
0.5 10.5 -0.5 1 -0.282257 -0.20564 15.962 
0.5 10.5 6 1 -0.305089 0.210483 14.672 
0.5 5.5 9.5 1 -0.208659 0.398017 18.8511 
10.5 5.5 9.5 1 0.337178 0.406704 17.8266 
0.5 6.5 -0.5 1 -0.205613 -0.125615 19.861 
0.5 8.5 -0.5 1 -0.239764 -0.161273 17.9115 
0.5 8.5 4.5 1 -0.252502 0.11891 16.9192 
0.5 6.5 4.5 1 -0.215239 0.127495 18.8686 
0.5 2.5 2 1 -0.156928 0.0319379 23.2638 
0.5 4.5 2 1 -0.181175 0.0163834 21.3143 
0.5 4.5 4.5 1 -0.184955 0.134472 20.8181 
0.5 2.5 4.5 1 -0.159856 0.140254 22.7676 
