0 0 0 1 0.25648 -0.144751 17.8071 
0 0 6.5 1 0.291012 0.229015 16.6403 
10 0 0 1 -0.309561 -0.25651 12.449 
10 0 6.5 1 -0.31717 0.283208 11.2821 
10 10 0 1 -0.445931 -0.0702743 20.6993 
10 10 6.5 1 -0.458473 0.252598 19.5325 
0 10 0 1 -0.0310688 -0.0321958 26.0574 
0 10 6.5 1 -0.0214624 0.222957 24.8906 
0 5 10 1 0.114337 0.403243 20.1371 
10 5 10 1 -0.413997 0.507779 14.779 
0 6 0 1 0.0589314 -0.0674247 22.7573 
0 8 0 1 0.010889 -0.0486194 24.4074 
0 8 5 1 0.0203145 0.158553 23.5098 
0 6 5 1 0.071041 0.154613 21.8597 
0 2 2.5 1 0.18927 0.0119546 19.0084 
0 4 2.5 1 0.122099 0.0278322 20.6585 
0 4 5 1 0.130051 0.150031 20.2097 
0 2 5 1 0.199553 0.144634 18.5596 
0.5 0.5 -0.5 1 0.213735 -0.166997 18.0415 
0.5 0.5 6 1 0.244833 0.20004 16.8746 
10.5 0.5 -0.5 1 -0.359904 -0.286089 12.6833 
10.5 0.5 6 1 -0.372459 0.239649 11.5165 
10.5 10.5 -0.5 1 -0.474906 -0.0902805 20.9337 
10.5 10.5 6 1 -0.489009 0.227582 19.7668 
0.5 10.5 -0.5 1 -0.0578369 -0.0484643 26.2918 
0.5 10.5 6 1 -0.0495632 0.203553 25.125 
0.5 5.5 9.5 1 0.0781173 0.377237 20.3715 
10.5 5.5 9.5 1 -0.454896 0.47086 15.0134 
0.5 6.5 -0.5 1 0.0274037 -0.0856692 22.9917 
0.5 8.5 -0.5 1 -0.0180705 -0.0658211 24.6417 
0.5 8.5 4.5 1 -0.0098328 0.138656 23.7442 
0.5 6.5 4.5 1 0.0381041 0.133272 22.0941 
0.5 2.5 2 1 0.150013 -0.0108111 19.2428 
0.5 4.5 2 1 0.0866955 0.00668637 20.8928 
0.5 4.5 4.5 1 0.093779 0.12702 20.444 
0.5 2.5 4.5 1 0.15923 0.11967 18.794 
