0 0 0 1 0.400836 -0.621001 12.0295 
0 0 6.5 1 0.355759 -0.0825059 13.3089 
10 0 0 1 -0.310752 -0.545085 15.059 
10 0 6.5 1 -0.291748 -0.112384 16.3384 
10 10 0 1 -0.0641561 -0.411671 24.3836 
10 10 6.5 1 -0.0643514 -0.142842 25.6629 
0 10 0 1 0.37169 -0.435509 21.354 
0 10 6.5 1 0.346831 -0.12935 22.6334 
0 5 10 1 0.334698 0.0760107 18.6601 
10 5 10 1 -0.150117 0.0313632 21.6896 
0 6 0 1 0.379647 -0.486152 17.6242 
0 8 0 1 0.375288 -0.458408 19.4891 
0 8 5 1 0.353976 -0.196951 20.4733 
0 6 5 1 0.355969 -0.197026 18.6084 
0 2 2.5 1 0.376145 -0.374335 14.3865 
0 4 2.5 1 0.371319 -0.353895 16.2514 
0 4 5 1 0.358405 -0.197116 16.7434 
0 2 5 1 0.361453 -0.19723 14.8785 
0.5 0.5 -0.5 1 0.359337 -0.644595 12.5488 
0.5 0.5 6 1 0.319792 -0.124139 13.8281 
10.5 0.5 -0.5 1 -0.32046 -0.566622 15.5783 
10.5 0.5 6 1 -0.301305 -0.145615 16.8576 
10.5 10.5 -0.5 1 -0.0753715 -0.427925 24.9028 
10.5 10.5 6 1 -0.0750149 -0.163634 26.1822 
0.5 10.5 -0.5 1 0.348574 -0.453449 21.8733 
0.5 10.5 6 1 0.32555 -0.153165 23.1527 
0.5 5.5 9.5 1 0.309336 0.0417015 19.1793 
10.5 5.5 9.5 1 -0.160683 0.00277805 22.2088 
0.5 6.5 -0.5 1 0.351551 -0.506331 18.1435 
0.5 8.5 -0.5 1 0.349924 -0.477425 20.0084 
0.5 8.5 4.5 1 0.330328 -0.221545 20.9926 
0.5 6.5 4.5 1 0.329961 -0.224015 19.1277 
0.5 2.5 2 1 0.342068 -0.402792 14.9057 
0.5 4.5 2 1 0.341181 -0.37982 16.7707 
0.5 4.5 4.5 1 0.329515 -0.227019 17.2627 
0.5 2.5 4.5 1 0.328961 -0.23075 15.3978 
