0 0 0 1 0.256849 -0.0255992 17.9935 
0 0 6.5 1 0.267829 0.353458 16.7333 
10 0 0 1 -0.218648 -0.179669 11.0565 
10 0 6.5 1 -0.261065 0.447991 9.7962 
10 10 0 1 -0.528928 -0.0428551 17.9932 
10 10 6.5 1 -0.57713 0.33491 16.7329 
0 10 0 1 -0.0993975 0.030276 24.9302 
0 10 6.5 1 -0.110603 0.301222 23.67 
0 5 10 1 0.0438702 0.509909 19.523 
10 5 10 1 -0.491232 0.66972 12.586 
0 6 0 1 0.0163321 0.0121245 22.1555 
0 8 0 1 -0.0449426 0.0217351 23.5429 
0 8 5 1 -0.0516422 0.239912 22.5735 
0 6 5 1 0.0119976 0.244149 21.1861 
0 2 2.5 1 0.166588 0.118248 18.8961 
0 4 2.5 1 0.0851895 0.122144 20.2835 
0 4 5 1 0.0845561 0.248979 19.7988 
0 2 5 1 0.16805 0.254538 18.4114 
0.5 0.5 -0.5 1 0.216991 -0.053428 18.0904 
0.5 0.5 6 1 0.224923 0.321362 16.8302 
10.5 0.5 -0.5 1 -0.279166 -0.223468 11.1534 
10.5 0.5 6 1 -0.328876 0.392464 9.89313 
10.5 10.5 -0.5 1 -0.564578 -0.0705921 18.0901 
10.5 10.5 6 1 -0.615171 0.30292 16.8298 
0.5 10.5 -0.5 1 -0.126829 0.009944 25.0272 
0.5 10.5 6 1 -0.139443 0.278707 23.7669 
0.5 5.5 9.5 1 0.00817071 0.481604 19.6199 
10.5 5.5 9.5 1 -0.542368 0.624712 12.6829 
0.5 6.5 -0.5 1 -0.015024 -0.0106637 22.2525 
0.5 8.5 -0.5 1 -0.0742073 0.000244873 23.6398 
0.5 8.5 4.5 1 -0.0821298 0.21657 22.6704 
0.5 6.5 4.5 1 -0.0207671 0.219266 21.283 
0.5 2.5 2 1 0.129084 0.0910076 18.9931 
0.5 4.5 2 1 0.0506256 0.0967397 20.3804 
0.5 4.5 4.5 1 0.0491532 0.222338 19.8957 
0.5 2.5 4.5 1 0.129556 0.22587 18.5084 
