0 0 0 1 0.00531259 -0.133694 25.7228 
0 0 6.5 1 0.0304555 0.118589 25.5177 
10 0 0 1 0.420952 -0.215526 20.6349 
10 0 6.5 1 0.456528 0.0987647 20.4299 
10 10 0 1 0.298703 -0.350381 12.0318 
10 10 6.5 1 0.358038 0.190198 11.8267 
0 10 0 1 -0.289476 -0.187348 17.1196 
0 10 6.5 1 -0.255119 0.192602 16.9146 
0 5 10 1 -0.0674769 0.313808 21.1058 
10 5 10 1 0.444846 0.350533 16.0179 
0 6 0 1 -0.141958 -0.160499 20.5609 
0 8 0 1 -0.208981 -0.172697 18.8403 
0 8 5 1 -0.184373 0.0920379 18.6826 
0 6 5 1 -0.118907 0.0820054 20.4032 
0 2 2.5 1 -0.0265631 -0.0378743 23.9233 
0 4 2.5 1 -0.0744935 -0.0387226 22.2027 
0 4 5 1 -0.0636241 0.0735333 22.1238 
0 2 5 1 -0.0163195 0.066284 23.8444 
0.5 0.5 -0.5 1 0.0103875 -0.158663 25.054 
0.5 0.5 6 1 0.036249 0.100204 24.849 
10.5 0.5 -0.5 1 0.441243 -0.249599 19.9661 
10.5 0.5 6 1 0.478233 0.0749755 19.7611 
10.5 10.5 -0.5 1 0.32716 -0.418187 11.363 
10.5 10.5 6 1 0.390575 0.153546 11.158 
0.5 10.5 -0.5 1 -0.293732 -0.227555 16.4509 
0.5 10.5 6 1 -0.258013 0.167528 16.2458 
0.5 5.5 9.5 1 -0.0636375 0.297843 20.437 
10.5 5.5 9.5 1 0.472281 0.330875 15.3491 
0.5 6.5 -0.5 1 -0.140517 -0.192848 19.8921 
0.5 8.5 -0.5 1 -0.209871 -0.208558 18.1715 
0.5 8.5 4.5 1 -0.184357 0.0656915 18.0138 
0.5 6.5 4.5 1 -0.116674 0.0576161 19.7344 
0.5 2.5 2 1 -0.0220122 -0.0620194 23.2545 
0.5 4.5 2 1 -0.0710675 -0.0648233 21.5339 
0.5 4.5 4.5 1 -0.0598467 0.0508359 21.455 
0.5 2.5 4.5 1 -0.0114575 0.0450625 23.1757 
