0 0 0 1 0.294721 -0.531659 10.5576 
0 0 6.5 1 0.235317 0.0815596 10.4715 
10 0 0 1 -0.223157 -0.353087 17.6279 
10 0 6.5 1 -0.261161 0.0138471 17.5418 
10 10 0 1 0.125216 -0.219713 24.6985 
10 10 6.5 1 0.0993486 0.0422765 24.6124 
0 10 0 1 0.575101 -0.273167 17.6282 
0 10 6.5 1 0.541018 0.094155 17.542 
0 5 10 1 0.403192 0.339185 13.9604 
10 5 10 1 -0.0673605 0.196094 21.0307 
0 6 0 1 0.495097 -0.346925 14.8 
0 8 0 1 0.538588 -0.306829 16.2141 
0 8 5 1 0.509956 -1.61928e-05 16.1478 
0 6 5 1 0.463522 -0.0108449 14.7337 
0 2 2.5 1 0.357481 -0.248453 11.9386 
0 4 2.5 1 0.424866 -0.210194 13.3527 
0 4 5 1 0.407227 -0.023973 13.3196 
0 2 5 1 0.33756 -0.0402197 11.9055 
0.5 0.5 -0.5 1 0.280395 -0.541304 11.2713 
0.5 0.5 6 1 0.22467 0.0327134 11.1851 
10.5 0.5 -0.5 1 -0.21181 -0.365962 18.3416 
10.5 0.5 6 1 -0.248275 -0.0134339 18.2555 
10.5 10.5 -0.5 1 0.123622 -0.232751 25.4122 
10.5 10.5 6 1 0.0984782 0.0218107 25.326 
0.5 10.5 -0.5 1 0.555388 -0.289152 18.3419 
0.5 10.5 6 1 0.522544 0.0637349 18.2557 
0.5 5.5 9.5 1 0.386913 0.289423 14.674 
10.5 5.5 9.5 1 -0.0629027 0.167209 21.7444 
0.5 6.5 -0.5 1 0.47547 -0.362431 15.5136 
0.5 8.5 -0.5 1 0.518767 -0.322731 16.9277 
0.5 8.5 4.5 1 0.49127 -0.0289659 16.8615 
0.5 6.5 4.5 1 0.44527 -0.0419445 15.4474 
0.5 2.5 2 1 0.341178 -0.27302 12.6523 
0.5 4.5 2 1 0.406783 -0.234232 14.0664 
0.5 4.5 4.5 1 0.389999 -0.0575387 14.0333 
0.5 2.5 4.5 1 0.322341 -0.076628 12.6191 
