0 0 0 1 0.292543 -0.329202 18.7231 
0 0 6.5 1 0.255024 0.0133824 19.575 
10 0 0 1 0.452347 -0.558468 8.90106 
10 0 6.5 1 0.363083 0.149151 9.75302 
10 10 0 1 -0.569921 -0.575259 10.2464 
10 10 6.5 1 -0.56989 0.0478736 11.0983 
0 10 0 1 -0.218686 -0.353144 20.0684 
0 10 6.5 1 -0.232973 -0.0316151 20.9204 
0 5 10 1 -0.00976287 0.15745 20.7064 
10 5 10 1 -0.151877 0.409113 10.8844 
0 6 0 1 -0.022646 -0.343963 19.5303 
0 8 0 1 -0.121998 -0.348616 19.7993 
0 8 5 1 -0.136336 -0.0958003 20.4547 
0 6 5 1 -0.0404009 -0.0879286 20.1856 
0 2 2.5 1 0.171714 -0.200672 19.3198 
0 4 2.5 1 0.0686254 -0.207343 19.5889 
0 4 5 1 0.0581264 -0.0798442 19.9166 
0 2 5 1 0.159352 -0.0715383 19.6475 
0.5 0.5 -0.5 1 0.271408 -0.364406 18.2337 
0.5 0.5 6 1 0.233871 -0.0114668 19.0857 
10.5 0.5 -0.5 1 0.415831 -0.648118 8.41169 
10.5 0.5 6 1 0.325211 0.105128 9.26365 
10.5 10.5 -0.5 1 -0.652674 -0.65339 9.757 
10.5 10.5 6 1 -0.645996 0.00476061 10.609 
0.5 10.5 -0.5 1 -0.251146 -0.386528 19.579 
0.5 10.5 6 1 -0.264422 -0.0559058 20.431 
0.5 5.5 9.5 1 -0.0361416 0.137479 20.2171 
10.5 5.5 9.5 1 -0.209871 0.382119 10.395 
0.5 6.5 -0.5 1 -0.0509853 -0.378055 19.0409 
0.5 8.5 -0.5 1 -0.15246 -0.38235 19.31 
0.5 8.5 4.5 1 -0.16615 -0.122231 19.9653 
0.5 6.5 4.5 1 -0.0682384 -0.114525 19.6963 
0.5 2.5 2 1 0.14811 -0.231421 18.8305 
0.5 4.5 2 1 0.0427117 -0.23783 19.0995 
0.5 4.5 4.5 1 0.0323853 -0.106605 19.4272 
0.5 2.5 4.5 1 0.135835 -0.0984627 19.1581 
