0 0 0 1 -0.203641 -0.335876 10.1111 
0 0 6.5 1 -0.226417 0.337114 8.8256 
10 0 0 1 -0.247425 -0.0753079 19.5244 
10 0 6.5 1 -0.261532 0.268711 18.2388 
10 10 0 1 0.214604 -0.0453823 22.2593 
10 10 6.5 1 0.230656 0.255612 20.9737 
0 10 0 1 0.587628 -0.228547 12.846 
0 10 6.5 1 0.65823 0.297167 11.5605 
0 5 10 1 0.298745 0.698467 9.50084 
10 5 10 1 0.00351952 0.452667 18.9141 
0 6 0 1 0.315314 -0.265484 11.7521 
0 8 0 1 0.457526 -0.246194 12.2991 
0 8 5 1 0.501663 0.165608 11.3102 
0 6 5 1 0.348628 0.165474 10.7632 
0 2 2.5 1 -0.0112284 -0.08398 10.1637 
0 4 2.5 1 0.16875 -0.0710987 10.7107 
0 4 5 1 0.179205 0.165325 10.2162 
0 2 5 1 -0.00938479 0.165159 9.66924 
0.5 0.5 -0.5 1 -0.15918 -0.348224 10.8174 
0.5 0.5 6 1 -0.174272 0.273233 9.5319 
10.5 0.5 -0.5 1 -0.222123 -0.0910076 20.2307 
10.5 0.5 6 1 -0.233987 0.239121 18.9451 
10.5 10.5 -0.5 1 0.222683 -0.0601328 22.9656 
10.5 10.5 6 1 0.238691 0.230181 21.68 
0.5 10.5 -0.5 1 0.581879 -0.243997 13.5523 
0.5 10.5 6 1 0.647813 0.249828 12.2668 
0.5 5.5 9.5 1 0.311102 0.613808 10.2071 
10.5 5.5 9.5 1 0.0205751 0.417473 19.6204 
0.5 6.5 -0.5 1 0.324498 -0.280197 12.4584 
0.5 8.5 -0.5 1 0.458601 -0.261336 13.0054 
0.5 8.5 4.5 1 0.500231 0.125016 12.0165 
0.5 6.5 4.5 1 0.356552 0.122954 11.4695 
0.5 2.5 2 1 0.0205154 -0.112636 10.87 
0.5 4.5 2 1 0.187839 -0.0991788 11.417 
0.5 4.5 4.5 1 0.198482 0.120685 10.9225 
0.5 2.5 4.5 1 0.0237462 0.118177 10.3755 
