0 0 0 1 -0.107173 -0.0355681 26.4052 
0 0 6.5 1 -0.102902 0.216016 25.2045 
10 0 0 1 0.284487 -0.0691607 24.3619 
10 0 6.5 1 0.30944 0.202877 23.1611 
10 10 0 1 0.324507 -0.231457 14.7488 
10 10 6.5 1 0.370713 0.219223 13.548 
0 10 0 1 -0.296239 -0.158885 16.7921 
0 10 6.5 1 -0.303896 0.238321 15.5913 
0 5 10 1 -0.179158 0.405925 19.7513 
10 5 10 1 0.351364 0.410654 17.708 
0 6 0 1 -0.199476 -0.095772 20.6374 
0 8 0 1 -0.242887 -0.124087 18.7147 
0 8 5 1 -0.245279 0.145485 17.7911 
0 6 5 1 -0.199601 0.148835 19.7137 
0 2 2.5 1 -0.131883 0.0487219 24.0208 
0 4 2.5 1 -0.162767 0.0373141 22.0982 
0 4 5 1 -0.16204 0.151591 21.6363 
0 2 5 1 -0.13061 0.153896 23.5589 
0.5 0.5 -0.5 1 -0.0952086 -0.0599646 25.9148 
0.5 0.5 6 1 -0.0902716 0.195427 24.714 
10.5 0.5 -0.5 1 0.305522 -0.0963357 23.8714 
10.5 0.5 6 1 0.332129 0.180148 22.6707 
10.5 10.5 -0.5 1 0.361102 -0.282537 14.2583 
10.5 10.5 6 1 0.412408 0.180375 13.0575 
0.5 10.5 -0.5 1 -0.282907 -0.201378 16.3017 
0.5 10.5 6 1 -0.289753 0.205349 15.1009 
0.5 5.5 9.5 1 -0.164893 0.384343 19.2609 
10.5 5.5 9.5 1 0.382434 0.386645 17.2175 
0.5 6.5 -0.5 1 -0.186333 -0.128619 20.1469 
0.5 8.5 -0.5 1 -0.229526 -0.16116 18.2243 
0.5 8.5 4.5 1 -0.231272 0.114074 17.3006 
0.5 6.5 4.5 1 -0.18583 0.120651 19.2232 
0.5 2.5 2 1 -0.119222 0.0236101 23.5303 
0.5 4.5 2 1 -0.14968 0.00970894 21.6077 
0.5 4.5 4.5 1 -0.14865 0.126033 21.1459 
0.5 2.5 4.5 1 -0.117668 0.130518 23.0685 
