0 0 0 1 0.0925212 -0.405185 23.3428 
0 0 6.5 1 0.10801 -0.125286 24.2494 
10 0 0 1 0.559649 -0.555464 16.0538 
10 0 6.5 1 0.556825 -0.14724 16.9604 
10 10 0 1 0.182831 -0.796706 9.35118 
10 10 6.5 1 0.211465 -0.100421 10.2578 
0 10 0 1 -0.307394 -0.480223 16.6402 
0 10 6.5 1 -0.265326 -0.0895301 17.5468 
0 5 10 1 -0.0360422 0.0538853 21.3863 
10 5 10 1 0.429444 0.120114 14.0972 
0 6 0 1 -0.114132 -0.443961 19.3212 
0 8 0 1 -0.203559 -0.46074 17.9807 
0 8 5 1 -0.177036 -0.179137 18.6781 
0 6 5 1 -0.0925004 -0.181799 20.0186 
0 2 2.5 1 0.0394375 -0.299561 22.351 
0 4 2.5 1 -0.0272956 -0.304708 21.0105 
0 4 5 1 -0.0185762 -0.184127 21.3591 
0 2 5 1 0.0466169 -0.18618 22.6997 
0.5 0.5 -0.5 1 0.0931119 -0.436424 22.5735 
0.5 0.5 6 1 0.109085 -0.146148 23.4801 
10.5 0.5 -0.5 1 0.584034 -0.609164 15.2845 
10.5 0.5 6 1 0.57971 -0.178537 16.1911 
10.5 10.5 -0.5 1 0.192481 -0.913973 8.58186 
10.5 10.5 6 1 0.222514 -0.150029 9.48846 
0.5 10.5 -0.5 1 -0.325939 -0.528292 15.8709 
0.5 10.5 6 1 -0.28094 -0.117086 16.7775 
0.5 5.5 9.5 1 -0.0401928 0.0368123 20.6169 
10.5 5.5 9.5 1 0.449892 0.0975263 13.3279 
0.5 6.5 -0.5 1 -0.121983 -0.483579 18.5519 
0.5 8.5 -0.5 1 -0.216018 -0.504194 17.2114 
0.5 8.5 4.5 1 -0.187871 -0.208802 17.9088 
0.5 6.5 4.5 1 -0.0992023 -0.209505 19.2493 
0.5 2.5 2 1 0.038163 -0.32847 21.5817 
0.5 4.5 2 1 -0.0311909 -0.335727 20.2411 
0.5 4.5 4.5 1 -0.0220797 -0.210116 20.5898 
0.5 2.5 4.5 1 0.0456146 -0.210652 21.9303 
