0 0 0 1 0.018856 -0.186011 25.4427 
0 0 6.5 1 0.0443414 0.0681597 25.4535 
10 0 0 1 0.440421 -0.279023 19.9088 
10 0 6.5 1 0.472759 0.0458089 19.9196 
10 10 0 1 0.281819 -0.430833 11.5796 
10 10 6.5 1 0.337544 0.127575 11.5904 
0 10 0 1 -0.293636 -0.243461 17.1135 
0 10 6.5 1 -0.255559 0.134373 17.1243 
0 5 10 1 -0.0598462 0.258304 21.2947 
10 5 10 1 0.445037 0.296818 15.7607 
0 6 0 1 -0.138086 -0.214864 20.4452 
0 8 0 1 -0.208962 -0.227894 18.7794 
0 8 5 1 -0.182302 0.037009 18.7876 
0 6 5 1 -0.113626 0.0284589 20.4535 
0 2 2.5 1 -0.0156283 -0.0896464 23.781 
0 4 2.5 1 -0.0665895 -0.0912791 22.1152 
0 4 5 1 -0.0552939 0.0211966 22.1193 
0 2 5 1 -0.00513274 0.0149516 23.7851 
0.5 0.5 -0.5 1 0.0229916 -0.211846 24.7487 
0.5 0.5 6 1 0.0491895 0.0494593 24.7595 
10.5 0.5 -0.5 1 0.460973 -0.315659 19.2148 
10.5 0.5 6 1 0.494468 0.020919 19.2256 
10.5 10.5 -0.5 1 0.307986 -0.505179 10.8856 
10.5 10.5 6 1 0.367234 0.0888665 10.8964 
0.5 10.5 -0.5 1 -0.30061 -0.284831 16.4195 
0.5 10.5 6 1 -0.26092 0.10899 16.4303 
0.5 5.5 9.5 1 -0.0575291 0.242233 20.6007 
10.5 5.5 9.5 1 0.47146 0.27662 15.0668 
0.5 6.5 -0.5 1 -0.138418 -0.24825 19.7512 
0.5 8.5 -0.5 1 -0.212045 -0.264856 18.0854 
0.5 8.5 4.5 1 -0.184361 0.0102244 18.0936 
0.5 6.5 4.5 1 -0.113099 0.00363211 19.7595 
0.5 2.5 2 1 -0.0122316 -0.114445 23.087 
0.5 4.5 2 1 -0.0645796 -0.118059 21.4212 
0.5 4.5 4.5 1 -0.0529186 -0.0019351 21.4253 
0.5 2.5 4.5 1 -0.0014212 -0.00669905 23.0912 
