0 0 0 1 0.394683 -0.656944 12.1853 
0 0 6.5 1 0.356686 -0.121293 13.4766 
10 0 0 1 -0.325368 -0.576418 14.8207 
10 0 6.5 1 -0.299439 -0.134835 16.112 
10 10 0 1 -0.0878996 -0.430966 24.2604 
10 10 6.5 1 -0.083551 -0.15987 25.5517 
0 10 0 1 0.346775 -0.458615 21.625 
0 10 6.5 1 0.32713 -0.154786 22.9163 
0 5 10 1 0.325563 0.0444298 18.8918 
10 5 10 1 -0.161703 0.0140069 21.5272 
0 6 0 1 0.359857 -0.512774 17.8491 
0 8 0 1 0.352691 -0.483104 19.7371 
0 8 5 1 0.335702 -0.223571 20.7304 
0 6 5 1 0.340789 -0.225673 18.8425 
0 2 2.5 1 0.366944 -0.407511 14.5699 
0 4 2.5 1 0.357536 -0.384005 16.4578 
0 4 5 1 0.347008 -0.228242 16.9545 
0 2 5 1 0.354787 -0.231454 15.0666 
0.5 0.5 -0.5 1 0.351656 -0.679102 12.6897 
0.5 0.5 6 1 0.319005 -0.16073 13.9811 
10.5 0.5 -0.5 1 -0.337295 -0.597415 15.3251 
10.5 0.5 6 1 -0.311226 -0.167606 16.6164 
10.5 10.5 -0.5 1 -0.100117 -0.446922 24.7648 
10.5 10.5 6 1 -0.0952473 -0.180284 26.0561 
0.5 10.5 -0.5 1 0.323195 -0.475842 22.1294 
0.5 10.5 6 1 0.305273 -0.177606 23.4208 
0.5 5.5 9.5 1 0.299212 0.0116935 19.3962 
10.5 5.5 9.5 1 -0.173746 -0.0141171 22.0316 
0.5 6.5 -0.5 1 0.331066 -0.532056 18.3535 
0.5 8.5 -0.5 1 0.326763 -0.501328 20.2415 
0.5 8.5 4.5 1 0.311391 -0.247107 21.2348 
0.5 6.5 4.5 1 0.313973 -0.25145 19.3469 
0.5 2.5 2 1 0.331652 -0.43451 15.0743 
0.5 4.5 2 1 0.326452 -0.408698 16.9623 
0.5 4.5 4.5 1 0.317113 -0.256732 17.4589 
0.5 2.5 4.5 1 0.321014 -0.263296 15.571 
