0 0 0 1 -0.319091 -0.395354 10.3275 
0 0 6.5 1 -0.331046 0.251782 9.15173 
10 0 0 1 -0.249452 -0.111494 20.0071 
10 0 6.5 1 -0.250914 0.220727 18.8313 
10 10 0 1 0.223274 -0.106662 21.7488 
10 10 6.5 1 0.248953 0.197709 20.573 
0 10 0 1 0.542814 -0.345683 12.0692 
0 10 6.5 1 0.625798 0.203346 10.8935 
0 5 10 1 0.216927 0.606952 9.3895 
10 5 10 1 0.0179057 0.395998 19.0691 
0 6 0 1 0.229732 -0.363725 11.3725 
0 8 0 1 0.390926 -0.354436 11.7209 
0 8 5 1 0.442514 0.0701688 10.8164 
0 6 5 1 0.269111 0.0742061 10.4681 
0 2 2.5 1 -0.119708 -0.160823 10.2236 
0 4 2.5 1 0.0705172 -0.15721 10.572 
0 4 5 1 0.0837693 0.0785214 10.1197 
0 2 5 1 -0.114787 0.0831444 9.7714 
0.5 0.5 -0.5 1 -0.264655 -0.408243 10.989 
0.5 0.5 6 1 -0.269281 0.193725 9.81324 
10.5 0.5 -0.5 1 -0.222738 -0.127432 20.6686 
10.5 0.5 6 1 -0.222539 0.192554 19.4928 
10.5 10.5 -0.5 1 0.233958 -0.121504 22.4103 
10.5 10.5 6 1 0.259428 0.172564 21.2346 
0.5 10.5 -0.5 1 0.545017 -0.359389 12.7307 
0.5 10.5 6 1 0.623475 0.156813 11.555 
0.5 5.5 9.5 1 0.241166 0.526894 10.051 
10.5 5.5 9.5 1 0.0369259 0.362288 19.7306 
0.5 6.5 -0.5 1 0.249273 -0.377233 12.034 
0.5 8.5 -0.5 1 0.401305 -0.36806 12.3824 
0.5 8.5 4.5 1 0.450738 0.0309995 11.4779 
0.5 6.5 4.5 1 0.287899 0.033571 11.1296 
0.5 2.5 2 1 -0.0768682 -0.188088 10.8851 
0.5 4.5 2 1 0.100826 -0.183842 11.2335 
0.5 4.5 4.5 1 0.114537 0.0363086 10.7813 
0.5 2.5 4.5 1 -0.0704023 0.039229 10.4329 
