0 0 0 1 0.291852 -0.280028 18.6033 
0 0 6.5 1 0.253253 0.065689 19.0085 
10 0 0 1 0.311948 -0.541748 8.96282 
10 0 6.5 1 0.232759 0.171062 9.36799 
10 10 0 1 -0.589347 -0.513827 11.5458 
10 10 6.5 1 -0.620864 0.0439747 11.951 
0 10 0 1 -0.196873 -0.29672 21.1863 
0 10 6.5 1 -0.221683 0.00795138 21.5915 
0 5 10 1 -0.0154813 0.204092 20.5182 
10 5 10 1 -0.271302 0.417504 10.8777 
0 6 0 1 -0.0164163 -0.290557 20.1531 
0 8 0 1 -0.1089 -0.293716 20.6697 
0 8 5 1 -0.129846 -0.0525825 20.9814 
0 6 5 1 -0.0392999 -0.0433848 20.4648 
0 2 2.5 1 0.169779 -0.152573 19.2758 
0 4 2.5 1 0.0683361 -0.159473 19.7924 
0 4 5 1 0.0559359 -0.0337107 19.9482 
0 2 5 1 0.156235 -0.0235222 19.4316 
0.5 0.5 -0.5 1 0.267028 -0.315181 18.2193 
0.5 0.5 6 1 0.228174 0.0384289 18.6245 
10.5 0.5 -0.5 1 0.260128 -0.628122 8.57878 
10.5 0.5 6 1 0.179891 0.119054 8.98395 
10.5 10.5 -0.5 1 -0.660186 -0.579253 11.1618 
10.5 10.5 6 1 -0.690268 -0.000638963 11.567 
0.5 10.5 -0.5 1 -0.227637 -0.327817 20.8023 
0.5 10.5 6 1 -0.252308 -0.0170341 21.2075 
0.5 5.5 9.5 1 -0.0438063 0.181516 20.1341 
10.5 5.5 9.5 1 -0.335012 0.381997 10.4936 
0.5 6.5 -0.5 1 -0.0452825 -0.323159 19.7691 
0.5 8.5 -0.5 1 -0.138781 -0.325547 20.2857 
0.5 8.5 4.5 1 -0.159666 -0.0794367 20.5974 
0.5 6.5 4.5 1 -0.0681557 -0.070754 20.0808 
0.5 2.5 2 1 0.143357 -0.183884 18.8917 
0.5 4.5 2 1 0.0406104 -0.190088 19.4083 
0.5 4.5 4.5 1 0.0281876 -0.0616126 19.5642 
0.5 2.5 4.5 1 0.129757 -0.0519755 19.0476 
