0 0 0 1 -0.198595 -0.011475 25.4724 
0 0 6.5 1 -0.216942 0.251083 24.2462 
10 0 0 1 0.192966 0.00167496 25.5752 
10 0 6.5 1 0.194415 0.263787 24.349 
10 10 0 1 0.323656 -0.116743 15.7553 
10 10 6.5 1 0.337115 0.31253 14.5291 
0 10 0 1 -0.3127 -0.138921 15.6525 
0 10 6.5 1 -0.353235 0.291527 14.4263 
0 5 10 1 -0.283057 0.459531 18.676 
10 5 10 1 0.250681 0.474861 18.7788 
0 6 0 1 -0.253324 -0.0726025 19.5805 
0 8 0 1 -0.279702 -0.102065 17.6165 
0 8 5 1 -0.304814 0.186512 16.6732 
0 6 5 1 -0.274455 0.187055 18.6372 
0 2 2.5 1 -0.221528 0.0774917 23.0368 
0 4 2.5 1 -0.240616 0.0668505 21.0728 
0 4 5 1 -0.249884 0.187495 20.6012 
0 2 5 1 -0.22959 0.187858 22.5652 
0.5 0.5 -0.5 1 -0.180827 -0.034306 25.0809 
0.5 0.5 6 1 -0.198562 0.231388 23.8547 
10.5 0.5 -0.5 1 0.216749 -0.0208584 25.1837 
10.5 0.5 6 1 0.219439 0.244384 23.9575 
10.5 10.5 -0.5 1 0.36597 -0.156696 15.3638 
10.5 10.5 6 1 0.383472 0.281 14.1376 
0.5 10.5 -0.5 1 -0.286427 -0.179712 15.261 
0.5 10.5 6 1 -0.325797 0.25918 14.0348 
0.5 5.5 9.5 1 -0.260493 0.438299 18.2844 
10.5 5.5 9.5 1 0.284484 0.454074 18.3873 
0.5 6.5 -0.5 1 -0.231217 -0.103691 19.1889 
0.5 8.5 -0.5 1 -0.255674 -0.137368 17.225 
0.5 8.5 4.5 1 -0.279998 0.156103 16.2817 
0.5 6.5 4.5 1 -0.251659 0.159931 18.2457 
0.5 2.5 2 1 -0.202246 0.0537433 22.6453 
0.5 4.5 2 1 -0.219864 0.0406454 20.6813 
0.5 4.5 4.5 1 -0.228827 0.163015 20.2097 
0.5 2.5 4.5 1 -0.21004 0.165553 22.1737 
