0 0 0 1 0.292166 -0.28404 18.6204 
0 0 6.5 1 0.253318 0.0609735 19.1068 
10 0 0 1 0.335491 -0.5356 8.93624 
10 0 6.5 1 0.254481 0.176988 9.42259 
10 10 0 1 -0.588181 -0.518186 11.3147 
10 10 6.5 1 -0.614797 0.0500629 11.8011 
0 10 0 1 -0.200625 -0.30315 20.9989 
0 10 6.5 1 -0.224017 0.00410125 21.4852 
0 5 10 1 -0.0150621 0.199522 20.5579 
10 5 10 1 -0.253074 0.423446 10.8737 
0 6 0 1 -0.0175406 -0.29605 20.0475 
0 8 0 1 -0.111205 -0.299682 20.5232 
0 8 5 1 -0.131305 -0.0567477 20.8973 
0 6 5 1 -0.0398255 -0.0475231 20.4216 
0 2 2.5 1 0.170034 -0.156718 19.2832 
0 4 2.5 1 0.0682304 -0.163846 19.7589 
0 4 5 1 0.0560178 -0.0378584 19.9459 
0 2 5 1 0.156544 -0.0277214 19.4702 
0.5 0.5 -0.5 1 0.267961 -0.319145 18.2177 
0.5 0.5 6 1 0.228907 0.0342086 18.7041 
10.5 0.5 -0.5 1 0.285863 -0.622416 8.53354 
10.5 0.5 6 1 0.203912 0.126667 9.0199 
10.5 10.5 -0.5 1 -0.661079 -0.585437 10.912 
10.5 10.5 6 1 -0.685524 0.00575781 11.3984 
0.5 10.5 -0.5 1 -0.231669 -0.334576 20.5962 
0.5 10.5 6 1 -0.254792 -0.0207304 21.0826 
0.5 5.5 9.5 1 -0.0430781 0.177453 20.1552 
10.5 5.5 9.5 1 -0.316154 0.389577 10.471 
0.5 6.5 -0.5 1 -0.0463352 -0.328852 19.6448 
0.5 8.5 -0.5 1 -0.141193 -0.331781 20.1205 
0.5 8.5 4.5 1 -0.161141 -0.0834874 20.4946 
0.5 6.5 4.5 1 -0.0685304 -0.0747125 20.0189 
0.5 2.5 2 1 0.144074 -0.187876 18.8805 
0.5 4.5 2 1 0.0407908 -0.194386 19.3562 
0.5 4.5 4.5 1 0.0285892 -0.0655105 19.5432 
0.5 2.5 4.5 1 0.130555 -0.0558493 19.0675 
