0 0 0 1 0.267978 -0.403354 20.3938 
0 0 6.5 1 0.234908 -0.0847732 21.2927 
10 0 0 1 0.718984 -0.623124 10.7757 
10 0 6.5 1 0.623942 -0.0251637 11.6747 
10 10 0 1 -0.233239 -0.842046 8.41334 
10 10 6.5 1 -0.260469 -0.0712571 9.3123 
0 10 0 1 -0.235413 -0.476708 18.0314 
0 10 6.5 1 -0.248705 -0.114887 18.9303 
0 5 10 1 -0.00497935 0.0712497 20.5956 
10 5 10 1 0.198582 0.271345 10.9776 
0 6 0 1 -0.019016 -0.445175 18.9763 
0 8 0 1 -0.124452 -0.460539 18.5038 
0 8 5 1 -0.138533 -0.18664 19.1953 
0 6 5 1 -0.0364656 -0.178396 19.6678 
0 2 2.5 1 0.165043 -0.287674 20.267 
0 4 2.5 1 0.0708758 -0.298277 19.7946 
0 4 5 1 0.0608125 -0.170539 20.1403 
0 2 5 1 0.153631 -0.163042 20.6128 
0.5 0.5 -0.5 1 0.260035 -0.439162 19.7256 
0.5 0.5 6 1 0.22624 -0.1087 20.6246 
10.5 0.5 -0.5 1 0.733297 -0.707535 10.1076 
10.5 0.5 6 1 0.631316 -0.0663801 11.0065 
10.5 10.5 -0.5 1 -0.296708 -0.97109 7.74516 
10.5 10.5 6 1 -0.319442 -0.127301 8.64413 
0.5 10.5 -0.5 1 -0.263808 -0.520211 17.3632 
0.5 10.5 6 1 -0.276189 -0.143011 18.2621 
0.5 5.5 9.5 1 -0.0219942 0.0517174 19.9274 
10.5 5.5 9.5 1 0.178887 0.246558 10.3094 
0.5 6.5 -0.5 1 -0.0380481 -0.485282 18.3081 
0.5 8.5 -0.5 1 -0.147938 -0.502284 17.8357 
0.5 8.5 4.5 1 -0.16165 -0.216949 18.5272 
0.5 6.5 4.5 1 -0.0554186 -0.207662 18.9997 
0.5 2.5 2 1 0.15354 -0.31977 19.5989 
0.5 4.5 2 1 0.0557983 -0.331537 19.1264 
0.5 4.5 4.5 1 0.0456574 -0.198825 19.4721 
0.5 2.5 4.5 1 0.141944 -0.190406 19.9446 
