0 0 0 1 0.257042 -0.0256393 17.974 
0 0 6.5 1 0.269436 0.353963 16.7051 
10 0 0 1 -0.224779 -0.176388 11.1118 
10 0 6.5 1 -0.26586 0.448428 9.84292 
10 10 0 1 -0.525382 -0.0384272 18.1189 
10 10 6.5 1 -0.572016 0.336947 16.85 
0 10 0 1 -0.0961354 0.03214 24.9811 
0 10 6.5 1 -0.106304 0.302659 23.7122 
0 5 10 1 0.0474245 0.510971 19.5254 
10 5 10 1 -0.48896 0.66948 12.6632 
0 6 0 1 0.0183553 0.0134095 22.1783 
0 8 0 1 -0.0422923 0.0233313 23.5797 
0 8 5 1 -0.0481727 0.241249 22.6036 
0 6 5 1 0.0148783 0.245274 21.2022 
0 2 2.5 1 0.167833 0.118777 18.8874 
0 4 2.5 1 0.0870234 0.12303 20.2888 
0 4 5 1 0.0868543 0.249869 19.8008 
0 2 5 1 0.169795 0.255164 18.3994 
0.5 0.5 -0.5 1 0.216953 -0.0532615 18.0789 
0.5 0.5 6 1 0.226243 0.321888 16.81 
10.5 0.5 -0.5 1 -0.28489 -0.2195 11.2167 
10.5 0.5 6 1 -0.333204 0.393231 9.94777 
10.5 10.5 -0.5 1 -0.56065 -0.0657562 18.2238 
10.5 10.5 6 1 -0.609635 0.305252 16.9549 
0.5 10.5 -0.5 1 -0.12355 0.0119918 25.086 
0.5 10.5 6 1 -0.135134 0.280247 23.8171 
0.5 5.5 9.5 1 0.0116236 0.482666 19.6303 
10.5 5.5 9.5 1 -0.539597 0.62466 12.7681 
0.5 6.5 -0.5 1 -0.0130466 -0.00918484 22.2831 
0.5 8.5 -0.5 1 -0.0715677 0.00203 23.6845 
0.5 8.5 4.5 1 -0.0786792 0.218026 22.7085 
0.5 6.5 4.5 1 -0.017945 0.220504 21.307 
0.5 2.5 2 1 0.130165 0.0916855 18.9922 
0.5 4.5 2 1 0.0523591 0.0977784 20.3937 
0.5 4.5 4.5 1 0.051341 0.22333 19.9056 
0.5 2.5 4.5 1 0.131122 0.226586 18.5042 
