0 0 0 1 0.27593 -0.236348 20.0682 
0 0 6.5 1 0.243089 0.0857395 20.1115 
10 0 0 1 0.559638 -0.463436 10.0689 
10 0 6.5 1 0.493106 0.178112 10.1123 
10 10 0 1 -0.433015 -0.568367 9.96422 
10 10 6.5 1 -0.495946 0.0803476 10.0075 
0 10 0 1 -0.221014 -0.287531 19.9634 
0 10 6.5 1 -0.252952 0.0363535 20.0068 
0 5 10 1 -0.0216682 0.234448 20.0825 
10 5 10 1 -0.033482 0.474556 10.0832 
0 6 0 1 -0.021612 -0.266993 20.0053 
0 8 0 1 -0.121209 -0.277251 19.9844 
0 8 5 1 -0.145929 -0.0282629 20.0177 
0 6 5 1 -0.0464719 -0.0182823 20.0387 
0 2 2.5 1 0.164378 -0.12236 20.0639 
0 4 2.5 1 0.0652664 -0.132436 20.0429 
0 4 5 1 0.0527772 -0.00832249 20.0596 
0 2 5 1 0.151819 0.00161652 20.0805 
0.5 0.5 -0.5 1 0.26047 -0.27028 19.5596 
0.5 0.5 6 1 0.226811 0.0602379 19.603 
10.5 0.5 -0.5 1 0.543099 -0.544936 9.5604 
10.5 0.5 6 1 0.473119 0.13095 9.60373 
10.5 10.5 -0.5 1 -0.503123 -0.656414 9.45569 
10.5 10.5 6 1 -0.569103 0.0274318 9.49901 
0.5 10.5 -0.5 1 -0.249547 -0.322983 19.4549 
0.5 10.5 6 1 -0.282254 0.00942696 19.4982 
0.5 5.5 9.5 1 -0.0448488 0.212772 19.5739 
10.5 5.5 9.5 1 -0.0814984 0.442995 9.5747 
0.5 6.5 -0.5 1 -0.0448828 -0.301834 19.4968 
0.5 8.5 -0.5 1 -0.147105 -0.312397 19.4759 
0.5 8.5 4.5 1 -0.172425 -0.0568586 19.5092 
0.5 6.5 4.5 1 -0.0703503 -0.0465875 19.5301 
0.5 2.5 2 1 0.146013 -0.153335 19.5554 
0.5 4.5 2 1 0.044302 -0.163707 19.5344 
0.5 4.5 4.5 1 0.0315059 -0.0363383 19.5511 
0.5 2.5 4.5 1 0.133144 -0.0261111 19.572 
