0 0 0 1 0.25835 -0.0908262 18.3711 
0 0 6.5 1 0.251128 0.273168 17.3442 
10 0 0 1 -0.115352 -0.313408 10.5057 
10 0 6.5 1 -0.169052 0.32851 9.47882 
10 10 0 1 -0.559654 -0.171397 16.4756 
10 10 6.5 1 -0.622137 0.231902 15.4487 
0 10 0 1 -0.134038 -0.0492946 24.341 
0 10 6.5 1 -0.156694 0.223324 23.3141 
0 5 10 1 0.00712578 0.425859 19.7762 
10 5 10 1 -0.48839 0.570732 11.9108 
0 6 0 1 -0.00269213 -0.0631967 21.9531 
0 8 0 1 -0.0717525 -0.0558871 23.147 
0 8 5 1 -0.0877255 0.162563 22.3571 
0 6 5 1 -0.0169885 0.167305 21.1631 
0 2 2.5 1 0.156191 0.0463839 19.1701 
0 4 2.5 1 0.0683773 0.0482676 20.3641 
0 4 5 1 0.0622074 0.172614 19.9692 
0 2 5 1 0.151476 0.178598 18.7752 
0.5 0.5 -0.5 1 0.222163 -0.120899 18.3554 
0.5 0.5 6 1 0.21279 0.241644 17.3284 
10.5 0.5 -0.5 1 -0.179234 -0.366365 10.49 
10.5 0.5 6 1 -0.239956 0.270877 9.46304 
10.5 10.5 -0.5 1 -0.600792 -0.205011 16.4598 
10.5 10.5 6 1 -0.666077 0.196464 15.4329 
0.5 10.5 -0.5 1 -0.161598 -0.0719603 24.3252 
0.5 10.5 6 1 -0.185484 0.199844 23.2983 
0.5 5.5 9.5 1 -0.0266886 0.398337 19.7604 
10.5 5.5 9.5 1 -0.545221 0.525204 11.895 
0.5 6.5 -0.5 1 -0.0331581 -0.0883396 21.9373 
0.5 8.5 -0.5 1 -0.100693 -0.0797272 23.1313 
0.5 8.5 4.5 1 -0.117701 0.138034 22.3413 
0.5 6.5 4.5 1 -0.0486032 0.141395 21.1473 
0.5 2.5 2 1 0.121429 0.0176783 19.1544 
0.5 4.5 2 1 0.0355874 0.0212477 20.3483 
0.5 4.5 4.5 1 0.0287636 0.145158 19.9534 
0.5 2.5 4.5 1 0.115979 0.1494 18.7594 
