0 0 0 1 0.149215 -0.360254 10.2455 
0 0 6.5 1 0.104717 0.288611 9.51337 
10 0 0 1 -0.235496 -0.177363 18.3448 
10 0 6.5 1 -0.275523 0.180719 17.6127 
10 10 0 1 0.155576 -0.0801341 24.1009 
10 10 6.5 1 0.13766 0.192793 23.3688 
0 10 0 1 0.599843 -0.148022 16.0016 
0 10 6.5 1 0.593725 0.266418 15.2694 
0 5 10 1 0.395447 0.572863 11.9972 
10 5 10 1 -0.0549673 0.363746 20.0965 
0 6 0 1 0.465034 -0.211513 13.6991 
0 8 0 1 0.537664 -0.177307 14.8503 
0 8 5 1 0.530183 0.162257 14.2872 
0 6 5 1 0.453784 0.156343 13.136 
0 2 2.5 1 0.264313 -0.0855471 11.1151 
0 4 2.5 1 0.371081 -0.055957 12.2663 
0 4 5 1 0.362708 0.149293 11.9848 
0 2 5 1 0.252276 0.140745 10.8335 
0.5 0.5 -0.5 1 0.152874 -0.37274 10.9946 
0.5 0.5 6 1 0.111885 0.227872 10.2625 
10.5 0.5 -0.5 1 -0.218296 -0.191728 19.0939 
10.5 0.5 6 1 -0.256004 0.151173 18.3618 
10.5 10.5 -0.5 1 0.157003 -0.0941026 24.85 
10.5 10.5 6 1 0.139686 0.169924 24.1179 
0.5 10.5 -0.5 1 0.582092 -0.165709 16.7506 
0.5 10.5 6 1 0.575449 0.228543 16.0185 
0.5 5.5 9.5 1 0.384132 0.507254 12.7463 
10.5 5.5 9.5 1 -0.0457002 0.331144 20.8456 
0.5 6.5 -0.5 1 0.451445 -0.228726 14.4482 
0.5 8.5 -0.5 1 0.521589 -0.194892 15.5994 
0.5 8.5 4.5 1 0.513879 0.127097 15.0363 
0.5 6.5 4.5 1 0.44025 0.118587 13.885 
0.5 2.5 2 1 0.260437 -0.114463 11.8642 
0.5 4.5 2 1 0.361403 -0.0840181 13.0154 
0.5 4.5 4.5 1 0.353308 0.108538 12.7338 
0.5 2.5 4.5 1 0.249084 0.0964914 11.5826 
