0 0 0 1 0.255909 -0.405066 20.587 
0 0 6.5 1 0.225954 -0.0894346 21.6272 
10 0 0 1 0.723924 -0.59601 11.1372 
10 0 6.5 1 0.630746 -0.0191347 12.1774 
10 10 0 1 -0.183637 -0.814278 8.28413 
10 10 6.5 1 -0.204081 -0.03654 9.32433 
0 10 0 1 -0.243339 -0.476306 17.7339 
0 10 6.5 1 -0.250184 -0.108762 18.7741 
0 5 10 1 -0.00532807 0.0703588 20.7608 
10 5 10 1 0.237244 0.279544 11.311 
0 6 0 1 -0.0255282 -0.445226 18.8752 
0 8 0 1 -0.131038 -0.460282 18.3046 
0 8 5 1 -0.140917 -0.183119 19.1047 
0 6 5 1 -0.0394108 -0.176713 19.6753 
0 2 2.5 1 0.156975 -0.288846 20.4165 
0 4 2.5 1 0.0649061 -0.298236 19.8459 
0 4 5 1 0.0563734 -0.170669 20.2459 
0 2 5 1 0.146906 -0.164956 20.8166 
0.5 0.5 -0.5 1 0.249262 -0.439984 19.8919 
0.5 0.5 6 1 0.218642 -0.112136 20.9321 
10.5 0.5 -0.5 1 0.742418 -0.675241 10.442 
10.5 0.5 6 1 0.641923 -0.0562624 11.4822 
10.5 10.5 -0.5 1 -0.241324 -0.943288 7.58897 
10.5 10.5 6 1 -0.256461 -0.0873454 8.62917 
0.5 10.5 -0.5 1 -0.271468 -0.519978 17.0388 
0.5 10.5 6 1 -0.276958 -0.135789 18.079 
0.5 5.5 9.5 1 -0.0209683 0.0522135 20.0656 
10.5 5.5 9.5 1 0.223566 0.258945 10.6158 
0.5 6.5 -0.5 1 -0.043563 -0.484968 18.18 
0.5 8.5 -0.5 1 -0.153823 -0.501906 17.6094 
0.5 8.5 4.5 1 -0.163084 -0.212468 18.4096 
0.5 6.5 4.5 1 -0.0571938 -0.204945 18.9802 
0.5 2.5 2 1 0.146782 -0.31997 19.7213 
0.5 4.5 2 1 0.0510681 -0.330628 19.1507 
0.5 4.5 4.5 1 0.0425152 -0.197862 19.5508 
0.5 2.5 4.5 1 0.136569 -0.19118 20.1214 
