0 0 0 1 0.0214979 -0.197312 25.3762 
0 0 6.5 1 0.0469468 0.057425 25.4303 
10 0 0 1 0.444418 -0.292854 19.7556 
10 0 6.5 1 0.475934 0.0344203 19.8097 
10 10 0 1 0.278083 -0.448965 11.4851 
10 10 6.5 1 0.332966 0.11361 11.5391 
0 10 0 1 -0.294662 -0.255933 17.1057 
0 10 6.5 1 -0.255952 0.121764 17.1598 
0 5 10 1 -0.0586189 0.246543 21.3241 
10 5 10 1 0.444756 0.285212 15.7035 
0 6 0 1 -0.137457 -0.226785 20.4139 
0 8 0 1 -0.209129 -0.240074 18.7598 
0 8 5 1 -0.182141 0.0250592 18.8014 
0 6 5 1 -0.112797 0.0168819 20.4555 
0 2 2.5 1 -0.0135743 -0.10082 23.7429 
0 4 2.5 1 -0.0651679 -0.102674 22.0888 
0 4 5 1 -0.0538283 0.00992815 22.1096 
0 2 5 1 -0.00306914 0.00394243 23.7637 
0.5 0.5 -0.5 1 0.0254514 -0.22336 24.6775 
0.5 0.5 6 1 0.0516106 0.0386298 24.7316 
10.5 0.5 -0.5 1 0.465044 -0.330089 19.0569 
10.5 0.5 6 1 0.497654 0.00925631 19.1109 
10.5 10.5 -0.5 1 0.303749 -0.524863 10.7864 
10.5 10.5 6 1 0.362042 0.0743514 10.8404 
0.5 10.5 -0.5 1 -0.30218 -0.297609 16.407 
0.5 10.5 6 1 -0.261802 0.0962562 16.4611 
0.5 5.5 9.5 1 -0.0566028 0.230412 20.6254 
10.5 5.5 9.5 1 0.470967 0.26484 15.0048 
0.5 6.5 -0.5 1 -0.138142 -0.260434 19.7152 
0.5 8.5 -0.5 1 -0.212649 -0.27732 18.0611 
0.5 8.5 4.5 1 -0.184611 -0.00186762 18.1027 
0.5 6.5 4.5 1 -0.112608 -0.00807974 19.7568 
0.5 2.5 2 1 -0.010404 -0.125789 23.0442 
0.5 4.5 2 1 -0.0634378 -0.129635 21.3901 
0.5 4.5 4.5 1 -0.0517298 -0.013332 21.4109 
0.5 2.5 4.5 1 0.000416546 -0.017831 23.065 
