0 0 0 1 -0.0157918 -0.0780656 25.9939 
0 0 6.5 1 0.00736007 0.17351 25.498 
10 0 0 1 0.393178 -0.148125 21.5605 
10 0 6.5 1 0.430829 0.15475 21.0646 
10 10 0 1 0.315663 -0.274253 12.6294 
10 10 6.5 1 0.37786 0.246402 12.1336 
0 10 0 1 -0.287228 -0.134751 17.0628 
0 10 6.5 1 -0.25972 0.250749 16.567 
0 5 10 1 -0.0835746 0.373893 20.7655 
10 5 10 1 0.437917 0.404091 16.3321 
0 6 0 1 -0.150459 -0.106189 20.6353 
0 8 0 1 -0.212363 -0.119117 18.8491 
0 8 5 1 -0.191834 0.147226 18.4676 
0 6 5 1 -0.130575 0.136908 20.2538 
0 2 2.5 1 -0.0449065 0.0166069 24.0169 
0 4 2.5 1 -0.0889132 0.0155121 22.2307 
0 4 5 1 -0.0792443 0.128263 22.04 
0 2 5 1 -0.0356102 0.120914 23.8262 
0.5 0.5 -0.5 1 -0.00933005 -0.102404 25.3638 
0.5 0.5 6 1 0.0145373 0.15506 24.8679 
10.5 0.5 -0.5 1 0.413319 -0.179729 20.9304 
10.5 0.5 6 1 0.452621 0.131719 20.4345 
10.5 10.5 -0.5 1 0.346726 -0.336001 11.9994 
10.5 10.5 6 1 0.413669 0.21051 11.5035 
0.5 10.5 -0.5 1 -0.287662 -0.174491 16.4328 
0.5 10.5 6 1 -0.25908 0.225014 15.9369 
0.5 5.5 9.5 1 -0.0775561 0.357377 20.1354 
10.5 5.5 9.5 1 0.466561 0.384123 15.702 
0.5 6.5 -0.5 1 -0.146508 -0.137933 20.0052 
0.5 8.5 -0.5 1 -0.210166 -0.15442 18.219 
0.5 8.5 4.5 1 -0.188864 0.120576 17.8375 
0.5 6.5 4.5 1 -0.125908 0.112353 19.6238 
0.5 2.5 2 1 -0.038683 -0.00723867 23.3869 
0.5 4.5 2 1 -0.0834586 -0.0103373 21.6007 
0.5 4.5 4.5 1 -0.0734566 0.105502 21.41 
0.5 2.5 4.5 1 -0.029083 0.0997056 23.1962 
