0 0 0 1 0.237935 -0.397977 20.8985 
0 0 6.5 1 0.21304 -0.0874163 22.0697 
10 0 0 1 0.717826 -0.555031 11.6791 
10 0 6.5 1 0.631333 -0.0073445 12.8503 
10 10 0 1 -0.122107 -0.757746 8.25044 
10 10 6.5 1 -0.135669 0.0144508 9.42158 
0 10 0 1 -0.252922 -0.462889 17.4699 
0 10 6.5 1 -0.251558 -0.0911283 18.641 
0 5 10 1 -0.00665154 0.0774634 20.986 
10 5 10 1 0.278033 0.294098 11.7665 
0 6 0 1 -0.0351411 -0.434089 18.8413 
0 8 0 1 -0.139919 -0.447945 18.1556 
0 8 5 1 -0.144234 -0.168917 19.0565 
0 6 5 1 -0.0440881 -0.165385 19.7422 
0 2 2.5 1 0.144709 -0.281377 20.6632 
0 4 2.5 1 0.0556601 -0.288727 19.9775 
0 4 5 1 0.0493346 -0.16209 20.428 
0 2 5 1 0.136689 -0.159009 21.1137 
0.5 0.5 -0.5 1 0.232669 -0.431464 20.176 
0.5 0.5 6 1 0.207219 -0.108556 21.3472 
10.5 0.5 -0.5 1 0.739773 -0.627052 10.9566 
10.5 0.5 6 1 0.646007 -0.0397835 12.1278 
10.5 10.5 -0.5 1 -0.170778 -0.882026 7.52794 
10.5 10.5 6 1 -0.178913 -0.0289636 8.69909 
0.5 10.5 -0.5 1 -0.280443 -0.506033 16.7474 
0.5 10.5 6 1 -0.277225 -0.116462 17.9185 
0.5 5.5 9.5 1 -0.0206162 0.0610724 20.2635 
10.5 5.5 9.5 1 0.271034 0.278196 11.044 
0.5 6.5 -0.5 1 -0.0518948 -0.472819 18.1188 
0.5 8.5 -0.5 1 -0.161674 -0.488772 17.4331 
0.5 8.5 4.5 1 -0.16509 -0.196742 18.334 
0.5 6.5 4.5 1 -0.0603881 -0.192073 19.0197 
0.5 2.5 2 1 0.136002 -0.311034 19.9408 
0.5 4.5 2 1 0.0433021 -0.319717 19.255 
0.5 4.5 4.5 1 0.0370271 -0.187728 19.7055 
0.5 2.5 4.5 1 0.12789 -0.183676 20.3912 
