0 0 0 1 -0.526657 -0.309993 10.6006 
0 0 6.5 1 -0.500478 0.315905 10.0066 
10 0 0 1 -0.252457 -0.116972 20.5538 
10 0 6.5 1 -0.231172 0.202557 19.9598 
10 10 0 1 0.235367 -0.164042 20.2411 
10 10 6.5 1 0.271739 0.159151 19.6471 
0 10 0 1 0.42479 -0.408469 10.2878 
0 10 6.5 1 0.510113 0.231587 9.69385 
0 5 10 1 0.0291644 0.64789 9.53038 
10 5 10 1 0.0344835 0.362177 19.4836 
0 6 0 1 0.0373531 -0.368369 10.4129 
0 8 0 1 0.229901 -0.388298 10.3504 
0 8 5 1 0.285209 0.0950503 9.89347 
0 6 5 1 0.0834775 0.112857 9.95602 
0 2 2.5 1 -0.326996 -0.0959916 10.3096 
0 4 2.5 1 -0.13473 -0.114459 10.247 
0 4 5 1 -0.115735 0.130442 10.0186 
0 2 5 1 -0.312476 0.147808 10.0811 
0.5 0.5 -0.5 1 -0.459166 -0.340013 11.1283 
0.5 0.5 6 1 -0.430493 0.252838 10.5343 
10.5 0.5 -0.5 1 -0.223694 -0.13765 21.0815 
10.5 0.5 6 1 -0.202124 0.173049 20.4875 
10.5 10.5 -0.5 1 0.252168 -0.183835 20.7688 
10.5 10.5 6 1 0.288082 0.130321 20.1748 
0.5 10.5 -0.5 1 0.447809 -0.434552 10.8156 
0.5 10.5 6 1 0.530065 0.170944 10.2216 
0.5 5.5 9.5 1 0.0746742 0.564419 10.0581 
10.5 5.5 9.5 1 0.0572174 0.327757 20.0113 
0.5 6.5 -0.5 1 0.0787968 -0.396088 10.9406 
0.5 8.5 -0.5 1 0.262242 -0.415209 10.8781 
0.5 8.5 4.5 1 0.316168 0.0424829 10.4212 
0.5 6.5 4.5 1 0.124406 0.0597072 10.4837 
0.5 2.5 2 1 -0.267415 -0.137238 10.8373 
0.5 4.5 2 1 -0.0842196 -0.15504 10.7747 
0.5 4.5 4.5 1 -0.0650818 0.0767271 10.5463 
0.5 2.5 4.5 1 -0.252335 0.0935464 10.6088 
