0 0 0 1 -0.681306 -0.404646 11.7091 
0 0 6.5 1 -0.607378 0.141841 12.1236 
10 0 0 1 -0.246945 -0.263554 21.2925 
10 0 6.5 1 -0.21395 0.0389709 21.707 
10 10 0 1 0.233335 -0.342729 18.5083 
10 10 6.5 1 0.260663 0.00604224 18.9228 
0 10 0 1 0.179186 -0.612853 8.92488 
0 10 6.5 1 0.236959 0.105791 9.33942 
0 5 10 1 -0.204911 0.440999 10.9547 
10 5 10 1 0.0231113 0.192683 20.5381 
0 6 0 1 -0.222289 -0.515711 10.0386 
0 8 0 1 -0.0333403 -0.561429 9.48172 
0 8 5 1 0.0159242 -0.0363126 9.80059 
0 6 5 1 -0.169856 -0.0202332 10.3574 
0 2 2.5 1 -0.515046 -0.212226 11.3117 
0 4 2.5 1 -0.363623 -0.23682 10.7548 
0 4 5 1 -0.336679 -0.00579446 10.9143 
0 2 5 1 -0.487306 0.00724244 11.4711 
0.5 0.5 -0.5 1 -0.616609 -0.442287 12.0172 
0.5 0.5 6 1 -0.546671 0.091912 12.4317 
10.5 0.5 -0.5 1 -0.217146 -0.286508 21.6006 
10.5 0.5 6 1 -0.185174 0.0122159 22.0151 
10.5 10.5 -0.5 1 0.259679 -0.367783 18.8163 
10.5 10.5 6 1 0.286001 -0.0240588 19.2309 
0.5 10.5 -0.5 1 0.234681 -0.654898 9.23295 
0.5 10.5 6 1 0.288225 0.0426033 9.64749 
0.5 5.5 9.5 1 -0.148912 0.377705 11.2628 
10.5 5.5 9.5 1 0.049997 0.162156 20.8462 
0.5 6.5 -0.5 1 -0.160813 -0.556123 10.3466 
0.5 8.5 -0.5 1 0.0256862 -0.602701 9.78979 
0.5 8.5 4.5 1 0.0715873 -0.0922864 10.1087 
0.5 6.5 4.5 1 -0.111733 -0.0737491 10.6655 
0.5 2.5 2 1 -0.452544 -0.256257 11.6198 
0.5 4.5 2 1 -0.302191 -0.282382 11.0629 
0.5 4.5 4.5 1 -0.27686 -0.0570513 11.2223 
0.5 2.5 4.5 1 -0.426376 -0.0419323 11.7792 
