0 0 0 1 -0.414602 -0.413965 19.976 
0 0 6.5 1 -0.432825 -0.0886621 20.5017 
10 0 0 1 0.0130527 -0.315109 25.0497 
10 0 6.5 1 -0.0103463 -0.0563731 25.5755 
10 10 0 1 0.323762 -0.408933 16.4705 
10 10 6.5 1 0.278941 -0.0166915 16.9962 
0 10 0 1 -0.287496 -0.623973 11.3968 
0 10 6.5 1 -0.324437 -0.0553283 11.9225 
0 5 10 1 -0.405538 0.13551 16.4952 
10 5 10 1 0.0889997 0.121064 21.5689 
0 6 0 1 -0.355988 -0.510809 14.8285 
0 8 0 1 -0.326223 -0.559987 13.1126 
0 8 5 1 -0.350129 -0.176082 13.517 
0 6 5 1 -0.37641 -0.171453 15.2329 
0 2 2.5 1 -0.406693 -0.300955 18.4624 
0 4 2.5 1 -0.388582 -0.317961 16.7465 
0 4 5 1 -0.397371 -0.167761 16.9487 
0 2 5 1 -0.414477 -0.164748 18.6646 
0.5 0.5 -0.5 1 -0.382376 -0.439717 19.7603 
0.5 0.5 6 1 -0.401628 -0.110288 20.286 
10.5 0.5 -0.5 1 0.0424097 -0.334742 24.834 
10.5 0.5 6 1 0.0182031 -0.0733977 25.3598 
10.5 10.5 -0.5 1 0.372737 -0.440172 16.2548 
10.5 10.5 6 1 0.325806 -0.04191 16.7805 
0.5 10.5 -0.5 1 -0.22809 -0.673537 11.1811 
0.5 10.5 6 1 -0.26838 -0.0921883 11.7068 
0.5 5.5 9.5 1 -0.366301 0.111532 16.2795 
10.5 5.5 9.5 1 0.123909 0.102638 21.3532 
0.5 6.5 -0.5 1 -0.311544 -0.547063 14.6128 
0.5 8.5 -0.5 1 -0.275368 -0.601886 12.8969 
0.5 8.5 4.5 1 -0.301208 -0.210482 13.3013 
0.5 6.5 4.5 1 -0.333457 -0.201856 15.0172 
0.5 2.5 2 1 -0.3717 -0.327508 18.2467 
0.5 4.5 2 1 -0.34972 -0.347491 16.5308 
0.5 4.5 4.5 1 -0.359092 -0.194999 16.733 
0.5 2.5 4.5 1 -0.379959 -0.189417 18.4489 
