0 0 0 1 0.290803 -0.274701 18.5817 
0 0 6.5 1 0.253252 0.0722594 18.8193 
10 0 0 1 0.264611 -0.55837 9.04566 
10 0 6.5 1 0.189157 0.15226 9.28325 
10 10 0 1 -0.58934 -0.506589 12.0339 
10 10 6.5 1 -0.629887 0.0299912 12.2715 
0 10 0 1 -0.189245 -0.285111 21.57 
0 10 6.5 1 -0.216421 0.0144191 21.8076 
0 5 10 1 -0.0156598 0.211235 20.4414 
10 5 10 1 -0.30537 0.400862 10.9053 
0 6 0 1 -0.0141235 -0.281313 20.3747 
0 8 0 1 -0.10418 -0.283266 20.9723 
0 8 5 1 -0.126463 -0.045768 21.1551 
0 6 5 1 -0.0378557 -0.0369278 20.5574 
0 2 2.5 1 0.169234 -0.146711 19.2708 
0 4 2.5 1 0.0686587 -0.152822 19.8684 
0 4 5 1 0.0560583 -0.0275582 19.9598 
0 2 5 1 0.15577 -0.0176102 19.3621 
0.5 0.5 -0.5 1 0.264744 -0.309895 18.2361 
0.5 0.5 6 1 0.226825 0.0440101 18.4737 
10.5 0.5 -0.5 1 0.208947 -0.643411 8.7 
10.5 0.5 6 1 0.132055 0.0969634 8.93758 
10.5 10.5 -0.5 1 -0.656027 -0.568357 11.6882 
10.5 10.5 6 1 -0.696421 -0.0149933 11.9258 
0.5 10.5 -0.5 1 -0.219454 -0.315519 21.2243 
0.5 10.5 6 1 -0.246733 -0.0108284 21.4619 
0.5 5.5 9.5 1 -0.044579 0.187656 20.0957 
10.5 5.5 9.5 1 -0.369889 0.362198 10.5596 
0.5 6.5 -0.5 1 -0.0431125 -0.313471 20.029 
0.5 8.5 -0.5 1 -0.133838 -0.314525 20.6267 
0.5 8.5 4.5 1 -0.156231 -0.072807 20.8094 
0.5 6.5 4.5 1 -0.0669885 -0.0646151 20.2118 
0.5 2.5 2 1 0.141903 -0.178286 18.9251 
0.5 4.5 2 1 0.0403837 -0.183538 19.5228 
0.5 4.5 4.5 1 0.0276929 -0.0559241 19.6141 
0.5 2.5 4.5 1 0.128326 -0.0466867 19.0165 
