0 0 0 1 0.287896 -0.321985 15.6663 
0 0 6.5 1 0.323998 0.0893706 15.892 
10 0 0 1 -0.378314 -0.286959 13.9994 
10 0 6.5 1 -0.327412 0.172046 14.2251 
10 10 0 1 -0.293029 -0.175823 23.8533 
10 10 6.5 1 -0.263757 0.0942998 24.079 
0 10 0 1 0.110372 -0.204584 25.5203 
0 10 6.5 1 0.134212 0.0483014 25.746 
0 5 10 1 0.221872 0.229835 20.9406 
10 5 10 1 -0.26774 0.303003 19.2736 
0 6 0 1 0.161926 -0.238677 21.5787 
0 8 0 1 0.133992 -0.220204 23.5495 
0 8 5 1 0.153721 -0.00897523 23.7231 
0 6 5 1 0.18322 -0.00816365 21.7523 
0 2 2.5 1 0.249224 -0.146315 17.7239 
0 4 2.5 1 0.207087 -0.133468 19.6947 
0 4 5 1 0.218596 -0.00719035 19.7815 
0 2 5 1 0.261802 -0.00600166 17.8107 
0.5 0.5 -0.5 1 0.242002 -0.342444 16.0583 
0.5 0.5 6 1 0.277871 0.0592925 16.284 
10.5 0.5 -0.5 1 -0.411378 -0.310743 14.3913 
10.5 0.5 6 1 -0.36133 0.13632 14.6171 
10.5 10.5 -0.5 1 -0.314034 -0.191737 24.2453 
10.5 10.5 6 1 -0.285037 0.0742057 24.471 
0.5 10.5 -0.5 1 0.0846159 -0.219039 25.9123 
0.5 10.5 6 1 0.108321 0.0301787 26.138 
0.5 5.5 9.5 1 0.188538 0.204294 21.3325 
10.5 5.5 9.5 1 -0.294141 0.273838 19.6656 
0.5 6.5 -0.5 1 0.130629 -0.255117 21.9707 
0.5 8.5 -0.5 1 0.105729 -0.235593 23.9415 
0.5 8.5 4.5 1 0.125341 -0.0276872 24.1151 
0.5 6.5 4.5 1 0.151792 -0.0285553 22.1443 
0.5 2.5 2 1 0.209379 -0.168252 18.1159 
0.5 4.5 2 1 0.171973 -0.153504 20.0867 
0.5 4.5 4.5 1 0.183411 -0.029593 20.1735 
0.5 2.5 4.5 1 0.221876 -0.0308554 18.2027 
