0 0 0 1 -0.381931 -0.370543 20.9269 
0 0 6.5 1 -0.406754 -0.0608906 21.2065 
10 0 0 1 0.0351107 -0.27805 25.4626 
10 0 6.5 1 0.0101321 -0.0239623 25.7422 
10 10 0 1 0.324556 -0.37775 16.5608 
10 10 6.5 1 0.281569 0.0123044 16.8404 
0 10 0 1 -0.292035 -0.576317 12.0251 
0 10 6.5 1 -0.336859 -0.0379714 12.3047 
0 5 10 1 -0.397864 0.153841 16.9061 
10 5 10 1 0.100753 0.152752 21.4418 
0 6 0 1 -0.340316 -0.465801 15.5858 
0 8 0 1 -0.319289 -0.513933 13.8055 
0 8 5 1 -0.349131 -0.151457 14.0205 
0 6 5 1 -0.36651 -0.144822 15.8009 
0 2 2.5 1 -0.381218 -0.265072 19.2541 
0 4 2.5 1 -0.368772 -0.282648 17.4737 
0 4 5 1 -0.380369 -0.139531 17.5812 
0 2 5 1 -0.391679 -0.135213 19.3616 
0.5 0.5 -0.5 1 -0.351695 -0.395249 20.6871 
0.5 0.5 6 1 -0.377206 -0.0817254 20.9667 
10.5 0.5 -0.5 1 0.0638745 -0.297434 25.2228 
10.5 0.5 6 1 0.0383457 -0.0407442 25.5024 
10.5 10.5 -0.5 1 0.373261 -0.409171 16.321 
10.5 10.5 6 1 0.328833 -0.0129528 16.6005 
0.5 10.5 -0.5 1 -0.237132 -0.623871 11.7853 
0.5 10.5 6 1 -0.284119 -0.0737231 12.0648 
0.5 5.5 9.5 1 -0.360563 0.13072 16.6663 
10.5 5.5 9.5 1 0.135714 0.134565 21.202 
0.5 6.5 -0.5 1 -0.298906 -0.500594 15.346 
0.5 8.5 -0.5 1 -0.272073 -0.554143 13.5657 
0.5 8.5 4.5 1 -0.303171 -0.184732 13.7807 
0.5 6.5 4.5 1 -0.326076 -0.174188 15.5611 
0.5 2.5 2 1 -0.348313 -0.290621 19.0143 
0.5 4.5 2 1 -0.332295 -0.311081 17.2339 
0.5 4.5 4.5 1 -0.344278 -0.165809 17.3414 
0.5 2.5 4.5 1 -0.35909 -0.15899 19.1218 
