0 0 0 1 -0.099064 -0.0357713 26.4116 
0 0 6.5 1 -0.0927254 0.215636 25.245 
10 0 0 1 0.293507 -0.0734048 24.1652 
10 0 6.5 1 0.320378 0.200651 22.9985 
10 10 0 1 0.324658 -0.23453 14.5875 
10 10 6.5 1 0.373414 0.221097 13.4208 
0 10 0 1 -0.295424 -0.153983 16.8339 
0 10 6.5 1 -0.299832 0.242312 15.6673 
0 5 10 1 -0.170003 0.406498 19.8279 
10 5 10 1 0.360508 0.411282 17.5815 
0 6 0 1 -0.195038 -0.0935492 20.665 
0 8 0 1 -0.240103 -0.120679 18.7494 
0 8 5 1 -0.240298 0.148531 17.852 
0 6 5 1 -0.193168 0.150805 19.7676 
0 2 2.5 1 -0.123996 0.0491892 24.0473 
0 4 2.5 1 -0.156025 0.0385598 22.1318 
0 4 5 1 -0.154366 0.152677 21.6831 
0 2 5 1 -0.121862 0.154246 23.5986 
0.5 0.5 -0.5 1 -0.0876112 -0.060209 25.9101 
0.5 0.5 6 1 -0.0806042 0.195142 24.7435 
10.5 0.5 -0.5 1 0.314366 -0.10096 23.6637 
10.5 0.5 6 1 0.342918 0.177775 22.4971 
10.5 10.5 -0.5 1 0.360809 -0.286557 14.086 
10.5 10.5 6 1 0.414722 0.182057 12.9194 
0.5 10.5 -0.5 1 -0.283284 -0.196381 16.3324 
0.5 10.5 6 1 -0.286904 0.209757 15.1658 
0.5 5.5 9.5 1 -0.15649 0.385211 19.3265 
10.5 5.5 9.5 1 0.391375 0.387336 17.08 
0.5 6.5 -0.5 1 -0.182708 -0.126389 20.1635 
0.5 8.5 -0.5 1 -0.227717 -0.157711 18.248 
0.5 8.5 4.5 1 -0.227277 0.117364 17.3506 
0.5 6.5 4.5 1 -0.180215 0.122796 19.2661 
0.5 2.5 2 1 -0.111925 0.0241072 23.5459 
0.5 4.5 2 1 -0.143627 0.0110101 21.6303 
0.5 4.5 4.5 1 -0.141666 0.127246 21.1816 
0.5 2.5 4.5 1 -0.10951 0.130957 23.0972 
