0 0 0 1 0.382501 -0.684207 12.4352 
0 0 6.5 1 0.354483 -0.155747 13.7097 
10 0 0 1 -0.343653 -0.602275 14.574 
10 0 6.5 1 -0.309495 -0.151723 15.8485 
10 10 0 1 -0.118396 -0.444264 24.1438 
10 10 6.5 1 -0.108393 -0.171264 25.4183 
0 10 0 1 0.313854 -0.475206 22.005 
0 10 6.5 1 0.301112 -0.175429 23.2794 
0 5 10 1 0.312314 0.0167899 19.1808 
10 5 10 1 -0.17704 0.00247216 21.3197 
0 6 0 1 0.332639 -0.532398 18.1771 
0 8 0 1 0.322351 -0.501077 20.091 
0 8 5 1 0.311127 -0.245112 21.0714 
0 6 5 1 0.319767 -0.249257 19.1574 
0 2 2.5 1 0.352186 -0.434441 14.8393 
0 4 2.5 1 0.337616 -0.408072 16.7533 
0 4 5 1 0.330324 -0.254322 17.2435 
0 2 5 1 0.343518 -0.260652 15.3295 
0.5 0.5 -0.5 1 0.337995 -0.704919 12.9226 
0.5 0.5 6 1 0.314934 -0.192742 14.1971 
10.5 0.5 -0.5 1 -0.35834 -0.622697 15.0614 
10.5 0.5 6 1 -0.324055 -0.183994 16.3359 
10.5 10.5 -0.5 1 -0.131834 -0.459878 24.6312 
10.5 10.5 6 1 -0.121358 -0.191246 25.9057 
0.5 10.5 -0.5 1 0.289771 -0.491634 22.4924 
0.5 10.5 6 1 0.278582 -0.197124 23.7668 
0.5 5.5 9.5 1 0.284812 -0.0141896 19.6682 
10.5 5.5 9.5 1 -0.190908 -0.0251489 21.8071 
0.5 6.5 -0.5 1 0.303127 -0.550702 18.6644 
0.5 8.5 -0.5 1 0.295828 -0.518421 20.5784 
0.5 8.5 4.5 1 0.286064 -0.267454 21.5588 
0.5 6.5 4.5 1 0.292047 -0.273673 19.6448 
0.5 2.5 2 1 0.315625 -0.459847 15.3267 
0.5 4.5 2 1 0.305526 -0.431403 17.2407 
0.5 4.5 4.5 1 0.299322 -0.281234 17.7309 
0.5 2.5 4.5 1 0.308357 -0.290625 15.8169 
