0 0 0 1 0.276327 -0.388793 20.2694 
0 0 6.5 1 0.241337 -0.0687544 21.0018 
10 0 0 1 0.70198 -0.630213 10.5091 
10 0 6.5 1 0.608876 -0.0165755 11.2415 
10 10 0 1 -0.280981 -0.83522 8.64719 
10 10 6.5 1 -0.315804 -0.0837655 9.37966 
0 10 0 1 -0.228487 -0.460679 18.4075 
0 10 6.5 1 -0.247561 -0.106757 19.14 
0 5 10 1 -0.00594166 0.0841531 20.4653 
10 5 10 1 0.154561 0.278361 10.705 
0 6 0 1 -0.0147834 -0.430247 19.1522 
0 8 0 1 -0.119516 -0.445161 18.7799 
0 8 5 1 -0.137209 -0.176228 19.3433 
0 6 5 1 -0.0351349 -0.166819 19.7157 
0 2 2.5 1 0.17022 -0.273795 20.1787 
0 4 2.5 1 0.0743927 -0.284995 19.8063 
0 4 5 1 0.0631549 -0.15776 20.0881 
0 2 5 1 0.157867 -0.14903 20.4604 
0.5 0.5 -0.5 1 0.266932 -0.424961 19.6319 
0.5 0.5 6 1 0.231185 -0.0936036 20.3644 
10.5 0.5 -0.5 1 0.710783 -0.71773 9.87161 
10.5 0.5 6 1 0.611474 -0.0611599 10.6041 
10.5 10.5 -0.5 1 -0.34836 -0.959397 8.00973 
10.5 10.5 6 1 -0.380077 -0.142745 8.74221 
0.5 10.5 -0.5 1 -0.256975 -0.503215 17.77 
0.5 10.5 6 1 -0.275578 -0.135416 18.5025 
0.5 5.5 9.5 1 -0.024318 0.0635474 19.8279 
10.5 5.5 9.5 1 0.128532 0.250075 10.0676 
0.5 6.5 -0.5 1 -0.0347674 -0.470025 18.5148 
0.5 8.5 -0.5 1 -0.143591 -0.486279 18.1424 
0.5 8.5 4.5 1 -0.161161 -0.206943 18.7059 
0.5 6.5 4.5 1 -0.0552087 -0.19662 19.0782 
0.5 2.5 2 1 0.15732 -0.30638 19.5413 
0.5 4.5 2 1 0.0580561 -0.318585 19.1689 
0.5 4.5 4.5 1 0.0466867 -0.186693 19.4506 
0.5 2.5 4.5 1 0.144754 -0.177139 19.823 
