0 0 0 1 -0.721569 -0.574351 12.4778 
0 0 6.5 1 -0.638215 -0.0558363 13.3994 
10 0 0 1 -0.230073 -0.407156 21.4782 
10 0 6.5 1 -0.200435 -0.103865 22.3999 
10 10 0 1 0.24023 -0.50668 17.3575 
10 10 6.5 1 0.252837 -0.129998 18.2792 
0 10 0 1 0.0129006 -0.863504 8.35701 
0 10 6.5 1 0.0603163 -0.08599 9.27867 
0 5 10 1 -0.317079 0.226699 11.8353 
10 5 10 1 0.0148428 0.0530178 20.8358 
0 6 0 1 -0.353486 -0.719262 10.0053 
0 8 0 1 -0.186737 -0.784909 9.18116 
0 8 5 1 -0.138208 -0.229432 9.89013 
0 6 5 1 -0.297656 -0.210856 10.7143 
0 2 2.5 1 -0.583565 -0.392063 12.0081 
0 4 2.5 1 -0.463631 -0.421843 11.1839 
0 4 5 1 -0.434326 -0.194934 11.5384 
0 2 5 1 -0.552774 -0.181135 12.3626 
0.5 0.5 -0.5 1 -0.662379 -0.611955 12.6508 
0.5 0.5 6 1 -0.584108 -0.0974989 13.5725 
10.5 0.5 -0.5 1 -0.199418 -0.430465 21.6513 
10.5 0.5 6 1 -0.171258 -0.128547 22.573 
10.5 10.5 -0.5 1 0.273448 -0.534485 17.5306 
10.5 10.5 6 1 0.284277 -0.159948 18.4523 
0.5 10.5 -0.5 1 0.085781 -0.913406 8.5301 
0.5 10.5 6 1 0.125222 -0.145264 9.45176 
0.5 5.5 9.5 1 -0.260552 0.175538 12.0084 
10.5 5.5 9.5 1 0.0444179 0.0252055 21.0089 
0.5 6.5 -0.5 1 -0.286177 -0.763535 10.1784 
0.5 8.5 -0.5 1 -0.116584 -0.831868 9.35425 
0.5 8.5 4.5 1 -0.0738312 -0.282637 10.0632 
0.5 6.5 4.5 1 -0.235617 -0.260329 10.8874 
0.5 2.5 2 1 -0.524053 -0.433706 12.1812 
0.5 4.5 2 1 -0.401629 -0.466054 11.357 
0.5 4.5 4.5 1 -0.374634 -0.241161 11.7115 
0.5 2.5 4.5 1 -0.495371 -0.224513 12.5357 
