0 0 0 1 -0.315032 -0.181946 23.1392 
0 0 6.5 1 -0.347713 0.0988809 22.7348 
10 0 0 1 0.0839116 -0.119409 26.1238 
10 0 6.5 1 0.0612962 0.129813 25.7194 
10 10 0 1 0.314781 -0.206426 16.5999 
10 10 6.5 1 0.284631 0.187181 16.1955 
0 10 0 1 -0.312617 -0.331782 13.6153 
0 10 6.5 1 -0.368783 0.14691 13.2109 
0 5 10 1 -0.378485 0.313818 17.7551 
10 5 10 1 0.133158 0.321246 20.7397 
0 6 0 1 -0.3139 -0.252193 17.4249 
0 8 0 1 -0.313337 -0.287104 15.5201 
0 8 5 1 -0.35088 0.0336593 15.209 
0 6 5 1 -0.347275 0.0335033 17.1138 
0 2 2.5 1 -0.328277 -0.0848071 21.0789 
0 4 2.5 1 -0.32925 -0.0964365 19.1741 
0 4 5 1 -0.344391 0.0333786 19.0186 
0 2 5 1 -0.342033 0.0332766 20.9234 
0.5 0.5 -0.5 1 -0.289647 -0.204335 22.8434 
0.5 0.5 6 1 -0.3223 0.0797913 22.439 
10.5 0.5 -0.5 1 0.110934 -0.138494 25.828 
10.5 0.5 6 1 0.0884849 0.113324 25.4236 
10.5 10.5 -0.5 1 0.361777 -0.238239 16.304 
10.5 10.5 6 1 0.332261 0.161883 15.8997 
0.5 10.5 -0.5 1 -0.269026 -0.373509 13.3194 
0.5 10.5 6 1 -0.325113 0.114844 12.9151 
0.5 5.5 9.5 1 -0.346346 0.292926 17.4593 
10.5 5.5 9.5 1 0.168009 0.303512 20.4439 
0.5 6.5 -0.5 1 -0.280026 -0.283264 17.129 
0.5 8.5 -0.5 1 -0.275214 -0.322741 15.2242 
0.5 8.5 4.5 1 -0.312707 0.00364227 14.9132 
0.5 6.5 4.5 1 -0.313361 0.00688326 16.8179 
0.5 2.5 2 1 -0.300563 -0.108033 20.783 
0.5 4.5 2 1 -0.298755 -0.122188 18.8783 
0.5 4.5 4.5 1 -0.313883 0.00946479 18.7227 
0.5 2.5 4.5 1 -0.314308 0.0115696 20.6275 
