0 0 0 1 0.270659 -0.196842 18.6203 
0 0 6.5 1 0.249052 0.154544 17.9797 
10 0 0 1 0.013292 -0.494876 10.0021 
10 0 6.5 1 -0.0458164 0.159603 9.3615 
10 10 0 1 -0.570018 -0.347933 14.9776 
10 10 6.5 1 -0.634675 0.0859824 14.337 
0 10 0 1 -0.15387 -0.166413 23.5958 
0 10 6.5 1 -0.18264 0.10966 22.9552 
0 5 10 1 -0.00794463 0.304026 20.1225 
10 5 10 1 -0.440413 0.420123 11.5043 
0 6 0 1 -0.00752172 -0.176903 21.6056 
0 8 0 1 -0.0839177 -0.171427 22.6007 
0 8 5 1 -0.105338 0.0489638 22.1079 
0 6 5 1 -0.0281682 0.0537478 21.1128 
0 2 2.5 1 0.159511 -0.0639734 19.369 
0 4 2.5 1 0.066562 -0.0634146 20.3641 
0 4 5 1 0.0566354 0.0590051 20.1177 
0 2 5 1 0.150265 0.0648095 19.1226 
0.5 0.5 -0.5 1 0.238222 -0.22925 18.4874 
0.5 0.5 6 1 0.21529 0.123589 17.8468 
10.5 0.5 -0.5 1 -0.0509355 -0.559596 9.86921 
10.5 0.5 6 1 -0.115353 0.0998137 9.22864 
10.5 10.5 -0.5 1 -0.617939 -0.389645 14.8447 
10.5 10.5 6 1 -0.685362 0.0464476 14.2041 
0.5 10.5 -0.5 1 -0.181833 -0.191776 23.4629 
0.5 10.5 6 1 -0.211555 0.0851922 22.8223 
0.5 5.5 9.5 1 -0.0397959 0.277382 19.9897 
10.5 5.5 9.5 1 -0.501457 0.374643 11.3715 
0.5 6.5 -0.5 1 -0.0371705 -0.204682 21.4727 
0.5 8.5 -0.5 1 -0.112705 -0.197943 22.4678 
0.5 8.5 4.5 1 -0.1349 0.0231857 21.9751 
0.5 6.5 4.5 1 -0.0586441 0.0267773 20.98 
0.5 2.5 2 1 0.127568 -0.094202 19.2361 
0.5 4.5 2 1 0.0355803 -0.0921527 20.2312 
0.5 4.5 4.5 1 0.0252058 0.0307265 19.9849 
0.5 2.5 4.5 1 0.117843 0.0350897 18.9898 
