0 0 0 1 -0.376913 -0.36127 21.084 
0 0 6.5 1 -0.402628 -0.0540655 21.3212 
10 0 0 1 0.0385048 -0.270266 25.5274 
10 0 6.5 1 0.0134019 -0.01688 25.7646 
10 10 0 1 0.324302 -0.370261 16.5763 
10 10 6.5 1 0.281804 0.0194341 16.8134 
0 10 0 1 -0.292929 -0.565025 12.1329 
0 10 6.5 1 -0.33886 -0.0316151 12.37 
0 5 10 1 -0.39659 0.159596 16.9733 
10 5 10 1 0.102646 0.160002 21.4167 
0 6 0 1 -0.338005 -0.455666 15.7134 
0 8 0 1 -0.318365 -0.503315 13.9231 
0 8 5 1 -0.34902 -0.144282 14.1055 
0 6 5 1 -0.364982 -0.137616 15.8958 
0 2 2.5 1 -0.377278 -0.256819 19.385 
0 4 2.5 1 -0.365733 -0.274292 17.5948 
0 4 5 1 -0.377713 -0.132299 17.686 
0 2 5 1 -0.388103 -0.12796 19.4762 
0.5 0.5 -0.5 1 -0.347003 -0.385804 20.8404 
0.5 0.5 6 1 -0.373351 -0.0747724 21.0775 
10.5 0.5 -0.5 1 0.0671619 -0.289612 25.2838 
10.5 0.5 6 1 0.041553 -0.0336267 25.5209 
10.5 10.5 -0.5 1 0.372928 -0.4017 16.3326 
10.5 10.5 6 1 0.329109 -0.00582541 16.5698 
0.5 10.5 -0.5 1 -0.238778 -0.612205 11.8893 
0.5 10.5 6 1 -0.286691 -0.0671559 12.1264 
0.5 5.5 9.5 1 -0.359617 0.136619 16.7297 
10.5 5.5 9.5 1 0.137605 0.141851 21.173 
0.5 6.5 -0.5 1 -0.297097 -0.490204 15.4697 
0.5 8.5 -0.5 1 -0.271754 -0.543221 13.6795 
0.5 8.5 4.5 1 -0.303562 -0.177353 13.8619 
0.5 6.5 4.5 1 -0.324972 -0.166801 15.6521 
0.5 2.5 2 1 -0.344717 -0.282201 19.1414 
0.5 4.5 2 1 -0.32965 -0.302538 17.3512 
0.5 4.5 4.5 1 -0.341987 -0.158414 17.4424 
0.5 2.5 4.5 1 -0.355834 -0.151589 19.2326 
