0 0 0 1 0.287334 -0.43542 18.8012 
0 0 6.5 1 0.256571 -0.0900289 19.9634 
10 0 0 1 0.582336 -0.714588 8.96285 
10 0 6.5 1 0.48782 -0.00154433 10.1251 
10 10 0 1 -0.526116 -0.756861 9.06576 
10 10 6.5 1 -0.493726 -0.0461873 10.228 
0 10 0 1 -0.242637 -0.457212 18.9041 
0 10 6.5 1 -0.242546 -0.11233 20.0663 
0 5 10 1 -0.00113116 0.0685359 20.6407 
10 5 10 1 -0.019086 0.295887 10.8023 
0 6 0 1 -0.0313422 -0.448523 18.8629 
0 8 0 1 -0.137105 -0.452872 18.8835 
0 8 5 1 -0.141804 -0.183901 19.7775 
0 6 5 1 -0.0408327 -0.179469 19.7569 
0 2 2.5 1 0.171088 -0.302064 19.2687 
0 4 2.5 1 0.0673346 -0.306478 19.2893 
0 4 5 1 0.0603495 -0.175027 19.7363 
0 2 5 1 0.161743 -0.170577 19.7158 
0.5 0.5 -0.5 1 0.269694 -0.472517 18.225 
0.5 0.5 6 1 0.239075 -0.114638 19.3872 
10.5 0.5 -0.5 1 0.56427 -0.814384 8.38667 
10.5 0.5 6 1 0.466249 -0.0461689 9.5489 
10.5 10.5 -0.5 1 -0.619192 -0.858315 8.48958 
10.5 10.5 6 1 -0.573661 -0.0930011 9.65181 
0.5 10.5 -0.5 1 -0.276838 -0.494786 18.3279 
0.5 10.5 6 1 -0.274705 -0.137468 19.4901 
0.5 5.5 9.5 1 -0.0254374 0.049311 20.0645 
10.5 5.5 9.5 1 -0.0677882 0.270976 10.2262 
0.5 6.5 -0.5 1 -0.0589633 -0.485909 18.2867 
0.5 8.5 -0.5 1 -0.168023 -0.490352 18.3073 
0.5 8.5 4.5 1 -0.171424 -0.211565 19.2013 
0.5 6.5 4.5 1 -0.0674514 -0.207029 19.1807 
0.5 2.5 2 1 0.150306 -0.334123 18.6926 
0.5 4.5 2 1 0.0433812 -0.338637 18.7132 
0.5 4.5 4.5 1 0.0367449 -0.202484 19.1602 
0.5 2.5 4.5 1 0.141165 -0.197929 19.1396 
