0 0 0 1 0.344235 -0.54262 10.6866 
0 0 6.5 1 0.27804 0.0607523 10.9452 
10 0 0 1 -0.227453 -0.396926 17.1359 
10 0 6.5 1 -0.260604 -0.0194308 17.3945 
10 10 0 1 0.103182 -0.261332 24.7679 
10 10 6.5 1 0.0767232 -0.00035762 25.0266 
0 10 0 1 0.553094 -0.298588 18.3186 
0 10 6.5 1 0.511186 0.0535057 18.5772 
0 5 10 1 0.397814 0.289246 14.9005 
10 5 10 1 -0.0772215 0.154895 21.3498 
0 6 0 1 0.49461 -0.36692 15.2658 
0 8 0 1 0.52651 -0.329648 16.7922 
0 8 5 1 0.491575 -0.0331609 16.9911 
0 6 5 1 0.456638 -0.0406893 15.4647 
0 2 2.5 1 0.383751 -0.263709 12.3124 
0 4 2.5 1 0.434686 -0.229867 13.8389 
0 4 5 1 0.414048 -0.0498666 13.9383 
0 2 5 1 0.360983 -0.0613012 12.4119 
0.5 0.5 -0.5 1 0.322883 -0.556661 11.3707 
0.5 0.5 6 1 0.261057 0.0115264 11.6294 
10.5 0.5 -0.5 1 -0.219129 -0.411479 17.8201 
10.5 0.5 6 1 -0.251144 -0.0480616 18.0787 
10.5 10.5 -0.5 1 0.100122 -0.275166 25.4521 
10.5 10.5 6 1 0.0743987 -0.0209971 25.7107 
0.5 10.5 -0.5 1 0.532797 -0.315775 19.0028 
0.5 10.5 6 1 0.492651 0.0240422 19.2614 
0.5 5.5 9.5 1 0.379884 0.242483 15.5847 
10.5 5.5 9.5 1 -0.0751537 0.125991 22.034 
0.5 6.5 -0.5 1 0.472938 -0.384466 15.9499 
0.5 8.5 -0.5 1 0.505482 -0.347121 17.4764 
0.5 8.5 4.5 1 0.472136 -0.0619136 17.6753 
0.5 6.5 4.5 1 0.436841 -0.0718408 16.1489 
0.5 2.5 2 1 0.36299 -0.290676 12.9966 
0.5 4.5 2 1 0.413707 -0.255594 14.523 
0.5 4.5 4.5 1 0.394178 -0.0838406 14.6225 
0.5 2.5 4.5 1 0.341569 -0.0986376 13.0961 
