0 0 0 1 0.0860597 -0.28856 10.0757 
0 0 6.5 1 0.0458209 0.383773 9.1466 
10 0 0 1 -0.242024 -0.111568 18.4873 
10 0 6.5 1 -0.280346 0.248036 17.5582 
10 10 0 1 0.166706 -0.030349 23.7028 
10 10 6.5 1 0.153835 0.250213 22.7738 
0 10 0 1 0.607726 -0.102294 15.2912 
0 10 6.5 1 0.615845 0.337932 14.3622 
0 5 10 1 0.390147 0.678639 11.2541 
10 5 10 1 -0.048344 0.431326 19.6657 
0 6 0 1 0.44851 -0.159144 13.205 
0 8 0 1 0.533946 -0.128638 14.2481 
0 8 5 1 0.536678 0.229343 13.5335 
0 6 5 1 0.446581 0.226988 12.4903 
0 2 2.5 1 0.221156 -0.0158397 10.7614 
0 4 2.5 1 0.344368 0.00831775 11.8046 
0 4 5 1 0.340065 0.224204 11.4472 
0 2 5 1 0.21219 0.220861 10.4041 
0.5 0.5 -0.5 1 0.0975007 -0.303984 10.8285 
0.5 0.5 6 1 0.0613957 0.315771 9.89942 
10.5 0.5 -0.5 1 -0.222748 -0.127175 19.2401 
10.5 0.5 6 1 -0.258516 0.216853 18.311 
10.5 10.5 -0.5 1 0.169289 -0.0451274 24.4556 
10.5 10.5 6 1 0.156932 0.225873 23.5266 
0.5 10.5 -0.5 1 0.59097 -0.121444 16.0441 
0.5 10.5 6 1 0.597655 0.295679 15.115 
0.5 5.5 9.5 1 0.381399 0.604086 12.0069 
10.5 5.5 9.5 1 -0.0373211 0.396604 20.4185 
0.5 6.5 -0.5 1 0.437837 -0.17809 13.9578 
0.5 8.5 -0.5 1 0.519727 -0.147798 15.0009 
0.5 8.5 4.5 1 0.521604 0.19036 14.2863 
0.5 6.5 4.5 1 0.435442 0.185069 13.2432 
0.5 2.5 2 1 0.223082 -0.0481767 11.5143 
0.5 4.5 2 1 0.338748 -0.0227813 12.5574 
0.5 4.5 4.5 1 0.334546 0.178872 12.2 
0.5 2.5 4.5 1 0.214783 0.171517 11.1569 
