0 0 0 1 0.37645 -0.68752 12.5577 
0 0 6.5 1 0.352677 -0.163452 13.8156 
10 0 0 1 -0.350536 -0.606552 14.4966 
10 0 6.5 1 -0.313337 -0.153447 15.7545 
10 10 0 1 -0.130585 -0.445155 24.1141 
10 10 6.5 1 -0.118392 -0.171805 25.372 
0 10 0 1 0.300336 -0.476895 22.1751 
0 10 6.5 1 0.290406 -0.179223 23.433 
0 5 10 1 0.306549 0.0105686 19.3016 
10 5 10 1 -0.183235 0.00210359 21.2406 
0 6 0 1 0.321196 -0.534619 18.3281 
0 8 0 1 0.309775 -0.503016 20.2516 
0 8 5 1 0.30091 -0.248957 21.2192 
0 6 5 1 0.310874 -0.25365 19.2958 
0 2 2.5 1 0.345452 -0.439016 14.965 
0 4 2.5 1 0.328994 -0.412007 16.8885 
0 4 5 1 0.323044 -0.259383 17.3723 
0 2 5 1 0.338246 -0.266542 15.4488 
0.5 0.5 -0.5 1 0.331501 -0.707823 13.0387 
0.5 0.5 6 1 0.312484 -0.199603 14.2966 
10.5 0.5 -0.5 1 -0.366316 -0.626827 14.9777 
10.5 0.5 6 1 -0.328997 -0.185577 16.2356 
10.5 10.5 -0.5 1 -0.144497 -0.460659 24.5951 
10.5 10.5 6 1 -0.131853 -0.191641 25.853 
0.5 10.5 -0.5 1 0.276084 -0.493052 22.6562 
0.5 10.5 6 1 0.26763 -0.200518 23.9141 
0.5 5.5 9.5 1 0.278624 -0.0197887 19.7827 
10.5 5.5 9.5 1 -0.197821 -0.0253564 21.7217 
0.5 6.5 -0.5 1 0.29145 -0.552604 18.8092 
0.5 8.5 -0.5 1 0.283054 -0.520065 20.7327 
0.5 8.5 4.5 1 0.275577 -0.270878 21.7003 
0.5 6.5 4.5 1 0.282835 -0.277589 19.7768 
0.5 2.5 2 1 0.308474 -0.463894 15.446 
0.5 4.5 2 1 0.296567 -0.434879 17.3695 
0.5 4.5 4.5 1 0.291656 -0.285747 17.8533 
0.5 2.5 4.5 1 0.302609 -0.295874 15.9298 
