0 0 0 1 0.290405 -0.396912 18.7762 
0 0 6.5 1 0.256772 -0.0529995 19.8536 
10 0 0 1 0.541961 -0.652856 8.92801 
10 0 6.5 1 0.448137 0.0571238 10.0054 
10 10 0 1 -0.542943 -0.684891 9.444 
10 10 6.5 1 -0.52107 -0.00644912 10.5214 
0 10 0 1 -0.233955 -0.419439 19.2922 
0 10 6.5 1 -0.239 -0.083047 20.3696 
0 5 10 1 -0.00368795 0.100251 20.6917 
10 5 10 1 -0.0636662 0.341045 10.8436 
0 6 0 1 -0.0276133 -0.410574 19.0858 
0 8 0 1 -0.131339 -0.415031 19.189 
0 8 5 1 -0.139537 -0.151902 20.0177 
0 6 5 1 -0.0401704 -0.146268 19.9145 
0 2 2.5 1 0.172231 -0.265305 19.2938 
0 4 2.5 1 0.068554 -0.270486 19.397 
0 4 5 1 0.0602313 -0.140575 19.8113 
0 2 5 1 0.161684 -0.134822 19.7081 
0.5 0.5 -0.5 1 0.271633 -0.433189 18.2267 
0.5 0.5 6 1 0.238091 -0.0774623 19.3041 
10.5 0.5 -0.5 1 0.517623 -0.748559 8.37852 
10.5 0.5 6 1 0.421119 0.0135829 9.45593 
10.5 10.5 -0.5 1 -0.632892 -0.77702 8.89452 
10.5 10.5 6 1 -0.600096 -0.0512401 9.97192 
0.5 10.5 -0.5 1 -0.267583 -0.455378 18.7427 
0.5 10.5 6 1 -0.27094 -0.107706 19.8201 
0.5 5.5 9.5 1 -0.0286973 0.0809867 20.1422 
10.5 5.5 9.5 1 -0.115803 0.316204 10.2941 
0.5 6.5 -0.5 1 -0.0554987 -0.44665 18.5363 
0.5 8.5 -0.5 1 -0.162128 -0.451038 18.6395 
0.5 8.5 4.5 1 -0.169246 -0.17895 19.4683 
0.5 6.5 4.5 1 -0.0672186 -0.1733 19.3651 
0.5 2.5 2 1 0.150513 -0.296722 18.7443 
0.5 4.5 2 1 0.0439328 -0.301882 18.8475 
0.5 4.5 4.5 1 0.0359023 -0.167589 19.2619 
0.5 2.5 4.5 1 0.140134 -0.161817 19.1587 
