0 0 0 1 -0.72128 -0.587551 12.6149 
0 0 6.5 1 -0.63841 -0.0735494 13.5947 
10 0 0 1 -0.225168 -0.420659 21.5152 
10 0 6.5 1 -0.196695 -0.117295 22.495 
10 10 0 1 0.242979 -0.521951 17.2126 
10 10 6.5 1 0.252971 -0.141385 18.1924 
0 10 0 1 -0.00866489 -0.883687 8.31228 
0 10 6.5 1 0.0374331 -0.100458 9.29212 
0 5 10 1 -0.329086 0.207663 11.971 
10 5 10 1 0.0150843 0.040595 20.8713 
0 6 0 1 -0.367053 -0.734755 10.0333 
0 8 0 1 -0.204669 -0.802235 9.1728 
0 8 5 1 -0.156593 -0.24444 9.92652 
0 6 5 1 -0.311465 -0.226172 10.787 
0 2 2.5 1 -0.587905 -0.406591 12.1312 
0 4 2.5 1 -0.472609 -0.436456 11.2707 
0 4 5 1 -0.443454 -0.210603 11.6475 
0 2 5 1 -0.557281 -0.197176 12.5081 
0.5 0.5 -0.5 1 -0.663078 -0.625224 12.7694 
0.5 0.5 6 1 -0.585286 -0.114314 13.7492 
10.5 0.5 -0.5 1 -0.194408 -0.444048 21.6697 
10.5 0.5 6 1 -0.16746 -0.141742 22.6495 
10.5 10.5 -0.5 1 0.277194 -0.550234 17.3671 
10.5 10.5 6 1 0.285275 -0.171362 18.3469 
0.5 10.5 -0.5 1 0.0661095 -0.9351 8.4668 
0.5 10.5 6 1 0.103698 -0.159349 9.44664 
0.5 5.5 9.5 1 -0.272791 0.157857 12.1255 
10.5 5.5 9.5 1 0.0450203 0.0130996 21.0258 
0.5 6.5 -0.5 1 -0.299474 -0.779741 10.1878 
0.5 8.5 -0.5 1 -0.133546 -0.850254 9.32731 
0.5 8.5 4.5 1 -0.0915244 -0.297418 10.081 
0.5 6.5 4.5 1 -0.249327 -0.275241 10.9415 
0.5 2.5 2 1 -0.529089 -0.448023 12.2857 
0.5 4.5 2 1 -0.410922 -0.480604 11.4252 
0.5 4.5 4.5 1 -0.384118 -0.256298 11.8021 
0.5 2.5 4.5 1 -0.500589 -0.23993 12.6626 
