0 0 0 1 -0.169291 -0.309622 10.0375 
0 0 6.5 1 -0.194611 0.373035 8.74614 
10 0 0 1 -0.247456 -0.0630095 19.3584 
10 0 6.5 1 -0.2653 0.285086 18.0671 
10 10 0 1 0.210831 -0.0268721 22.3871 
10 10 6.5 1 0.223602 0.27346 21.0958 
0 10 0 1 0.597805 -0.190541 13.0661 
0 10 6.5 1 0.663124 0.329584 11.7748 
0 5 10 1 0.319024 0.732027 9.56514 
10 5 10 1 -0.00209714 0.470716 18.8861 
0 6 0 1 0.338002 -0.230872 11.8547 
0 8 0 1 0.474218 -0.209726 12.4604 
0 8 5 1 0.515107 0.199445 11.4671 
0 6 5 1 0.368713 0.199185 10.8613 
0 2 2.5 1 0.0198793 -0.0526304 10.1465 
0 4 2.5 1 0.195657 -0.0381669 10.7523 
0 4 5 1 0.205026 0.198895 10.2556 
0 2 5 1 0.0207893 0.198567 9.64987 
0.5 0.5 -0.5 1 -0.128142 -0.322898 10.7543 
0.5 0.5 6 1 -0.145929 0.306236 9.46295 
10.5 0.5 -0.5 1 -0.222622 -0.0789274 20.0752 
10.5 0.5 6 1 -0.238078 0.25479 18.7839 
10.5 10.5 -0.5 1 0.218191 -0.0418245 23.1039 
10.5 10.5 6 1 0.230978 0.247753 21.8126 
0.5 10.5 -0.5 1 0.590017 -0.207094 13.783 
0.5 10.5 6 1 0.650783 0.281474 12.4916 
0.5 5.5 9.5 1 0.32802 0.645521 10.282 
10.5 5.5 9.5 1 0.0143636 0.434898 19.6029 
0.5 6.5 -0.5 1 0.344277 -0.24672 12.5715 
0.5 8.5 -0.5 1 0.472795 -0.225996 13.1772 
0.5 8.5 4.5 1 0.511162 0.157777 12.1839 
0.5 6.5 4.5 1 0.373625 0.155353 11.5782 
0.5 2.5 2 1 0.0481326 -0.0827312 10.8634 
0.5 4.5 2 1 0.211432 -0.0675819 11.4691 
0.5 4.5 4.5 1 0.220903 0.152661 10.9724 
0.5 2.5 4.5 1 0.0503333 0.149655 10.3667 
