0 0 0 1 -0.0869754 -0.0357103 26.3985 
0 0 6.5 1 -0.0776394 0.215632 25.2928 
10 0 0 1 0.307253 -0.0789806 23.8481 
10 0 6.5 1 0.336804 0.198445 22.7423 
10 10 0 1 0.325021 -0.236592 14.3296 
10 10 6.5 1 0.377328 0.227344 13.2238 
0 10 0 1 -0.294192 -0.145108 16.8801 
0 10 6.5 1 -0.293749 0.25023 15.7743 
0 5 10 1 -0.156472 0.408509 19.9381 
10 5 10 1 0.374038 0.414321 17.3876 
0 6 0 1 -0.188423 -0.0892685 20.6875 
0 8 0 1 -0.235948 -0.114359 18.7838 
0 8 5 1 -0.232885 0.154596 17.9332 
0 6 5 1 -0.183617 0.154951 19.8369 
0 2 2.5 1 -0.112267 0.0505284 24.0695 
0 4 2.5 1 -0.145999 0.0412729 22.1659 
0 4 5 1 -0.142976 0.155244 21.7406 
0 2 5 1 -0.10888 0.15549 23.6442 
0.5 0.5 -0.5 1 -0.0762713 -0.0601668 25.8801 
0.5 0.5 6 1 -0.0662622 0.195343 24.7744 
10.5 0.5 -0.5 1 0.327887 -0.107072 23.3297 
10.5 0.5 6 1 0.359154 0.175427 22.2239 
10.5 10.5 -0.5 1 0.360542 -0.289959 13.8112 
10.5 10.5 6 1 0.418076 0.188261 12.7054 
0.5 10.5 -0.5 1 -0.283826 -0.187258 16.3617 
0.5 10.5 6 1 -0.282616 0.218458 15.2559 
0.5 5.5 9.5 1 -0.144062 0.387774 19.4197 
10.5 5.5 9.5 1 0.404627 0.39063 16.8693 
0.5 6.5 -0.5 1 -0.177296 -0.122027 20.1691 
0.5 8.5 -0.5 1 -0.22501 -0.151243 18.2654 
0.5 8.5 4.5 1 -0.221321 0.123916 17.4148 
0.5 6.5 4.5 1 -0.17187 0.127304 19.3185 
0.5 2.5 2 1 -0.101061 0.0255516 23.5512 
0.5 4.5 2 1 -0.134616 0.013878 21.6475 
0.5 4.5 4.5 1 -0.131291 0.130084 21.2222 
0.5 2.5 4.5 1 -0.0973925 0.132406 23.1259 
