0 0 0 1 -0.649921 -0.332337 11.3912 
0 0 6.5 1 -0.585104 0.232002 11.553 
10 0 0 1 -0.248578 -0.200663 21.1473 
10 0 6.5 1 -0.216484 0.1043 21.3091 
10 10 0 1 0.235139 -0.271857 18.9666 
10 10 6.5 1 0.266802 0.0684751 19.1284 
0 10 0 1 0.251147 -0.51012 9.21047 
0 10 6.5 1 0.315493 0.188598 9.37223 
0 5 10 1 -0.147379 0.540836 10.5497 
10 5 10 1 0.0291447 0.258442 20.3058 
0 6 0 1 -0.156053 -0.429779 10.0828 
0 8 0 1 0.0383419 -0.468133 9.64662 
0 8 5 1 0.0885285 0.0468698 9.77105 
0 6 5 1 -0.105641 0.062751 10.2072 
0 2 2.5 1 -0.47312 -0.134456 11.0173 
0 4 2.5 1 -0.308963 -0.15725 10.5811 
0 4 5 1 -0.283896 0.0773307 10.6433 
0 2 5 1 -0.448118 0.0907625 11.0795 
0.5 0.5 -0.5 1 -0.583433 -0.370115 11.7575 
0.5 0.5 6 1 -0.521511 0.177393 11.9193 
10.5 0.5 -0.5 1 -0.219075 -0.223551 21.5137 
10.5 0.5 6 1 -0.187744 0.076429 21.6754 
10.5 10.5 -0.5 1 0.258803 -0.295977 19.333 
10.5 10.5 6 1 0.289675 0.0381595 19.4947 
0.5 10.5 -0.5 1 0.298307 -0.549699 9.5768 
0.5 10.5 6 1 0.359449 0.123393 9.73856 
0.5 5.5 9.5 1 -0.0926308 0.470844 10.916 
10.5 5.5 9.5 1 0.0549266 0.226487 20.6722 
0.5 6.5 -0.5 1 -0.0985538 -0.46887 10.4491 
0.5 8.5 -0.5 1 0.0912333 -0.507524 10.0129 
0.5 8.5 4.5 1 0.138957 -0.0106481 10.1374 
0.5 6.5 4.5 1 -0.0505651 0.00705543 10.5735 
0.5 2.5 2 1 -0.410138 -0.179842 11.3836 
0.5 4.5 2 1 -0.248965 -0.203681 10.9474 
0.5 4.5 4.5 1 -0.225071 0.0233563 11.0097 
0.5 2.5 4.5 1 -0.386279 0.038415 11.4458 
