0 0 0 1 0.333686 -0.545124 10.6477 
0 0 6.5 1 0.268929 0.0611327 10.8209 
10 0 0 1 -0.225631 -0.389488 17.2583 
10 0 6.5 1 -0.260271 -0.0146918 17.4315 
10 10 0 1 0.109316 -0.253123 24.7569 
10 10 6.5 1 0.0827673 0.00799294 24.9301 
0 10 0 1 0.559527 -0.294768 18.1462 
0 10 6.5 1 0.51914 0.0609667 18.3195 
0 5 10 1 0.399907 0.298073 14.6635 
10 5 10 1 -0.0744071 0.162318 21.2741 
0 6 0 1 0.496023 -0.365165 15.1468 
0 8 0 1 0.530636 -0.326795 16.6465 
0 8 5 1 0.496948 -0.0277896 16.7798 
0 6 5 1 0.459331 -0.0364774 15.2801 
0 2 2.5 1 0.378726 -0.264153 12.214 
0 4 2.5 1 0.433568 -0.228625 13.7137 
0 4 5 1 0.413527 -0.0470561 13.7804 
0 2 5 1 0.356536 -0.0602186 12.2806 
0.5 0.5 -0.5 1 0.313947 -0.557751 11.3398 
0.5 0.5 6 1 0.25338 0.0122496 11.513 
10.5 0.5 -0.5 1 -0.216534 -0.403466 17.9504 
10.5 0.5 6 1 -0.249938 -0.0428491 18.1237 
10.5 10.5 -0.5 1 0.106623 -0.266691 25.449 
10.5 10.5 6 1 0.0808095 -0.0125366 25.6222 
0.5 10.5 -0.5 1 0.539347 -0.311567 18.8384 
0.5 10.5 6 1 0.500615 0.0313701 19.0116 
0.5 5.5 9.5 1 0.382346 0.250742 15.3556 
10.5 5.5 9.5 1 -0.0717384 0.133509 21.9663 
0.5 6.5 -0.5 1 0.474798 -0.382068 15.8389 
0.5 8.5 -0.5 1 0.509864 -0.343769 17.3386 
0.5 8.5 4.5 1 0.47767 -0.0564784 17.4719 
0.5 6.5 4.5 1 0.439873 -0.0674834 15.9722 
0.5 2.5 2 1 0.358968 -0.290316 12.9061 
0.5 4.5 2 1 0.413231 -0.253771 14.4059 
0.5 4.5 4.5 1 0.394243 -0.0807693 14.4725 
0.5 2.5 4.5 1 0.338063 -0.0971269 12.9728 
