0 0 0 1 -0.231198 -0.0152414 24.9457 
0 0 6.5 1 -0.255997 0.252338 23.8456 
10 0 0 1 0.162058 0.0110766 25.7704 
10 0 6.5 1 0.155623 0.270885 24.6703 
10 10 0 1 0.319805 -0.0849348 15.9492 
10 10 6.5 1 0.3208 0.339597 14.8491 
0 10 0 1 -0.320213 -0.133578 15.1245 
0 10 6.5 1 -0.369361 0.312103 14.0244 
0 5 10 1 -0.317495 0.471133 18.3427 
10 5 10 1 0.214947 0.485591 19.1674 
0 6 0 1 -0.273595 -0.0716036 19.053 
0 8 0 1 -0.294224 -0.099029 17.0887 
0 8 5 1 -0.325514 0.198785 16.2425 
0 6 5 1 -0.300549 0.195356 18.2068 
0 2 2.5 1 -0.253216 0.0776787 22.5583 
0 4 2.5 1 -0.268391 0.0691598 20.5941 
0 4 5 1 -0.280447 0.192594 20.171 
0 2 5 1 -0.263912 0.190322 22.1352 
0.5 0.5 -0.5 1 -0.211471 -0.0374701 24.5805 
0.5 0.5 6 1 -0.235732 0.23323 23.4804 
10.5 0.5 -0.5 1 0.186798 -0.0100522 25.4052 
10.5 0.5 6 1 0.181386 0.252704 24.3051 
10.5 10.5 -0.5 1 0.363832 -0.121629 15.584 
10.5 10.5 6 1 0.368197 0.31082 14.4839 
0.5 10.5 -0.5 1 -0.289562 -0.173526 14.7593 
0.5 10.5 6 1 -0.337556 0.280854 13.6592 
0.5 5.5 9.5 1 -0.292276 0.450621 17.9775 
10.5 5.5 9.5 1 0.249401 0.466259 18.8022 
0.5 6.5 -0.5 1 -0.248476 -0.101943 18.6878 
0.5 8.5 -0.5 1 -0.266606 -0.133531 16.7235 
0.5 8.5 4.5 1 -0.297143 0.169295 15.8773 
0.5 6.5 4.5 1 -0.274791 0.169042 17.8416 
0.5 2.5 2 1 -0.23173 0.0545878 22.1931 
0.5 4.5 2 1 -0.245092 0.043673 20.2289 
0.5 4.5 4.5 1 -0.256873 0.168839 19.8058 
0.5 2.5 4.5 1 -0.242188 0.168672 21.77 
