0 0 0 1 -0.59472 -0.281241 10.9292 
0 0 6.5 1 -0.547642 0.316823 10.7026 
10 0 0 1 -0.250361 -0.13686 20.8443 
10 0 6.5 1 -0.222138 0.17518 20.6177 
10 10 0 1 0.237353 -0.197613 19.5918 
10 10 6.5 1 0.273109 0.133899 19.3652 
0 10 0 1 0.348153 -0.42293 9.6767 
0 10 6.5 1 0.424079 0.251004 9.4501 
0 5 10 1 -0.0585607 0.639153 9.95435 
10 5 10 1 0.0351435 0.331329 19.8695 
0 6 0 1 -0.0568449 -0.36207 10.1777 
0 8 0 1 0.140544 -0.391732 9.9272 
0 8 5 1 0.193425 0.111142 9.7529 
0 6 5 1 -0.00872724 0.128728 10.0034 
0 2 2.5 1 -0.404137 -0.0746945 10.5916 
0 4 2.5 1 -0.223061 -0.0962083 10.3411 
0 4 5 1 -0.201003 0.145455 10.2539 
0 2 5 1 -0.384107 0.161384 10.5044 
0.5 0.5 -0.5 1 -0.5265 -0.317309 11.3798 
0.5 0.5 6 1 -0.479937 0.255861 11.1532 
10.5 0.5 -0.5 1 -0.221191 -0.15919 21.2949 
10.5 0.5 6 1 -0.193258 0.145937 21.0683 
10.5 10.5 -0.5 1 0.257383 -0.219972 20.0424 
10.5 10.5 6 1 0.292554 0.103747 19.8158 
0.5 10.5 -0.5 1 0.382862 -0.457156 10.1273 
0.5 10.5 6 1 0.456128 0.185326 9.90066 
0.5 5.5 9.5 1 -0.00716561 0.55985 10.4049 
10.5 5.5 9.5 1 0.0593827 0.297547 20.32 
0.5 6.5 -0.5 1 -0.00660266 -0.397262 10.6283 
0.5 8.5 -0.5 1 0.183429 -0.426486 10.3778 
0.5 8.5 4.5 1 0.234708 0.0535882 10.2035 
0.5 6.5 4.5 1 0.0402789 0.0717957 10.454 
0.5 2.5 2 1 -0.341607 -0.120294 11.0421 
0.5 4.5 2 1 -0.166639 -0.141968 10.7916 
0.5 4.5 4.5 1 -0.14505 0.089151 10.7045 
0.5 2.5 4.5 1 -0.321904 0.105713 10.955 
