0 0 0 1 0.377642 -0.507324 10.9507 
0 0 6.5 1 0.308334 0.0768728 11.5734 
10 0 0 1 -0.240309 -0.410052 16.6314 
10 0 6.5 1 -0.264496 -0.0217063 17.2541 
10 10 0 1 0.0708434 -0.286363 24.8052 
10 10 6.5 1 0.0468116 -0.0258801 25.4279 
0 10 0 1 0.517106 -0.30532 19.1245 
0 10 6.5 1 0.472088 0.030694 19.7472 
0 5 10 1 0.383865 0.263723 15.9956 
10 5 10 1 -0.0918951 0.136287 21.6763 
0 6 0 1 0.478576 -0.361128 15.855 
0 8 0 1 0.499642 -0.330616 17.4897 
0 8 5 1 0.462051 -0.0458866 17.9687 
0 6 5 1 0.437841 -0.0470071 16.334 
0 2 2.5 1 0.39518 -0.244315 12.8249 
0 4 2.5 1 0.430088 -0.220615 14.4597 
0 4 5 1 0.408246 -0.0483769 14.6992 
0 2 5 1 0.371244 -0.0500895 13.0644 
0.5 0.5 -0.5 1 0.350148 -0.528542 11.5955 
0.5 0.5 6 1 0.285899 0.0259043 12.2182 
10.5 0.5 -0.5 1 -0.235698 -0.427924 17.2762 
10.5 0.5 6 1 -0.259174 -0.0529471 17.8989 
10.5 10.5 -0.5 1 0.0660899 -0.301629 25.4501 
10.5 10.5 6 1 0.042766 -0.0472237 26.0728 
0.5 10.5 -0.5 1 0.49643 -0.324354 19.7693 
0.5 10.5 6 1 0.453468 0.00161573 20.392 
0.5 5.5 9.5 1 0.364466 0.219058 16.6404 
10.5 5.5 9.5 1 -0.0926136 0.106671 22.3212 
0.5 6.5 -0.5 1 0.455309 -0.381753 16.4998 
0.5 8.5 -0.5 1 0.477723 -0.350466 18.1346 
0.5 8.5 4.5 1 0.441999 -0.0750903 18.6136 
0.5 6.5 4.5 1 0.416778 -0.07898 16.9788 
0.5 2.5 2 1 0.370672 -0.275171 13.4698 
0.5 4.5 2 1 0.406743 -0.249144 15.1045 
0.5 4.5 4.5 1 0.386182 -0.0836987 15.344 
0.5 2.5 4.5 1 0.34829 -0.0895426 13.7093 
