0 0 0 1 -0.450592 -0.436365 19.0505 
0 0 6.5 1 -0.460088 -0.0948394 19.8008 
10 0 0 1 -0.0116847 -0.336356 24.6338 
10 0 6.5 1 -0.0320647 -0.0729049 25.3841 
10 10 0 1 0.318944 -0.418814 16.4182 
10 10 6.5 1 0.274363 -0.0256926 17.1685 
0 10 0 1 -0.282389 -0.637146 10.835 
0 10 6.5 1 -0.309511 -0.0404289 11.5853 
0 5 10 1 -0.411953 0.142381 16.097 
10 5 10 1 0.0767958 0.106972 21.6803 
0 6 0 1 -0.373156 -0.528799 14.1212 
0 8 0 1 -0.333749 -0.575839 12.4781 
0 8 5 1 -0.349992 -0.171219 13.0552 
0 6 5 1 -0.386037 -0.171258 14.6983 
0 2 2.5 1 -0.434081 -0.313972 17.696 
0 4 2.5 1 -0.409685 -0.328548 16.0529 
0 4 5 1 -0.414833 -0.171289 16.3414 
0 2 5 1 -0.438367 -0.171314 17.9846 
0.5 0.5 -0.5 1 -0.416332 -0.463181 18.8612 
0.5 0.5 6 1 -0.42723 -0.117332 19.6115 
10.5 0.5 -0.5 1 0.0181496 -0.356272 24.4444 
10.5 0.5 6 1 -0.00327203 -0.0902485 25.1947 
10.5 10.5 -0.5 1 0.367739 -0.449775 16.2289 
10.5 10.5 6 1 0.320504 -0.0509017 16.9792 
0.5 10.5 -0.5 1 -0.218698 -0.688227 10.6457 
0.5 10.5 6 1 -0.250464 -0.0782336 11.3959 
0.5 5.5 9.5 1 -0.370872 0.117474 15.9077 
10.5 5.5 9.5 1 0.11151 0.0882239 21.491 
0.5 6.5 -0.5 1 -0.325722 -0.566359 13.9319 
0.5 8.5 -0.5 1 -0.279365 -0.619146 12.2888 
0.5 8.5 4.5 1 -0.298287 -0.206629 12.8659 
0.5 6.5 4.5 1 -0.340658 -0.202658 14.509 
0.5 2.5 2 1 -0.396992 -0.341539 17.5067 
0.5 4.5 2 1 -0.368463 -0.359145 15.8635 
0.5 4.5 4.5 1 -0.374407 -0.199496 16.1521 
0.5 2.5 4.5 1 -0.401925 -0.196917 17.7952 
