0 0 0 1 0.279764 -0.241804 18.6277 
0 0 6.5 1 0.25125 0.107076 18.2651 
10 0 0 1 0.0962201 -0.562484 9.63841 
10 0 6.5 1 0.0328988 0.11196 9.2758 
10 10 0 1 -0.576215 -0.432145 13.9838 
10 10 6.5 1 -0.637237 0.0306114 13.6212 
0 10 0 1 -0.164268 -0.223122 22.973 
0 10 6.5 1 -0.194423 0.0590075 22.6104 
0 5 10 1 -0.0117819 0.253102 20.2425 
10 5 10 1 -0.401878 0.373776 11.2532 
0 6 0 1 -0.00846249 -0.229677 21.2349 
0 8 0 1 -0.0894281 -0.226271 22.1039 
0 8 5 1 -0.112502 -0.00147848 21.825 
0 6 5 1 -0.0314159 0.00439226 20.9559 
0 2 2.5 1 0.164021 -0.110756 19.3573 
0 4 2.5 1 0.0681284 -0.112143 20.2263 
0 4 5 1 0.0566869 0.010771 20.0869 
0 2 5 1 0.152758 0.0177267 19.2178 
0.5 0.5 -0.5 1 0.249453 -0.275634 18.4234 
0.5 0.5 6 1 0.220008 0.0765131 18.0608 
10.5 0.5 -0.5 1 0.0330528 -0.635494 9.43411 
10.5 0.5 6 1 -0.0342195 0.0512223 9.0715 
10.5 10.5 -0.5 1 -0.629432 -0.480198 13.7795 
10.5 10.5 6 1 -0.692822 -0.011694 13.4169 
0.5 10.5 -0.5 1 -0.192778 -0.250328 22.7687 
0.5 10.5 6 1 -0.223669 0.0339338 22.4061 
0.5 5.5 9.5 1 -0.0426226 0.227044 20.0382 
10.5 5.5 9.5 1 -0.465023 0.32875 11.0489 
0.5 6.5 -0.5 1 -0.0378157 -0.259196 21.0306 
0.5 8.5 -0.5 1 -0.118372 -0.254586 21.8996 
0.5 8.5 4.5 1 -0.142037 -0.0280346 21.6207 
0.5 6.5 4.5 1 -0.0613896 -0.0232182 20.7516 
0.5 2.5 2 1 0.13363 -0.1419 19.153 
0.5 4.5 2 1 0.0380782 -0.141949 20.022 
0.5 4.5 4.5 1 0.0263084 -0.0179808 19.8826 
0.5 2.5 4.5 1 0.122023 -0.0122646 19.0135 
