0 0 0 1 0.245854 -0.484897 10.4712 
0 0 6.5 1 0.192428 0.136569 10.1292 
10 0 0 1 -0.225261 -0.296277 17.9618 
10 0 6.5 1 -0.265118 0.0646506 17.6199 
10 10 0 1 0.137854 -0.173119 24.5659 
10 10 6.5 1 0.113989 0.091149 24.2239 
0 10 0 1 0.586051 -0.234761 17.0753 
0 10 6.5 1 0.560663 0.146546 16.7333 
0 5 10 1 0.402259 0.407384 13.2471 
10 5 10 1 -0.0622881 0.248458 20.7378 
0 6 0 1 0.48733 -0.307348 14.4337 
0 8 0 1 0.540829 -0.268012 15.7545 
0 8 5 1 0.518966 0.0482507 15.4914 
0 6 5 1 0.462436 0.0376625 14.1706 
0 2 2.5 1 0.327639 -0.204002 11.6605 
0 4 2.5 1 0.408815 -0.166778 12.9813 
0 4 5 1 0.394285 0.0248977 12.8498 
0 2 5 1 0.310518 0.00920803 11.529 
0.5 0.5 -0.5 1 0.237728 -0.493938 11.2023 
0.5 0.5 6 1 0.187643 0.0854114 10.8603 
10.5 0.5 -0.5 1 -0.211706 -0.309071 18.6929 
10.5 0.5 6 1 -0.249723 0.0372397 18.3509 
10.5 10.5 -0.5 1 0.137376 -0.186132 25.297 
10.5 10.5 6 1 0.114204 0.0702158 24.955 
0.5 10.5 -0.5 1 0.566972 -0.250718 17.8063 
0.5 10.5 6 1 0.542273 0.114315 17.4644 
0.5 5.5 9.5 1 0.387567 0.353474 13.9782 
10.5 5.5 9.5 1 -0.0560355 0.218769 21.4688 
0.5 6.5 -0.5 1 0.469687 -0.322585 15.1647 
0.5 8.5 -0.5 1 0.522227 -0.283772 16.4855 
0.5 8.5 4.5 1 0.501047 0.0179823 16.2225 
0.5 6.5 4.5 1 0.445703 0.00523078 14.9017 
0.5 2.5 2 1 0.315468 -0.228746 12.3916 
0.5 4.5 2 1 0.393489 -0.191123 13.7124 
0.5 4.5 4.5 1 0.379592 -0.0100011 13.5808 
0.5 2.5 4.5 1 0.299238 -0.028515 12.26 
