0 0 0 1 -0.4817 -0.442945 18.3175 
0 0 6.5 1 -0.482483 -0.0881056 19.232 
10 0 0 1 -0.033659 -0.345558 24.3034 
10 0 6.5 1 -0.0505027 -0.0784771 25.2178 
10 10 0 1 0.312686 -0.417395 16.4173 
10 10 6.5 1 0.269905 -0.0249997 17.3317 
0 10 0 1 -0.275328 -0.629627 10.4315 
0 10 6.5 1 -0.293288 -0.0131069 11.3459 
0 5 10 1 -0.414962 0.160628 15.7813 
10 5 10 1 0.0669304 0.103383 21.7672 
0 6 0 1 -0.386627 -0.528947 13.5859 
0 8 0 1 -0.338286 -0.572675 12.0087 
0 8 5 1 -0.347133 -0.152549 12.7121 
0 6 5 1 -0.392118 -0.157346 14.2893 
0 2 2.5 1 -0.456849 -0.312168 17.092 
0 4 2.5 1 -0.426571 -0.323977 15.5148 
0 4 5 1 -0.428159 -0.161189 15.8665 
0 2 5 1 -0.457682 -0.164337 17.4437 
0.5 0.5 -0.5 1 -0.445713 -0.470708 18.1522 
0.5 0.5 6 1 -0.448229 -0.11146 19.0666 
10.5 0.5 -0.5 1 -0.00352698 -0.36577 24.138 
10.5 0.5 6 1 -0.0215817 -0.0961881 25.0525 
10.5 10.5 -0.5 1 0.360963 -0.448145 16.252 
10.5 10.5 6 1 0.315198 -0.0503319 17.1664 
0.5 10.5 -0.5 1 -0.208373 -0.681724 10.2661 
0.5 10.5 6 1 -0.232075 -0.0518255 11.1805 
0.5 5.5 9.5 1 -0.372424 0.134747 15.616 
10.5 5.5 9.5 1 0.10137 0.0842345 21.6018 
0.5 6.5 -0.5 1 -0.336781 -0.567559 13.4205 
0.5 8.5 -0.5 1 -0.281127 -0.61704 11.8433 
0.5 8.5 4.5 1 -0.293295 -0.188889 12.5467 
0.5 6.5 4.5 1 -0.344818 -0.189684 14.1239 
0.5 2.5 2 1 -0.418014 -0.340664 16.9267 
0.5 4.5 2 1 -0.38342 -0.355528 15.3495 
0.5 4.5 4.5 1 -0.38599 -0.190319 15.7012 
0.5 2.5 4.5 1 -0.419645 -0.190839 17.2784 
