0 0 0 1 -0.0293458 -0.0574282 26.1086 
0 0 6.5 1 -0.0081413 0.194194 25.458 
10 0 0 1 0.376215 -0.122132 22.0616 
10 0 6.5 1 0.41375 0.175084 21.4111 
10 10 0 1 0.321364 -0.250835 12.972 
10 10 6.5 1 0.383692 0.258842 12.3215 
0 10 0 1 -0.287758 -0.12097 17.019 
0 10 6.5 1 -0.265049 0.267856 16.3684 
0 5 10 1 -0.0958956 0.395542 20.5629 
10 5 10 1 0.429536 0.420104 16.516 
0 6 0 1 -0.1571 -0.0888421 20.6548 
0 8 0 1 -0.216124 -0.103356 18.8369 
0 8 5 1 -0.198576 0.16412 18.3365 
0 6 5 1 -0.139669 0.154868 20.1544 
0 2 2.5 1 -0.0572969 0.0360596 24.0404 
0 4 2.5 1 -0.0991642 0.0339748 22.2225 
0 4 5 1 -0.0905099 0.147146 21.9723 
0 2 5 1 -0.0488636 0.140605 23.7902 
0.5 0.5 -0.5 1 -0.0220543 -0.0816696 25.5018 
0.5 0.5 6 1 -0.000141191 0.175462 24.8512 
10.5 0.5 -0.5 1 0.396352 -0.152776 21.4548 
10.5 0.5 6 1 0.435612 0.152151 20.8043 
10.5 10.5 -0.5 1 0.353611 -0.310321 12.3653 
10.5 10.5 6 1 0.420959 0.222453 11.7147 
0.5 10.5 -0.5 1 -0.285982 -0.160986 16.4122 
0.5 10.5 6 1 -0.262326 0.241157 15.7616 
0.5 5.5 9.5 1 -0.0886014 0.378337 19.9561 
10.5 5.5 9.5 1 0.458726 0.399459 15.9092 
0.5 6.5 -0.5 1 -0.151692 -0.120629 20.048 
0.5 8.5 -0.5 1 -0.212141 -0.138795 18.2301 
0.5 8.5 4.5 1 -0.19388 0.136834 17.7297 
0.5 6.5 4.5 1 -0.133581 0.129832 19.5476 
0.5 2.5 2 1 -0.0500857 0.0120995 23.4337 
0.5 4.5 2 1 -0.0925217 0.00794111 21.6157 
0.5 4.5 4.5 1 -0.0835439 0.124022 21.3655 
0.5 2.5 4.5 1 -0.0413538 0.119123 23.1834 
