0 0 0 1 0.398174 -0.640075 12.1037 
0 0 6.5 1 0.356526 -0.102776 13.3919 
10 0 0 1 -0.317987 -0.561538 14.9365 
10 0 6.5 1 -0.295503 -0.124285 16.2247 
10 10 0 1 -0.0759147 -0.422053 24.3199 
10 10 6.5 1 -0.0738466 -0.152037 25.608 
0 10 0 1 0.359414 -0.447904 21.4871 
0 10 6.5 1 0.337117 -0.142841 22.7753 
0 5 10 1 0.330299 0.0594169 18.7772 
10 5 10 1 -0.155802 0.0220068 21.61 
0 6 0 1 0.369996 -0.500369 17.7337 
0 8 0 1 0.364199 -0.471626 19.6104 
0 8 5 1 0.345007 -0.211058 20.6013 
0 6 5 1 0.348574 -0.212164 18.7247 
0 2 2.5 1 0.371848 -0.391846 14.4758 
0 4 2.5 1 0.364684 -0.369832 16.3525 
0 4 5 1 0.352936 -0.213517 16.848 
0 2 5 1 0.358391 -0.215209 14.9713 
0.5 0.5 -0.5 1 0.355878 -0.662935 12.6154 
0.5 0.5 6 1 0.319681 -0.143293 13.9036 
10.5 0.5 -0.5 1 -0.328805 -0.582807 15.4482 
10.5 0.5 6 1 -0.306175 -0.157286 16.7364 
10.5 10.5 -0.5 1 -0.0876331 -0.43816 24.8316 
10.5 10.5 6 1 -0.0850275 -0.172639 26.1198 
0.5 10.5 -0.5 1 0.33606 -0.465484 21.9988 
0.5 10.5 6 1 0.315545 -0.166151 23.287 
0.5 5.5 9.5 1 0.304437 0.0259094 19.2889 
10.5 5.5 9.5 1 -0.167108 -0.00634462 22.1217 
0.5 6.5 -0.5 1 0.341541 -0.520093 18.2455 
0.5 8.5 -0.5 1 0.338545 -0.490242 20.1221 
0.5 8.5 4.5 1 0.321023 -0.235115 21.113 
0.5 6.5 4.5 1 0.322155 -0.238539 19.2364 
0.5 2.5 2 1 0.337145 -0.419563 14.9876 
0.5 4.5 2 1 0.33406 -0.395132 16.8642 
0.5 4.5 4.5 1 0.323532 -0.242703 17.3597 
0.5 2.5 4.5 1 0.325243 -0.247876 15.483 
