0 0 0 1 0.397231 -0.487714 11.4129 
0 0 6.5 1 0.3321 0.0681367 12.4002 
10 0 0 1 -0.262054 -0.426052 16.0834 
10 0 6.5 1 -0.271235 -0.0258468 17.0707 
10 10 0 1 0.0236858 -0.317922 24.7943 
10 10 6.5 1 0.00666487 -0.0570757 25.7816 
0 10 0 1 0.463906 -0.327797 20.1238 
0 10 6.5 1 0.422532 -0.00878077 21.1111 
0 5 10 1 0.364165 0.218769 17.2873 
10 5 10 1 -0.111708 0.113663 21.9577 
0 6 0 1 0.445613 -0.371671 16.6394 
0 8 0 1 0.455627 -0.347655 18.3816 
0 8 5 1 0.420853 -0.0762136 19.1411 
0 6 5 1 0.407795 -0.0720019 17.3989 
0 2 2.5 1 0.394107 -0.244293 13.5348 
0 4 2.5 1 0.412029 -0.229922 15.277 
0 4 5 1 0.391831 -0.0668529 15.6567 
0 2 5 1 0.371869 -0.0604145 13.9145 
0.5 0.5 -0.5 1 0.363834 -0.514343 12.006 
0.5 0.5 6 1 0.304214 0.0181573 12.9933 
10.5 0.5 -0.5 1 -0.26265 -0.447416 16.6765 
10.5 0.5 6 1 -0.271489 -0.0594553 17.6638 
10.5 10.5 -0.5 1 0.0166191 -0.334482 25.3874 
10.5 10.5 6 1 0.000245462 -0.078882 26.3747 
0.5 10.5 -0.5 1 0.442643 -0.347808 20.7169 
0.5 10.5 6 1 0.403367 -0.0365992 21.7042 
0.5 5.5 9.5 1 0.342837 0.177453 17.8804 
10.5 5.5 9.5 1 -0.116103 0.0836687 22.5509 
0.5 6.5 -0.5 1 0.42068 -0.394218 17.2325 
0.5 8.5 -0.5 1 0.43267 -0.368882 18.9747 
0.5 8.5 4.5 1 0.399825 -0.104782 19.7342 
0.5 6.5 4.5 1 0.385161 -0.103476 17.992 
0.5 2.5 2 1 0.365858 -0.277142 14.1279 
0.5 4.5 2 1 0.386211 -0.259702 15.8701 
0.5 4.5 4.5 1 0.367353 -0.101889 16.2498 
0.5 2.5 4.5 1 0.345268 -0.0999214 14.5077 
