0 0 0 1 -0.0401802 -0.0471154 26.1839 
0 0 6.5 1 -0.0208124 0.204549 25.4249 
10 0 0 1 0.362906 -0.108036 22.4313 
10 0 6.5 1 0.399743 0.185071 21.6724 
10 10 0 1 0.323882 -0.241376 13.236 
10 10 6.5 1 0.385494 0.259635 12.477 
0 10 0 1 -0.288762 -0.118029 16.9885 
0 10 6.5 1 -0.270045 0.272909 16.2296 
0 5 10 1 -0.10649 0.405491 20.4186 
10 5 10 1 0.421107 0.425407 16.666 
0 6 0 1 -0.162784 -0.0820909 20.6667 
0 8 0 1 -0.21962 -0.0983045 18.8276 
0 8 5 1 -0.2046 0.169846 18.2438 
0 6 5 1 -0.147487 0.161976 20.0829 
0 2 2.5 1 -0.0674207 0.0451829 24.0529 
0 4 2.5 1 -0.107698 0.0419777 22.2139 
0 4 5 1 -0.0999572 0.155425 21.9219 
0 2 5 1 -0.0597845 0.149889 23.761 
0.5 0.5 -0.5 1 -0.0322466 -0.0713686 25.5949 
0.5 0.5 6 1 -0.0121771 0.185524 24.8359 
10.5 0.5 -0.5 1 0.383072 -0.138098 21.8423 
10.5 0.5 6 1 0.421665 0.162115 21.0834 
10.5 10.5 -0.5 1 0.356894 -0.299508 12.647 
10.5 10.5 6 1 0.423666 0.222617 11.888 
0.5 10.5 -0.5 1 -0.285308 -0.158428 16.3995 
0.5 10.5 6 1 -0.265719 0.245271 15.6406 
0.5 5.5 9.5 1 -0.0982191 0.387631 19.8296 
10.5 5.5 9.5 1 0.450637 0.404107 16.077 
0.5 6.5 -0.5 1 -0.156268 -0.114035 20.0777 
0.5 8.5 -0.5 1 -0.214282 -0.133993 18.2386 
0.5 8.5 4.5 1 -0.198584 0.141924 17.6548 
0.5 6.5 4.5 1 -0.140313 0.136449 19.4939 
0.5 2.5 2 1 -0.0594505 0.0210439 23.4639 
0.5 4.5 2 1 -0.100147 0.0156986 21.6248 
0.5 4.5 4.5 1 -0.0920891 0.131919 21.3329 
0.5 2.5 4.5 1 -0.0515198 0.128108 23.172 
