0 0 0 1 0.403321 -0.590239 11.9267 
0 0 6.5 1 0.35354 -0.0503536 13.1823 
10 0 0 1 -0.30037 -0.518997 15.25 
10 0 6.5 1 -0.286594 -0.0932354 16.5057 
10 10 0 1 -0.0470446 -0.394266 24.4817 
10 10 6.5 1 -0.050569 -0.127305 25.7374 
0 10 0 1 0.389407 -0.414833 21.1583 
0 10 6.5 1 0.360909 -0.107137 22.414 
0 5 10 1 0.340706 0.102875 18.4743 
10 5 10 1 -0.142062 0.0470425 21.7977 
0 6 0 1 0.393208 -0.462744 17.4656 
0 8 0 1 0.391126 -0.436498 19.312 
0 8 5 1 0.366813 -0.173844 20.2779 
0 6 5 1 0.36635 -0.172404 18.4316 
0 2 2.5 1 0.381486 -0.346162 14.2559 
0 4 2.5 1 0.380333 -0.328052 16.1023 
0 4 5 1 0.365785 -0.170643 16.5852 
0 2 5 1 0.365078 -0.168441 14.7389 
0.5 0.5 -0.5 1 0.363121 -0.614928 12.4578 
0.5 0.5 6 1 0.318949 -0.0936931 13.7135 
10.5 0.5 -0.5 1 -0.30842 -0.540885 15.7812 
10.5 0.5 6 1 -0.29448 -0.126784 17.0369 
10.5 10.5 -0.5 1 -0.0575028 -0.410724 25.0128 
10.5 10.5 6 1 -0.060456 -0.148375 26.2685 
0.5 10.5 -0.5 1 0.366658 -0.433309 21.6895 
0.5 10.5 6 1 0.340065 -0.131725 22.9451 
0.5 5.5 9.5 1 0.316105 0.0673212 19.0055 
10.5 5.5 9.5 1 -0.151517 0.0181082 22.3288 
0.5 6.5 -0.5 1 0.365679 -0.483598 17.9968 
0.5 8.5 -0.5 1 0.366214 -0.456114 19.8431 
0.5 8.5 4.5 1 0.343678 -0.199253 20.809 
0.5 6.5 4.5 1 0.340976 -0.200327 18.9627 
0.5 2.5 2 1 0.348403 -0.375729 14.7871 
0.5 4.5 2 1 0.350959 -0.354916 16.6334 
0.5 4.5 4.5 1 0.337691 -0.201633 17.1164 
0.5 2.5 4.5 1 0.333611 -0.203255 15.2701 
