0 0 0 1 0.279298 -0.372612 20.2228 
0 0 6.5 1 0.243756 -0.0522911 20.8451 
10 0 0 1 0.68554 -0.621308 10.3913 
10 0 6.5 1 0.595316 -0.00099414 11.0136 
10 10 0 1 -0.308843 -0.811927 8.83413 
10 10 6.5 1 -0.348486 -0.0769237 9.45643 
0 10 0 1 -0.225216 -0.442081 18.6656 
0 10 6.5 1 -0.247351 -0.0936589 19.2879 
0 5 10 1 -0.00736383 0.0991228 20.4016 
10 5 10 1 0.125374 0.293406 10.5701 
0 6 0 1 -0.0136352 -0.412948 19.2885 
0 8 0 1 -0.11769 -0.427275 18.9771 
0 8 5 1 -0.137215 -0.161934 19.4558 
0 6 5 1 -0.0353727 -0.152134 19.7672 
0 2 2.5 1 0.171691 -0.258036 20.1507 
0 4 2.5 1 0.0750677 -0.269309 19.8393 
0 4 5 1 0.0633102 -0.142638 20.0786 
0 2 5 1 0.158979 -0.133431 20.3901 
0.5 0.5 -0.5 1 0.268955 -0.408708 19.6055 
0.5 0.5 6 1 0.232646 -0.0775009 20.2278 
10.5 0.5 -0.5 1 0.690449 -0.709419 9.77398 
10.5 0.5 6 1 0.594574 -0.0469983 10.3963 
10.5 10.5 -0.5 1 -0.377708 -0.931056 8.21683 
10.5 10.5 6 1 -0.415272 -0.136335 8.83912 
0.5 10.5 -0.5 1 -0.253708 -0.483667 18.0483 
0.5 10.5 6 1 -0.275625 -0.122339 18.6706 
0.5 5.5 9.5 1 -0.0265584 0.0780723 19.7843 
10.5 5.5 9.5 1 0.0954514 0.263612 9.95279 
0.5 6.5 -0.5 1 -0.0341815 -0.452183 18.6712 
0.5 8.5 -0.5 1 -0.142083 -0.467658 18.3598 
0.5 8.5 4.5 1 -0.161628 -0.192596 18.8385 
0.5 6.5 4.5 1 -0.056106 -0.181981 19.1499 
0.5 2.5 2 1 0.157908 -0.290644 19.5334 
0.5 4.5 2 1 0.0579588 -0.302808 19.222 
0.5 4.5 4.5 1 0.0460388 -0.171706 19.4613 
0.5 2.5 4.5 1 0.144966 -0.161754 19.7728 
