0 0 0 1 -0.0749779 -0.0358878 26.3638 
0 0 6.5 1 -0.0628015 0.215536 25.3299 
10 0 0 1 0.321201 -0.0842514 23.5103 
10 0 6.5 1 0.353146 0.196867 22.4764 
10 10 0 1 0.325405 -0.236636 14.0589 
10 10 6.5 1 0.380865 0.236374 13.0251 
0 10 0 1 -0.292883 -0.135534 16.9125 
0 10 6.5 1 -0.287647 0.259055 15.8786 
0 5 10 1 -0.143223 0.410805 20.0476 
10 5 10 1 0.387165 0.418809 17.194 
0 6 0 1 -0.181835 -0.0847525 20.693 
0 8 0 1 -0.231777 -0.107591 18.8027 
0 8 5 1 -0.225526 0.16129 18.0075 
0 6 5 1 -0.174182 0.159497 19.8977 
0 2 2.5 1 -0.100665 0.0518508 24.0759 
0 4 2.5 1 -0.136076 0.0441339 22.1856 
0 4 5 1 -0.131746 0.158016 21.788 
0 2 5 1 -0.0960863 0.156771 23.6782 
0.5 0.5 -0.5 1 -0.0649995 -0.0603187 25.8281 
0.5 0.5 6 1 -0.0521439 0.195518 24.7942 
10.5 0.5 -0.5 1 0.341657 -0.112844 22.9745 
10.5 0.5 6 1 0.375346 0.173791 21.9407 
10.5 10.5 -0.5 1 0.360324 -0.291249 13.5232 
10.5 10.5 6 1 0.421053 0.197529 12.4894 
0.5 10.5 -0.5 1 -0.284274 -0.177324 16.3767 
0.5 10.5 6 1 -0.278275 0.228226 15.3429 
0.5 5.5 9.5 1 -0.131888 0.39073 19.5119 
10.5 5.5 9.5 1 0.417499 0.395552 16.6583 
0.5 6.5 -0.5 1 -0.171889 -0.117355 20.1573 
0.5 8.5 -0.5 1 -0.222267 -0.144237 18.267 
0.5 8.5 4.5 1 -0.215392 0.13122 17.4717 
0.5 6.5 4.5 1 -0.163616 0.132313 19.362 
0.5 2.5 2 1 -0.0903012 0.0270421 23.5402 
0.5 4.5 2 1 -0.125684 0.0169683 21.6499 
0.5 4.5 4.5 1 -0.121051 0.133213 21.2523 
0.5 2.5 4.5 1 -0.0854386 0.133965 23.1425 
