0 0 0 1 -0.721649 -0.58147 12.5448 
0 0 6.5 1 -0.638471 -0.065145 13.4961 
10 0 0 1 -0.227709 -0.41424 21.4956 
10 0 6.5 1 -0.198631 -0.11089 22.4469 
10 10 0 1 0.241555 -0.514723 17.2837 
10 10 6.5 1 0.252868 -0.136063 18.235 
0 10 0 1 0.00201379 -0.874417 8.33283 
0 10 6.5 1 0.0487784 -0.0938329 9.28411 
0 5 10 1 -0.323229 0.216694 11.9023 
10 5 10 1 0.014914 0.0464784 20.8532 
0 6 0 1 -0.360475 -0.727677 10.0176 
0 8 0 1 -0.195871 -0.794311 9.17521 
0 8 5 1 -0.147544 -0.237529 9.90697 
0 6 5 1 -0.30473 -0.219065 10.7494 
0 2 2.5 1 -0.585938 -0.399843 12.0683 
0 4 2.5 1 -0.468321 -0.429704 11.2259 
0 4 5 1 -0.43907 -0.203284 11.5918 
0 2 5 1 -0.555208 -0.189641 12.4341 
0.5 0.5 -0.5 1 -0.662946 -0.61911 12.7085 
0.5 0.5 6 1 -0.584853 -0.106354 13.6598 
10.5 0.5 -0.5 1 -0.197 -0.43759 21.6594 
10.5 0.5 6 1 -0.169425 -0.135455 22.6107 
10.5 10.5 -0.5 1 0.275273 -0.542766 17.4474 
10.5 10.5 6 1 0.284742 -0.166026 18.3987 
0.5 10.5 -0.5 1 0.0758692 -0.925069 8.4966 
0.5 10.5 6 1 0.114387 -0.152915 9.44788 
0.5 5.5 9.5 1 -0.266808 0.166217 12.0661 
10.5 5.5 9.5 1 0.0446713 0.0188252 21.0169 
0.5 6.5 -0.5 1 -0.293011 -0.772308 10.1814 
0.5 8.5 -0.5 1 -0.125207 -0.841799 9.33898 
0.5 8.5 4.5 1 -0.0828004 -0.290621 10.0707 
0.5 6.5 4.5 1 -0.242625 -0.268335 10.9131 
0.5 2.5 2 1 -0.526765 -0.441381 12.232 
0.5 4.5 2 1 -0.406463 -0.473885 11.3896 
0.5 4.5 4.5 1 -0.379544 -0.249244 11.7555 
0.5 2.5 4.5 1 -0.498153 -0.232705 12.5979 
