0 0 0 1 -0.000401955 -0.115407 25.8125 
0 0 6.5 1 0.0243549 0.136498 25.5225 
10 0 0 1 0.413188 -0.193456 20.9083 
10 0 6.5 1 0.449652 0.117267 20.6183 
10 10 0 1 0.304428 -0.323967 12.2049 
10 10 6.5 1 0.36488 0.210555 11.9148 
0 10 0 1 -0.288383 -0.168804 17.109 
0 10 6.5 1 -0.255781 0.212535 16.819 
0 5 10 1 -0.0713741 0.333536 21.0146 
10 5 10 1 0.443786 0.368905 16.1104 
0 6 0 1 -0.143976 -0.142028 20.5904 
0 8 0 1 -0.209511 -0.15418 18.8497 
0 8 5 1 -0.185922 0.110866 18.6266 
0 6 5 1 -0.121684 0.100499 20.3673 
0 2 2.5 1 -0.0313863 -0.0198294 23.9602 
0 4 2.5 1 -0.0781626 -0.0205649 22.2196 
0 4 5 1 -0.0675625 0.0917636 22.108 
0 2 5 1 -0.0213411 0.0843038 23.8487 
0.5 0.5 -0.5 1 0.00506096 -0.140128 25.1544 
0.5 0.5 6 1 0.0305368 0.118156 24.8644 
10.5 0.5 -0.5 1 0.433415 -0.2267 20.2503 
10.5 0.5 6 1 0.471374 0.0937851 19.9602 
10.5 10.5 -0.5 1 0.333702 -0.389706 11.5468 
10.5 10.5 6 1 0.398441 0.17437 11.2568 
0.5 10.5 -0.5 1 -0.291549 -0.208739 16.451 
0.5 10.5 6 1 -0.257677 0.187411 16.1609 
0.5 5.5 9.5 1 -0.066918 0.317502 20.3565 
10.5 5.5 9.5 1 0.471595 0.349289 15.4523 
0.5 6.5 -0.5 1 -0.141822 -0.174104 19.9323 
0.5 8.5 -0.5 1 -0.209522 -0.189765 18.1917 
0.5 8.5 4.5 1 -0.185069 0.0845464 17.9686 
0.5 6.5 4.5 1 -0.118762 0.0761573 19.7092 
0.5 2.5 2 1 -0.0263642 -0.0438156 23.3022 
0.5 4.5 2 1 -0.0741626 -0.04651 21.5615 
0.5 4.5 4.5 1 -0.0632165 0.0691297 21.4499 
0.5 2.5 4.5 1 -0.0160097 0.0631572 23.1906 
