0 0 0 1 0.400335 -0.498252 11.5369 
0 0 6.5 1 0.337621 0.0518532 12.6023 
10 0 0 1 -0.268969 -0.438619 15.923 
10 0 6.5 1 -0.27352 -0.034279 16.9883 
10 10 0 1 0.00967389 -0.331092 24.7591 
10 10 6.5 1 -0.00481456 -0.069537 25.8244 
0 10 0 1 0.448679 -0.341712 20.373 
0 10 6.5 1 0.409411 -0.0261186 21.4384 
0 5 10 1 0.359216 0.198584 17.594 
10 5 10 1 -0.117443 0.102732 21.98 
0 6 0 1 0.43543 -0.384613 16.8386 
0 8 0 1 0.442684 -0.361125 18.6058 
0 8 5 1 0.4096 -0.0923841 19.4253 
0 6 5 1 0.399372 -0.0878866 17.6581 
0 2 2.5 1 0.392533 -0.257313 13.7139 
0 4 2.5 1 0.406148 -0.243616 15.4811 
0 4 5 1 0.386869 -0.0823886 15.8909 
0 2 5 1 0.371237 -0.0755148 14.1236 
0.5 0.5 -0.5 1 0.365437 -0.525186 12.1161 
0.5 0.5 6 1 0.308299 0.00292561 13.1814 
10.5 0.5 -0.5 1 -0.271102 -0.460487 16.5021 
10.5 0.5 6 1 -0.275373 -0.0681514 17.5675 
10.5 10.5 -0.5 1 0.00191602 -0.347792 25.3382 
10.5 10.5 6 1 -0.0119416 -0.0913004 26.4036 
0.5 10.5 -0.5 1 0.427162 -0.361615 20.9522 
0.5 10.5 6 1 0.389968 -0.0533595 22.0175 
0.5 5.5 9.5 1 0.33726 0.158419 18.1731 
10.5 5.5 9.5 1 -0.122893 0.0728376 22.5592 
0.5 6.5 -0.5 1 0.409987 -0.407128 17.4177 
0.5 8.5 -0.5 1 0.419366 -0.382275 19.185 
0.5 8.5 4.5 1 0.388195 -0.120448 20.0045 
0.5 6.5 4.5 1 0.376218 -0.118813 18.2372 
0.5 2.5 2 1 0.363267 -0.289908 14.2931 
0.5 4.5 2 1 0.379611 -0.273118 16.0603 
0.5 4.5 4.5 1 0.36167 -0.116826 16.47 
0.5 2.5 4.5 1 0.343625 -0.114363 14.7028 
