0 0 0 1 0.292609 -0.305428 18.6834 
0 0 6.5 1 0.254066 0.0377157 19.3985 
10 0 0 1 0.405805 -0.53644 8.90118 
10 0 6.5 1 0.319637 0.172947 9.61631 
10 10 0 1 -0.579616 -0.54303 10.6611 
10 10 6.5 1 -0.590508 0.057027 11.3763 
0 10 0 1 -0.211539 -0.328752 20.4434 
0 10 6.5 1 -0.229836 -0.0133625 21.1585 
0 5 10 1 -0.012445 0.178628 20.6636 
10 5 10 1 -0.194088 0.424817 10.8814 
0 6 0 1 -0.0206681 -0.319921 19.7394 
0 8 0 1 -0.117776 -0.324414 20.0914 
0 8 5 1 -0.134702 -0.0758456 20.6415 
0 6 5 1 -0.0405206 -0.0671626 20.2895 
0 2 2.5 1 0.170972 -0.177786 19.3105 
0 4 2.5 1 0.0683152 -0.184921 19.6624 
0 4 5 1 0.0569861 -0.0581729 19.9375 
0 2 5 1 0.157998 -0.0488601 19.5855 
0.5 0.5 -0.5 1 0.270256 -0.340468 18.2273 
0.5 0.5 6 1 0.231629 0.0122608 18.9424 
10.5 0.5 -0.5 1 0.363674 -0.624547 8.44506 
10.5 0.5 6 1 0.276504 0.127043 9.16019 
10.5 10.5 -0.5 1 -0.658526 -0.616236 10.205 
10.5 10.5 6 1 -0.664705 0.0136788 10.9201 
0.5 10.5 -0.5 1 -0.243429 -0.361239 19.9872 
0.5 10.5 6 1 -0.261028 -0.0377788 20.7024 
0.5 5.5 9.5 1 -0.0394931 0.157948 20.2075 
10.5 5.5 9.5 1 -0.254463 0.395502 10.4252 
0.5 6.5 -0.5 1 -0.0492071 -0.353386 19.2833 
0.5 8.5 -0.5 1 -0.148059 -0.357383 19.6353 
0.5 8.5 4.5 1 -0.164542 -0.102299 20.1854 
0.5 6.5 4.5 1 -0.0687246 -0.0938859 19.8334 
0.5 2.5 2 1 0.14642 -0.208573 18.8543 
0.5 4.5 2 1 0.0417751 -0.215314 19.2063 
0.5 4.5 4.5 1 0.0305555 -0.0851686 19.4814 
0.5 2.5 4.5 1 0.133489 -0.0761305 19.1294 
