0 0 0 1 -0.706334 -0.600085 13.2079 
0 0 6.5 1 -0.629328 -0.106911 14.3553 
10 0 0 1 -0.202694 -0.445586 21.7321 
10 0 6.5 1 -0.179637 -0.143903 22.8796 
10 10 0 1 0.255002 -0.547338 16.8107 
10 10 6.5 1 0.255134 -0.156475 17.9581 
0 10 0 1 -0.0769272 -0.898269 8.28642 
0 10 6.5 1 -0.0363035 -0.111547 9.43385 
0 5 10 1 -0.362001 0.171656 12.5124 
10 5 10 1 0.0187618 0.0185466 21.0367 
0 6 0 1 -0.401184 -0.744651 10.255 
0 8 0 1 -0.256269 -0.813305 9.27071 
0 8 5 1 -0.211644 -0.258405 10.1534 
0 6 5 1 -0.349018 -0.244231 11.1377 
0 2 2.5 1 -0.590401 -0.424105 12.6649 
0 4 2.5 1 -0.49133 -0.451583 11.6806 
0 4 5 1 -0.464083 -0.232359 12.122 
0 2 5 1 -0.561865 -0.222271 13.1062 
0.5 0.5 -0.5 1 -0.651972 -0.637699 13.2998 
0.5 0.5 6 1 -0.579773 -0.144674 14.4472 
10.5 0.5 -0.5 1 -0.171686 -0.469159 21.824 
10.5 0.5 6 1 -0.150269 -0.167504 22.9715 
10.5 10.5 -0.5 1 0.292552 -0.577221 16.9025 
10.5 10.5 6 1 0.290296 -0.186448 18.05 
0.5 10.5 -0.5 1 0.0024655 -0.954708 8.37829 
0.5 10.5 6 1 0.033134 -0.168775 9.52573 
0.5 5.5 9.5 1 -0.30715 0.126342 12.6043 
10.5 5.5 9.5 1 0.0498279 -0.00782012 21.1286 
0.5 6.5 -0.5 1 -0.334017 -0.791716 10.3469 
0.5 8.5 -0.5 1 -0.183463 -0.864644 9.36259 
0.5 8.5 4.5 1 -0.145511 -0.310297 10.2452 
0.5 6.5 4.5 1 -0.287558 -0.291691 11.2295 
0.5 2.5 2 1 -0.534561 -0.464587 12.7568 
0.5 4.5 2 1 -0.431593 -0.495235 11.7725 
0.5 4.5 4.5 1 -0.40671 -0.276083 12.2138 
0.5 2.5 4.5 1 -0.50809 -0.262804 13.1981 
