0 0 0 1 0.292023 -0.281881 18.6114 
0 0 6.5 1 0.253277 0.0634862 19.0575 
10 0 0 1 0.323728 -0.53839 8.9484 
10 0 6.5 1 0.243623 0.174399 9.39442 
10 10 0 1 -0.588868 -0.515866 11.4293 
10 10 6.5 1 -0.617962 0.0471673 11.8753 
0 10 0 1 -0.198756 -0.299847 21.0923 
0 10 6.5 1 -0.222876 0.00611179 21.5383 
0 5 10 1 -0.0153005 0.201924 20.5381 
10 5 10 1 -0.262285 0.420745 10.875 
0 6 0 1 -0.0169826 -0.293193 20.1 
0 8 0 1 -0.110059 -0.2966 20.5961 
0 8 5 1 -0.130597 -0.0545665 20.9392 
0 6 5 1 -0.0395809 -0.0453421 20.4431 
0 2 2.5 1 0.169905 -0.154506 19.2792 
0 4 2.5 1 0.0682761 -0.161534 19.7753 
0 4 5 1 0.0559627 -0.0356588 19.9469 
0 2 5 1 0.156381 -0.0254815 19.4507 
0.5 0.5 -0.5 1 0.267508 -0.317012 18.218 
0.5 0.5 6 1 0.228532 0.0364752 18.664 
10.5 0.5 -0.5 1 0.272983 -0.624997 8.55498 
10.5 0.5 6 1 0.191891 0.123238 9.001 
10.5 10.5 -0.5 1 -0.660739 -0.5822 11.0359 
10.5 10.5 6 1 -0.688038 0.0027012 11.4819 
0.5 10.5 -0.5 1 -0.22966 -0.331108 20.6989 
0.5 10.5 6 1 -0.253576 -0.0187976 21.1449 
0.5 5.5 9.5 1 -0.043472 0.179602 20.1446 
10.5 5.5 9.5 1 -0.325698 0.386057 10.4816 
0.5 6.5 -0.5 1 -0.0458139 -0.325895 19.7066 
0.5 8.5 -0.5 1 -0.139994 -0.328566 20.2027 
0.5 8.5 4.5 1 -0.160426 -0.0813641 20.5458 
0.5 6.5 4.5 1 -0.0683623 -0.0726219 20.0496 
0.5 2.5 2 1 0.143713 -0.185741 18.8857 
0.5 4.5 2 1 0.0406925 -0.192112 19.3819 
0.5 4.5 4.5 1 0.0283733 -0.063436 19.5535 
0.5 2.5 4.5 1 0.130146 -0.0537718 19.0573 
