0 0 0 1 0.402621 -0.516265 11.6526 
0 0 6.5 1 0.342795 0.0295061 12.7853 
10 0 0 1 -0.276497 -0.455772 15.7516 
10 0 6.5 1 -0.276241 -0.0465542 16.8842 
10 10 0 1 -0.00489957 -0.346525 24.7049 
10 10 6.5 1 -0.0166383 -0.0839001 25.8376 
0 10 0 1 0.433166 -0.359002 20.606 
0 10 6.5 1 0.396389 -0.0462079 21.7387 
0 5 10 1 0.354386 0.175069 17.8719 
10 5 10 1 -0.123496 0.0894609 21.9708 
0 6 0 1 0.424804 -0.402058 17.0246 
0 8 0 1 0.429383 -0.378481 18.8153 
0 8 5 1 0.398311 -0.111928 19.6866 
0 6 5 1 0.390846 -0.107685 17.8959 
0 2 2.5 1 0.390494 -0.276196 13.879 
0 4 2.5 1 0.399914 -0.262269 15.6696 
0 4 5 1 0.38172 -0.102499 16.1053 
0 2 5 1 0.370312 -0.0960161 14.3146 
0.5 0.5 -0.5 1 0.366237 -0.543036 12.2181 
0.5 0.5 6 1 0.312031 -0.0181099 13.3508 
10.5 0.5 -0.5 1 -0.280206 -0.477915 16.317 
10.5 0.5 6 1 -0.279717 -0.0805204 17.4497 
10.5 10.5 -0.5 1 -0.0133721 -0.363267 25.2704 
10.5 10.5 6 1 -0.024496 -0.105548 26.4031 
0.5 10.5 -0.5 1 0.411353 -0.378652 21.1715 
0.5 10.5 6 1 0.376616 -0.0727903 22.3041 
0.5 5.5 9.5 1 0.331754 0.136125 18.4374 
10.5 5.5 9.5 1 -0.130021 0.0597482 22.5363 
0.5 6.5 -0.5 1 0.398818 -0.424325 17.5901 
0.5 8.5 -0.5 1 0.405665 -0.399378 19.3808 
0.5 8.5 4.5 1 0.376481 -0.139369 20.2521 
0.5 6.5 4.5 1 0.367126 -0.137918 18.4614 
0.5 2.5 2 1 0.360192 -0.308239 14.4444 
0.5 4.5 2 1 0.372626 -0.291263 16.2351 
0.5 4.5 4.5 1 0.355763 -0.136155 16.6708 
0.5 2.5 4.5 1 0.341664 -0.133968 14.8801 
