0 0 0 1 0.253134 -0.40432 20.6336 
0 0 6.5 1 0.223932 -0.0894427 21.6987 
10 0 0 1 0.723685 -0.589271 11.2202 
10 0 6.5 1 0.631312 -0.0170892 12.2853 
10 10 0 1 -0.173506 -0.805819 8.27022 
10 10 6.5 1 -0.192707 -0.0281187 9.33529 
0 10 0 1 -0.244958 -0.474741 17.6837 
0 10 6.5 1 -0.250459 -0.106319 18.7487 
0 5 10 1 -0.00550079 0.0711661 20.7972 
10 5 10 1 0.244419 0.282059 11.3838 
0 6 0 1 -0.0270265 -0.443929 18.8636 
0 8 0 1 -0.132474 -0.458838 18.2736 
0 8 5 1 -0.141456 -0.181228 19.0929 
0 6 5 1 -0.0401287 -0.175262 19.6829 
0 2 2.5 1 0.15509 -0.288016 20.4533 
0 4 2.5 1 0.0634906 -0.2971 19.8633 
0 4 5 1 0.0553011 -0.169643 20.2729 
0 2 5 1 0.145333 -0.164341 20.8629 
0.5 0.5 -0.5 1 0.246729 -0.439015 19.9335 
0.5 0.5 6 1 0.216878 -0.11188 20.9986 
10.5 0.5 -0.5 1 0.742863 -0.66732 10.5201 
10.5 0.5 6 1 0.643145 -0.0533852 11.5852 
10.5 10.5 -0.5 1 -0.229829 -0.934309 7.57012 
10.5 10.5 6 1 -0.24364 -0.0777085 8.63519 
0.5 10.5 -0.5 1 -0.273008 -0.518365 16.9836 
0.5 10.5 6 1 -0.277068 -0.133078 18.0486 
0.5 5.5 9.5 1 -0.0208636 0.0533174 20.0971 
10.5 5.5 9.5 1 0.231897 0.262304 10.6837 
0.5 6.5 -0.5 1 -0.0448544 -0.483532 18.1635 
0.5 8.5 -0.5 1 -0.155101 -0.500364 17.5735 
0.5 8.5 4.5 1 -0.163418 -0.210338 18.3928 
0.5 6.5 4.5 1 -0.0576704 -0.203246 18.9828 
0.5 2.5 2 1 0.145151 -0.318906 19.7532 
0.5 4.5 2 1 0.0498995 -0.329273 19.1632 
0.5 4.5 4.5 1 0.0417016 -0.196583 19.5728 
0.5 2.5 4.5 1 0.135258 -0.190309 20.1628 
