0 0 0 1 0.361739 -0.529943 10.7852 
0 0 6.5 1 0.293426 0.0661506 11.2107 
10 0 0 1 -0.232362 -0.405918 16.901 
10 0 6.5 1 -0.261973 -0.0232756 17.3265 
10 10 0 1 0.0896984 -0.274236 24.7857 
10 10 6.5 1 0.0639129 -0.0134856 25.2112 
0 10 0 1 0.538396 -0.302746 18.6699 
0 10 6.5 1 0.494354 0.0421509 19.0954 
0 5 10 1 0.392351 0.276305 15.3821 
10 5 10 1 -0.0834206 0.144446 21.4979 
0 6 0 1 0.489278 -0.365916 15.516 
0 8 0 1 0.516103 -0.331417 17.093 
0 8 5 1 0.479386 -0.0400613 17.4203 
0 6 5 1 0.449461 -0.0448477 15.8433 
0 2 2.5 1 0.390886 -0.257019 12.5258 
0 4 2.5 1 0.4344 -0.227382 14.1027 
0 4 5 1 0.41292 -0.0506924 14.2664 
0 2 5 1 0.367297 -0.0579896 12.6894 
0.5 0.5 -0.5 1 0.337445 -0.547158 11.4525 
0.5 0.5 6 1 0.27384 0.0160643 11.878 
10.5 0.5 -0.5 1 -0.225633 -0.421851 17.5683 
10.5 0.5 6 1 -0.254305 -0.053022 17.9937 
10.5 10.5 -0.5 1 0.0858995 -0.288685 25.453 
10.5 10.5 6 1 0.0608413 -0.0344212 25.8785 
0.5 10.5 -0.5 1 0.517912 -0.320782 19.3372 
0.5 10.5 6 1 0.475798 0.0128579 19.7627 
0.5 5.5 9.5 1 0.373743 0.230499 16.0494 
10.5 5.5 9.5 1 -0.0825711 0.115248 22.1652 
0.5 6.5 -0.5 1 0.466827 -0.384862 16.1833 
0.5 8.5 -0.5 1 0.494638 -0.349977 17.7603 
0.5 8.5 4.5 1 0.459663 -0.0690342 18.0876 
0.5 6.5 4.5 1 0.429064 -0.0763944 16.5106 
0.5 2.5 2 1 0.368323 -0.285767 13.1931 
0.5 4.5 2 1 0.41228 -0.2544 14.77 
0.5 4.5 4.5 1 0.392002 -0.0853091 14.9337 
0.5 2.5 4.5 1 0.346189 -0.0963287 13.3567 
