0 0 0 1 0.275314 -0.281682 16.2872 
0 0 6.5 1 0.318008 0.11648 16.1245 
10 0 0 1 -0.374757 -0.269755 13.6995 
10 0 6.5 1 -0.331714 0.204662 13.5369 
10 10 0 1 -0.329077 -0.136951 23.3557 
10 10 6.5 1 -0.303634 0.140879 23.193 
0 10 0 1 0.0744807 -0.157685 25.9434 
0 10 6.5 1 0.0999163 0.0921278 25.7807 
0 5 10 1 0.201217 0.268792 20.865 
10 5 10 1 -0.296526 0.355667 18.2774 
0 6 0 1 0.133736 -0.19427 22.0809 
0 8 0 1 0.101725 -0.174507 24.0121 
0 8 5 1 0.122985 0.0328035 23.887 
0 6 5 1 0.157048 0.0311623 21.9558 
0 2 2.5 1 0.232502 -0.11024 18.1559 
0 4 2.5 1 0.184741 -0.0946936 20.0871 
0 4 5 1 0.197681 0.0292045 20.0245 
0 2 5 1 0.246988 0.0268288 18.0933 
0.5 0.5 -0.5 1 0.229752 -0.301189 16.6531 
0.5 0.5 6 1 0.271049 0.0879457 16.4905 
10.5 0.5 -0.5 1 -0.411789 -0.293161 14.0655 
10.5 0.5 6 1 -0.370312 0.168496 13.9028 
10.5 10.5 -0.5 1 -0.351739 -0.152878 23.7216 
10.5 10.5 6 1 -0.326848 0.120527 23.559 
0.5 10.5 -0.5 1 0.0484344 -0.171757 26.3093 
0.5 10.5 6 1 0.0733519 0.0744721 26.1466 
0.5 5.5 9.5 1 0.166756 0.244003 21.231 
10.5 5.5 9.5 1 -0.326 0.325732 18.6433 
0.5 6.5 -0.5 1 0.102242 -0.210167 22.4468 
0.5 8.5 -0.5 1 0.0732067 -0.189441 24.3781 
0.5 8.5 4.5 1 0.0939984 0.0146643 24.2529 
0.5 6.5 4.5 1 0.124995 0.0114806 22.3217 
0.5 2.5 2 1 0.192383 -0.131166 18.5218 
0.5 4.5 2 1 0.149265 -0.113922 20.453 
0.5 4.5 4.5 1 0.161863 0.00769389 20.3905 
0.5 2.5 4.5 1 0.206445 0.00311479 18.4593 
