0 0 0 1 0.21771 -0.391056 21.2576 
0 0 6.5 1 0.198905 -0.0860432 22.5132 
10 0 0 1 0.703805 -0.524887 12.2942 
10 0 6.5 1 0.627517 -0.00570257 13.5498 
10 10 0 1 -0.0600557 -0.70844 8.30346 
10 10 6.5 1 -0.0678605 0.0516066 9.55904 
0 10 0 1 -0.26197 -0.448393 17.2669 
0 10 6.5 1 -0.252311 -0.073777 18.5224 
0 5 10 1 -0.0084216 0.0840484 21.1939 
10 5 10 1 0.31448 0.297711 12.2305 
0 6 0 1 -0.0457421 -0.422547 18.8632 
0 8 0 1 -0.149079 -0.434899 18.065 
0 8 5 1 -0.147577 -0.155116 19.0308 
0 6 5 1 -0.0493335 -0.154627 19.829 
0 2 2.5 1 0.130836 -0.274399 20.9424 
0 4 2.5 1 0.0451615 -0.279606 20.1442 
0 4 5 1 0.0413071 -0.154176 20.6271 
0 2 5 1 0.125194 -0.153759 21.4253 
0.5 0.5 -0.5 1 0.213676 -0.42323 20.5133 
0.5 0.5 6 1 0.194461 -0.105932 21.7689 
10.5 0.5 -0.5 1 0.727964 -0.590654 11.5499 
10.5 0.5 6 1 0.644873 -0.034844 12.8055 
10.5 10.5 -0.5 1 -0.0983527 -0.827 7.55917 
10.5 10.5 6 1 -0.101361 0.0141107 8.81475 
0.5 10.5 -0.5 1 -0.288587 -0.490921 16.5226 
0.5 10.5 6 1 -0.276644 -0.0976174 17.7781 
0.5 5.5 9.5 1 -0.0206987 0.0690667 20.4496 
10.5 5.5 9.5 1 0.313546 0.284883 11.4862 
0.5 6.5 -0.5 1 -0.0611316 -0.460266 18.1189 
0.5 8.5 -0.5 1 -0.169619 -0.474887 17.3207 
0.5 8.5 4.5 1 -0.16697 -0.181604 18.2866 
0.5 6.5 4.5 1 -0.0640842 -0.179989 19.0847 
0.5 2.5 2 1 0.123538 -0.302776 20.1981 
0.5 4.5 2 1 0.0342758 -0.30935 19.3999 
0.5 4.5 4.5 1 0.0305415 -0.178503 19.8829 
0.5 2.5 4.5 1 0.117863 -0.177132 20.681 
