0 0 0 1 -0.490789 -0.33776 10.5159 
0 0 6.5 1 -0.473882 0.295061 9.77427 
10 0 0 1 -0.25291 -0.117664 20.45 
10 0 6.5 1 -0.235573 0.204461 19.7084 
10 10 0 1 0.233276 -0.156359 20.5541 
10 10 6.5 1 0.26872 0.162625 19.8125 
0 10 0 1 0.452518 -0.410493 10.62 
0 10 6.5 1 0.540064 0.210199 9.87837 
0 5 10 1 0.0675207 0.630705 9.427 
10 5 10 1 0.0323113 0.366262 19.3612 
0 6 0 1 0.077423 -0.381571 10.5783 
0 8 0 1 0.265339 -0.39606 10.5991 
0 8 5 1 0.321025 0.0750589 10.0287 
0 6 5 1 0.122514 0.091354 10.0079 
0 2 2.5 1 -0.289146 -0.120766 10.2515 
0 4 2.5 1 -0.0945074 -0.136245 10.2723 
0 4 5 1 -0.0768253 0.107717 9.98704 
0 2 5 1 -0.276997 0.124149 9.96622 
0.5 0.5 -0.5 1 -0.424746 -0.363888 11.0748 
0.5 0.5 6 1 -0.404013 0.232825 10.3332 
10.5 0.5 -0.5 1 -0.224424 -0.137294 21.009 
10.5 0.5 6 1 -0.206524 0.175229 20.2674 
10.5 10.5 -0.5 1 0.24875 -0.174867 21.1131 
10.5 10.5 6 1 0.283784 0.134691 20.3715 
0.5 10.5 -0.5 1 0.47078 -0.432741 11.1789 
0.5 10.5 6 1 0.554934 0.153129 10.4373 
0.5 5.5 9.5 1 0.109514 0.547518 9.98596 
10.5 5.5 9.5 1 0.0543505 0.331981 19.9201 
0.5 6.5 -0.5 1 0.114578 -0.405355 11.1373 
0.5 8.5 -0.5 1 0.293011 -0.419074 11.1581 
0.5 8.5 4.5 1 0.347249 0.0259339 10.5876 
0.5 6.5 4.5 1 0.15929 0.0412702 10.5668 
0.5 2.5 2 1 -0.231914 -0.158754 10.8104 
0.5 4.5 2 1 -0.0474297 -0.173361 10.8312 
0.5 4.5 4.5 1 -0.0294115 0.0566672 10.546 
0.5 2.5 4.5 1 -0.218859 0.072125 10.5252 
