0 0 0 1 0.25026 -0.40333 20.6826 
0 0 6.5 1 0.221849 -0.0892507 21.7714 
10 0 0 1 0.723098 -0.582353 11.3064 
10 0 6.5 1 0.631664 -0.0149676 12.3952 
10 10 0 1 -0.163316 -0.79675 8.25993 
10 10 6.5 1 -0.181313 -0.0194983 9.34869 
0 10 0 1 -0.246574 -0.472818 17.6361 
0 10 6.5 1 -0.250718 -0.103598 18.7249 
0 5 10 1 -0.00569716 0.0721896 20.8344 
10 5 10 1 0.25143 0.284653 11.4582 
0 6 0 1 -0.0285738 -0.442328 18.8547 
0 8 0 1 -0.133934 -0.457064 18.2454 
0 8 5 1 -0.142006 -0.179069 19.0829 
0 6 5 1 -0.0408768 -0.173562 19.6922 
0 2 2.5 1 0.153132 -0.28695 20.4921 
0 4 2.5 1 0.0620172 -0.29571 19.8828 
0 4 5 1 0.0541817 -0.168384 20.3015 
0 2 5 1 0.143701 -0.163509 20.9108 
0.5 0.5 -0.5 1 0.244092 -0.437792 19.9778 
0.5 0.5 6 1 0.215049 -0.111423 21.0665 
10.5 0.5 -0.5 1 0.742913 -0.659197 10.6016 
10.5 0.5 6 1 0.64412 -0.0504436 11.6903 
10.5 10.5 -0.5 1 -0.218212 -0.924584 7.55504 
10.5 10.5 6 1 -0.230763 -0.0678473 8.6438 
0.5 10.5 -0.5 1 -0.274536 -0.516374 16.9312 
0.5 10.5 6 1 -0.277153 -0.13008 18.02 
0.5 5.5 9.5 1 -0.0207818 0.0546387 20.1295 
10.5 5.5 9.5 1 0.240047 0.265726 10.7533 
0.5 6.5 -0.5 1 -0.0461922 -0.481776 18.1498 
0.5 8.5 -0.5 1 -0.156398 -0.498474 17.5405 
0.5 8.5 4.5 1 -0.163756 -0.20793 18.3781 
0.5 6.5 4.5 1 -0.0581748 -0.201291 18.9874 
0.5 2.5 2 1 0.143445 -0.317598 19.7872 
0.5 4.5 2 1 0.0486729 -0.327654 19.1779 
0.5 4.5 4.5 1 0.0408407 -0.195066 19.5967 
0.5 2.5 4.5 1 0.133885 -0.189216 20.206 
