0 0 0 1 -0.101299 -0.261231 9.92099 
0 0 6.5 1 -0.131054 0.437002 8.65619 
10 0 0 1 -0.248007 -0.0450392 19.041 
10 0 6.5 1 -0.272935 0.310351 17.7762 
10 10 0 1 0.201261 0.00209098 22.652 
10 10 6.5 1 0.207111 0.300264 21.3872 
0 10 0 1 0.611609 -0.124647 13.532 
0 10 6.5 1 0.664117 0.382136 12.2672 
0 5 10 1 0.351358 0.783962 9.78063 
10 5 10 1 -0.0148578 0.497429 18.9006 
0 6 0 1 0.377559 -0.169488 12.0876 
0 8 0 1 0.501182 -0.145803 12.8098 
0 8 5 1 0.533964 0.256463 11.8369 
0 6 5 1 0.40165 0.256843 11.1147 
0 2 2.5 1 0.0789116 0.00403954 10.1567 
0 4 2.5 1 0.244301 0.0204082 10.8789 
0 4 5 1 0.250946 0.257276 10.3925 
0 2 5 1 0.0777328 0.257774 9.67026 
0.5 0.5 -0.5 1 -0.0672773 -0.276875 10.6548 
0.5 0.5 6 1 -0.0901247 0.364683 9.39003 
10.5 0.5 -0.5 1 -0.224232 -0.0614913 19.7748 
10.5 0.5 6 1 -0.246547 0.278685 18.51 
10.5 10.5 -0.5 1 0.207267 -0.0132997 23.3858 
10.5 10.5 6 1 0.213266 0.274102 22.121 
0.5 10.5 -0.5 1 0.600347 -0.143357 14.2658 
0.5 10.5 6 1 0.648795 0.333 13.001 
0.5 5.5 9.5 1 0.354241 0.695161 10.5145 
10.5 5.5 9.5 1 0.000373471 0.460584 19.6345 
0.5 6.5 -0.5 1 0.378424 -0.18774 12.8214 
0.5 8.5 -0.5 1 0.495302 -0.164365 13.5436 
0.5 8.5 4.5 1 0.525715 0.212981 12.5707 
0.5 6.5 4.5 1 0.401094 0.210687 11.8485 
0.5 2.5 2 1 0.100053 -0.029141 10.8906 
0.5 4.5 2 1 0.253677 -0.0117431 11.6128 
0.5 4.5 4.5 1 0.260294 0.208096 11.1263 
0.5 2.5 4.5 1 0.0999463 0.205145 10.4041 
