0 0 0 1 -0.244758 -0.0239596 24.7162 
0 0 6.5 1 -0.27185 0.24544 23.689 
10 0 0 1 0.149115 0.00747684 25.8512 
10 0 6.5 1 0.13956 0.265861 24.8239 
10 10 0 1 0.317755 -0.0812702 16.0423 
10 10 6.5 1 0.313495 0.339838 15.015 
0 10 0 1 -0.322444 -0.140148 14.9073 
0 10 6.5 1 -0.374431 0.311035 13.8801 
0 5 10 1 -0.330676 0.467069 18.2315 
10 5 10 1 0.200119 0.480256 19.3664 
0 6 0 1 -0.281658 -0.0791475 18.8309 
0 8 0 1 -0.299679 -0.106101 16.8691 
0 8 5 1 -0.333082 0.195175 16.079 
0 6 5 1 -0.310639 0.190547 18.0407 
0 2 2.5 1 -0.266157 0.0703246 22.3594 
0 4 2.5 1 -0.27957 0.0624096 20.3976 
0 4 5 1 -0.292598 0.186827 20.0025 
0 2 5 1 -0.27778 0.183772 21.9643 
0.5 0.5 -0.5 1 -0.224211 -0.0459976 24.3616 
0.5 0.5 6 1 -0.25081 0.226527 23.3343 
10.5 0.5 -0.5 1 0.174227 -0.0131428 25.4965 
10.5 0.5 6 1 0.165588 0.248121 24.4693 
10.5 10.5 -0.5 1 0.362381 -0.116789 15.6876 
10.5 10.5 6 1 0.361145 0.312018 14.6604 
0.5 10.5 -0.5 1 -0.289941 -0.179872 14.5527 
0.5 10.5 6 1 -0.340822 0.280125 13.5254 
0.5 5.5 9.5 1 -0.30438 0.446779 17.8768 
10.5 5.5 9.5 1 0.234748 0.461423 19.0117 
0.5 6.5 -0.5 1 -0.255274 -0.109265 18.4762 
0.5 8.5 -0.5 1 -0.270548 -0.140375 16.5144 
0.5 8.5 4.5 1 -0.30324 0.165974 15.7243 
0.5 6.5 4.5 1 -0.283657 0.164493 17.6861 
0.5 2.5 2 1 -0.243753 0.0474459 22.0047 
0.5 4.5 2 1 -0.255211 0.0371515 20.0429 
0.5 4.5 4.5 1 -0.267985 0.163307 19.6478 
0.5 2.5 4.5 1 -0.255158 0.162337 21.6096 
