0 0 0 1 -0.20327 -0.0108958 25.399 
0 0 6.5 1 -0.222615 0.252426 24.1869 
10 0 0 1 0.188542 0.00425901 25.6047 
10 0 6.5 1 0.188831 0.266113 24.3926 
10 10 0 1 0.323243 -0.110692 15.7823 
10 10 6.5 1 0.334933 0.318127 14.5702 
0 10 0 1 -0.313863 -0.136921 15.5766 
0 10 6.5 1 -0.355768 0.295826 14.3644 
0 5 10 1 -0.288174 0.462543 18.623 
10 5 10 1 0.245571 0.477978 18.8287 
0 6 0 1 -0.25626 -0.07128 19.5055 
0 8 0 1 -0.281836 -0.100425 17.5411 
0 8 5 1 -0.307917 0.189526 16.6086 
0 6 5 1 -0.278298 0.189466 18.5731 
0 2 2.5 1 -0.226106 0.0786615 22.9683 
0 4 2.5 1 -0.244645 0.0683456 21.0038 
0 4 5 1 -0.254346 0.189418 20.5376 
0 2 5 1 -0.234576 0.189377 22.5021 
0.5 0.5 -0.5 1 -0.18522 -0.0336321 25.0114 
0.5 0.5 6 1 -0.20396 0.23282 23.7993 
10.5 0.5 -0.5 1 0.212468 -0.0180589 25.2171 
10.5 0.5 6 1 0.213969 0.246896 24.005 
10.5 10.5 -0.5 1 0.365826 -0.150143 15.3947 
10.5 10.5 6 1 0.381474 0.287023 14.1826 
0.5 10.5 -0.5 1 -0.286962 -0.177577 15.189 
0.5 10.5 6 1 -0.327695 0.263645 13.9768 
0.5 5.5 9.5 1 -0.26522 0.441421 18.2354 
10.5 5.5 9.5 1 0.279487 0.457416 18.4411 
0.5 6.5 -0.5 1 -0.23372 -0.102249 19.1179 
0.5 8.5 -0.5 1 -0.257292 -0.1356 17.1535 
0.5 8.5 4.5 1 -0.282585 0.159258 16.2211 
0.5 6.5 4.5 1 -0.255072 0.162466 18.1855 
0.5 2.5 2 1 -0.206504 0.055015 22.5807 
0.5 4.5 2 1 -0.223524 0.0422518 20.6162 
0.5 4.5 4.5 1 -0.232923 0.165049 20.15 
0.5 2.5 4.5 1 -0.21471 0.167173 22.1145 
