0 0 0 1 0.289501 -0.271419 18.5786 
0 0 6.5 1 0.253217 0.0762162 18.6874 
10 0 0 1 0.228829 -0.570526 9.13606 
10 0 6.5 1 0.156198 0.135695 9.2449 
10 10 0 1 -0.58764 -0.499566 12.4241 
10 10 6.5 1 -0.634125 0.0207601 12.5329 
0 10 0 1 -0.183521 -0.276077 21.8666 
0 10 6.5 1 -0.212034 0.0195663 21.9754 
0 5 10 1 -0.0152983 0.216247 20.39 
10 5 10 1 -0.328828 0.387255 10.9475 
0 6 0 1 -0.0124752 -0.274393 20.5514 
0 8 0 1 -0.10065 -0.275261 21.209 
0 8 5 1 -0.123612 -0.0405543 21.2927 
0 6 5 1 -0.0365267 -0.0322096 20.6351 
0 2 2.5 1 0.168666 -0.142866 19.278 
0 4 2.5 1 0.0688838 -0.148129 19.9356 
0 4 5 1 0.0562916 -0.0233157 19.9775 
0 2 5 1 0.155429 -0.0138162 19.3199 
0.5 0.5 -0.5 1 0.262521 -0.306543 18.2625 
0.5 0.5 6 1 0.225772 0.0472818 18.3713 
10.5 0.5 -0.5 1 0.170789 -0.653973 8.81996 
10.5 0.5 6 1 0.096295 0.0782675 8.92881 
10.5 10.5 -0.5 1 -0.651234 -0.5585 12.108 
10.5 10.5 6 1 -0.698354 -0.0241854 12.2169 
0.5 10.5 -0.5 1 -0.213323 -0.305911 21.5505 
0.5 10.5 6 1 -0.242102 -0.00580242 21.6593 
0.5 5.5 9.5 1 -0.0446434 0.191972 20.0739 
10.5 5.5 9.5 1 -0.393558 0.346504 10.6314 
0.5 6.5 -0.5 1 -0.0415422 -0.306139 20.2353 
0.5 8.5 -0.5 1 -0.130136 -0.306021 20.8929 
0.5 8.5 4.5 1 -0.153326 -0.0676546 20.9766 
0.5 6.5 4.5 1 -0.0658481 -0.0600573 20.319 
0.5 2.5 2 1 0.140666 -0.174551 18.9619 
0.5 4.5 2 1 0.0402153 -0.178837 19.6195 
0.5 4.5 4.5 1 0.0274818 -0.0519517 19.6614 
0.5 2.5 4.5 1 0.127271 -0.0432852 19.0038 
