0 0 0 1 -0.0829649 -0.0357008 26.3891 
0 0 6.5 1 -0.0726628 0.215657 25.3061 
10 0 0 1 0.311884 -0.0807297 23.7374 
10 0 6.5 1 0.342268 0.197896 22.6544 
10 10 0 1 0.325157 -0.236762 14.2404 
10 10 6.5 1 0.378564 0.230132 13.1574 
0 10 0 1 -0.293766 -0.141924 16.8921 
0 10 6.5 1 -0.291716 0.253156 15.8091 
0 5 10 1 -0.152021 0.409309 19.9744 
10 5 10 1 0.378471 0.415724 17.3228 
0 6 0 1 -0.186224 -0.0877334 20.6909 
0 8 0 1 -0.23456 -0.11209 18.7915 
0 8 5 1 -0.230426 0.156829 17.9584 
0 6 5 1 -0.180457 0.156485 19.8578 
0 2 2.5 1 -0.108383 0.0510195 24.0731 
0 4 2.5 1 -0.142679 0.0422636 22.1737 
0 4 5 1 -0.139213 0.156202 21.7572 
0 2 5 1 -0.104592 0.155964 23.6566 
0.5 0.5 -0.5 1 -0.0725053 -0.0601532 25.8649 
0.5 0.5 6 1 -0.0615282 0.195453 24.7819 
10.5 0.5 -0.5 1 0.332454 -0.108992 23.2133 
10.5 0.5 6 1 0.364564 0.17485 22.1303 
10.5 10.5 -0.5 1 0.360476 -0.290555 13.7163 
10.5 10.5 6 1 0.419126 0.191098 12.6333 
0.5 10.5 -0.5 1 -0.283988 -0.183966 16.3679 
0.5 10.5 6 1 -0.281175 0.221683 15.2849 
0.5 5.5 9.5 1 -0.139972 0.388784 19.4503 
10.5 5.5 9.5 1 0.408973 0.392159 16.7987 
0.5 6.5 -0.5 1 -0.175493 -0.120447 20.1667 
0.5 8.5 -0.5 1 -0.2241 -0.148904 18.2673 
0.5 8.5 4.5 1 -0.219341 0.12634 17.4343 
0.5 6.5 4.5 1 -0.169107 0.128982 19.3337 
0.5 2.5 2 1 -0.0974609 0.0260924 23.549 
0.5 4.5 2 1 -0.131628 0.0149377 21.6496 
0.5 4.5 4.5 1 -0.12786 0.131152 21.2331 
0.5 2.5 4.5 1 -0.0933872 0.132965 23.1325 
