0 0 0 1 0.160788 -0.407762 22.1508 
0 0 6.5 1 0.15929 -0.113481 23.3985 
10 0 0 1 0.649992 -0.543412 13.9201 
10 0 6.5 1 0.607439 -0.0782814 15.1677 
10 10 0 1 0.0806039 -0.734888 8.57495 
10 10 6.5 1 0.0872185 0.00767193 9.82262 
0 10 0 1 -0.285329 -0.462317 16.8057 
0 10 6.5 1 -0.256441 -0.0771368 18.0534 
0 5 10 1 -0.0169225 0.0658867 21.3977 
10 5 10 1 0.389172 0.218559 13.167 
0 6 0 1 -0.076672 -0.436801 18.9438 
0 8 0 1 -0.174761 -0.448796 17.8747 
0 8 5 1 -0.159095 -0.16548 18.8345 
0 6 5 1 -0.0665771 -0.169281 19.9035 
0 2 2.5 1 0.0906199 -0.293439 21.5617 
0 4 2.5 1 0.0137886 -0.296424 20.4926 
0 4 5 1 0.0165089 -0.172693 20.9725 
0 2 5 1 0.0915356 -0.175775 22.0415 
0.5 0.5 -0.5 1 0.159306 -0.439102 21.3761 
0.5 0.5 6 1 0.157838 -0.133015 22.6237 
10.5 0.5 -0.5 1 0.676415 -0.602371 13.1453 
10.5 0.5 6 1 0.629281 -0.107091 14.393 
10.5 10.5 -0.5 1 0.0685778 -0.853266 7.80018 
10.5 10.5 6 1 0.0774172 -0.030797 9.04785 
0.5 10.5 -0.5 1 -0.308866 -0.506743 16.0309 
0.5 10.5 6 1 -0.276983 -0.101084 17.2786 
0.5 5.5 9.5 1 -0.025135 0.0511964 20.623 
10.5 5.5 9.5 1 0.400894 0.203657 12.3922 
0.5 6.5 -0.5 1 -0.0885415 -0.474911 18.169 
0.5 8.5 -0.5 1 -0.191817 -0.489832 17.1 
0.5 8.5 4.5 1 -0.174572 -0.192181 18.0597 
0.5 6.5 4.5 1 -0.0774422 -0.194643 19.1287 
0.5 2.5 2 1 0.0864805 -0.321407 20.7869 
0.5 4.5 2 1 0.00640587 -0.326024 19.7179 
0.5 4.5 4.5 1 0.00940596 -0.196845 20.1978 
0.5 2.5 4.5 1 0.0875229 -0.198825 21.2668 
