0 0 0 1 0.257432 -0.0281646 17.941 
0 0 6.5 1 0.272614 0.352155 16.659 
10 0 0 1 -0.236339 -0.173073 11.2298 
10 0 6.5 1 -0.274549 0.44515 9.94784 
10 10 0 1 -0.517877 -0.0320429 18.3762 
10 10 6.5 1 -0.561227 0.338304 17.0942 
0 10 0 1 -0.0894455 0.0338596 25.0873 
0 10 6.5 1 -0.0975019 0.303348 23.8054 
0 5 10 1 0.0546867 0.510438 19.5419 
10 5 10 1 -0.483525 0.66533 12.8307 
0 6 0 1 0.0225414 0.0138356 22.2288 
0 8 0 1 -0.0368348 0.0244525 23.6581 
0 8 5 1 -0.0410535 0.241705 22.6719 
0 6 5 1 0.0207953 0.245213 21.2427 
0 2 2.5 1 0.170387 0.117409 18.8772 
0 4 2.5 1 0.0908044 0.122489 20.3065 
0 4 5 1 0.0915672 0.249227 19.8134 
0 2 5 1 0.173343 0.253864 18.3841 
0.5 0.5 -0.5 1 0.216914 -0.0553458 18.0614 
0.5 0.5 6 1 0.228891 0.320169 16.7794 
10.5 0.5 -0.5 1 -0.295579 -0.214789 11.3502 
10.5 0.5 6 1 -0.340874 0.390731 10.0682 
10.5 10.5 -0.5 1 -0.552397 -0.0585594 18.4965 
10.5 10.5 6 1 -0.598014 0.307224 17.2145 
0.5 10.5 -0.5 1 -0.116821 0.0140881 25.2077 
0.5 10.5 6 1 -0.126303 0.281161 23.9257 
0.5 5.5 9.5 1 0.0187087 0.482173 19.6623 
10.5 5.5 9.5 1 -0.533144 0.620978 12.9511 
0.5 6.5 -0.5 1 -0.00893811 -0.00835695 22.3492 
0.5 8.5 -0.5 1 -0.0661216 0.00354014 23.7784 
0.5 8.5 4.5 1 -0.0715851 0.218741 22.7923 
0.5 6.5 4.5 1 -0.0121275 0.220692 21.363 
0.5 2.5 2 1 0.132417 0.0906454 18.9976 
0.5 4.5 2 1 0.0559602 0.0975674 20.4268 
0.5 4.5 4.5 1 0.0558565 0.222924 19.9338 
0.5 2.5 4.5 1 0.134342 0.2255 18.5045 
