0 0 0 1 -0.240286 -0.0204948 24.7928 
0 0 6.5 1 -0.266651 0.248323 23.7401 
10 0 0 1 0.15339 0.00926102 25.8243 
10 0 6.5 1 0.144852 0.26815 24.7716 
10 10 0 1 0.318441 -0.0816949 16.0103 
10 10 6.5 1 0.315917 0.340653 14.9577 
0 10 0 1 -0.321801 -0.13721 14.9789 
0 10 6.5 1 -0.372907 0.312224 13.9262 
0 5 10 1 -0.326425 0.469148 18.2663 
10 5 10 1 0.204996 0.482795 19.2978 
0 6 0 1 -0.279039 -0.075982 18.9044 
0 8 0 1 -0.297943 -0.103049 16.9417 
0 8 5 1 -0.330683 0.197114 16.1319 
0 6 5 1 -0.307381 0.192833 18.0947 
0 2 2.5 1 -0.261911 0.0733675 22.4251 
0 4 2.5 1 -0.275919 0.0652834 20.4623 
0 4 5 1 -0.288641 0.189389 20.0575 
0 2 5 1 -0.273241 0.18656 22.0203 
0.5 0.5 -0.5 1 -0.220011 -0.0425903 24.4346 
0.5 0.5 6 1 -0.245867 0.22935 23.382 
10.5 0.5 -0.5 1 0.17838 -0.0115211 25.4661 
10.5 0.5 6 1 0.170795 0.25027 24.4135 
10.5 10.5 -0.5 1 0.362877 -0.117589 15.6522 
10.5 10.5 6 1 0.363495 0.312532 14.5995 
0.5 10.5 -0.5 1 -0.289913 -0.176996 14.6207 
0.5 10.5 6 1 -0.339894 0.281215 13.568 
0.5 5.5 9.5 1 -0.300483 0.448792 17.9082 
10.5 5.5 9.5 1 0.239574 0.463806 18.9397 
0.5 6.5 -0.5 1 -0.253075 -0.106164 18.5463 
0.5 8.5 -0.5 1 -0.269314 -0.137388 16.5835 
0.5 8.5 4.5 1 -0.301327 0.167827 15.7738 
0.5 6.5 4.5 1 -0.280804 0.166701 17.7365 
0.5 2.5 2 1 -0.239811 0.0504246 22.067 
0.5 4.5 2 1 -0.251911 0.0399565 20.1042 
0.5 4.5 4.5 1 -0.264371 0.165798 19.6993 
0.5 2.5 4.5 1 -0.250915 0.16506 21.6621 
