0 0 0 1 0.0645253 -0.269846 10.0235 
0 0 6.5 1 0.0255598 0.410148 9.03675 
10 0 0 1 -0.243788 -0.0933767 18.5311 
10 0 6.5 1 -0.281198 0.2668 17.5444 
10 10 0 1 0.170679 -0.017069 23.5626 
10 10 6.5 1 0.159721 0.266169 22.5759 
0 10 0 1 0.610167 -0.0914392 15.055 
0 10 6.5 1 0.623407 0.357868 14.0683 
0 5 10 1 0.388046 0.709784 11.0212 
10 5 10 1 -0.0454549 0.450468 19.5288 
0 6 0 1 0.44243 -0.146284 13.0424 
0 8 0 1 0.532306 -0.116897 14.0487 
0 8 5 1 0.538641 0.247518 13.2897 
0 6 5 1 0.44373 0.24617 12.2834 
0 2 2.5 1 0.206071 0.00250565 10.6503 
0 4 2.5 1 0.334795 0.0250778 11.6566 
0 4 5 1 0.331881 0.244582 11.2771 
0 2 5 1 0.198115 0.242682 10.2708 
0.5 0.5 -0.5 1 0.0786442 -0.286075 10.7763 
0.5 0.5 6 1 0.0440983 0.33999 9.78961 
10.5 0.5 -0.5 1 -0.223861 -0.109335 19.2839 
10.5 0.5 6 1 -0.258658 0.235161 18.2972 
10.5 10.5 -0.5 1 0.17365 -0.0320878 24.3155 
10.5 10.5 6 1 0.163171 0.241375 23.3287 
0.5 10.5 -0.5 1 0.593805 -0.110999 15.8079 
0.5 10.5 6 1 0.605284 0.314183 14.8211 
0.5 5.5 9.5 1 0.380282 0.632291 11.7741 
10.5 5.5 9.5 1 -0.0338706 0.415107 20.2817 
0.5 6.5 -0.5 1 0.432836 -0.165704 13.7952 
0.5 8.5 -0.5 1 0.518792 -0.136492 14.8016 
0.5 8.5 4.5 1 0.524057 0.207327 14.0425 
0.5 6.5 4.5 1 0.433502 0.202955 13.0362 
0.5 2.5 2 1 0.210068 -0.030812 11.4031 
0.5 4.5 2 1 0.330659 -0.00690742 12.4094 
0.5 4.5 4.5 1 0.327797 0.197851 12.0299 
0.5 2.5 4.5 1 0.202793 0.191815 11.0236 
