0 0 0 1 0.0693202 -0.368482 23.9296 
0 0 6.5 1 0.0893216 -0.0965593 24.6351 
10 0 0 1 0.522844 -0.508769 17.049 
10 0 6.5 1 0.532575 -0.125892 17.7545 
10 10 0 1 0.210913 -0.740645 9.87406 
10 10 6.5 1 0.248045 -0.0826419 10.5796 
0 10 0 1 -0.308727 -0.445058 16.7546 
0 10 6.5 1 -0.265231 -0.0582994 17.4601 
0 5 10 1 -0.0431037 0.0825457 21.4275 
10 5 10 1 0.435251 0.13146 14.5469 
0 6 0 1 -0.124336 -0.407708 19.6246 
0 8 0 1 -0.209258 -0.42491 18.1896 
0 8 5 1 -0.180953 -0.148192 18.7323 
0 6 5 1 -0.10033 -0.151143 20.1673 
0 2 2.5 1 0.0219998 -0.266581 22.7659 
0 4 2.5 1 -0.0405719 -0.271755 21.3309 
0 4 5 1 -0.0304186 -0.153702 21.6023 
0 2 5 1 0.0307836 -0.155942 23.0373 
0.5 0.5 -0.5 1 0.0707013 -0.398648 23.1725 
0.5 0.5 6 1 0.091296 -0.117213 23.878 
10.5 0.5 -0.5 1 0.545882 -0.558194 16.292 
10.5 0.5 6 1 0.55509 -0.156213 16.9975 
10.5 10.5 -0.5 1 0.226181 -0.848222 9.11701 
10.5 10.5 6 1 0.265078 -0.131778 9.82253 
0.5 10.5 -0.5 1 -0.324617 -0.492378 15.9976 
0.5 10.5 6 1 -0.278478 -0.0860913 16.7031 
0.5 5.5 9.5 1 -0.045673 0.0652464 20.6704 
10.5 5.5 9.5 1 0.45766 0.108215 13.7899 
0.5 6.5 -0.5 1 -0.13041 -0.446332 18.8675 
0.5 8.5 -0.5 1 -0.21952 -0.46746 17.4325 
0.5 8.5 4.5 1 -0.189714 -0.177803 17.9752 
0.5 6.5 4.5 1 -0.105299 -0.178679 19.4102 
0.5 2.5 2 1 0.0218262 -0.294837 22.0089 
0.5 4.5 2 1 -0.04306 -0.302173 20.5739 
0.5 4.5 4.5 1 -0.0325057 -0.179436 20.8452 
0.5 2.5 4.5 1 0.0309105 -0.180094 22.2802 
