0 0 0 1 -0.706135 -0.487057 12.0189 
0 0 6.5 1 -0.625769 0.0465156 12.6691 
10 0 0 1 -0.242914 -0.331347 21.3805 
10 0 6.5 1 -0.21037 -0.0291035 22.0307 
10 10 0 1 0.233717 -0.419766 18.0101 
10 10 6.5 1 0.25553 -0.059851 18.6604 
0 10 0 1 0.105908 -0.731866 8.64851 
0 10 6.5 1 0.158619 0.0122212 9.29874 
0 5 10 1 -0.258114 0.337116 11.334 
10 5 10 1 0.0177743 0.125166 20.6957 
0 6 0 1 -0.284616 -0.614133 9.99666 
0 8 0 1 -0.103473 -0.668743 9.32258 
0 8 5 1 -0.0544269 -0.130118 9.82276 
0 6 5 1 -0.230088 -0.112699 10.4968 
0 2 2.5 1 -0.551222 -0.299344 11.5949 
0 4 2.5 1 -0.413044 -0.326532 10.9208 
0 4 5 1 -0.384551 -0.0973821 11.1709 
0 2 5 1 -0.521432 -0.0838087 11.845 
0.5 0.5 -0.5 1 -0.643533 -0.524502 12.2684 
0.5 0.5 6 1 -0.56787 0.000648186 12.9187 
10.5 0.5 -0.5 1 -0.212751 -0.354382 21.63 
10.5 0.5 6 1 -0.181452 -0.0548517 22.2803 
10.5 10.5 -0.5 1 0.262934 -0.445844 18.2597 
10.5 10.5 6 1 0.283455 -0.0897826 18.9099 
0.5 10.5 -0.5 1 0.169448 -0.776629 8.89805 
0.5 10.5 6 1 0.216454 -0.0489403 9.54828 
0.5 5.5 9.5 1 -0.201463 0.279702 11.5836 
10.5 5.5 9.5 1 0.0458177 0.0959391 20.9452 
0.5 6.5 -0.5 1 -0.219926 -0.655874 10.2462 
0.5 8.5 -0.5 1 -0.0389489 -0.712 9.57213 
0.5 8.5 4.5 1 0.00567766 -0.184571 10.0723 
0.5 6.5 4.5 1 -0.169675 -0.164141 10.7464 
0.5 2.5 2 1 -0.489644 -0.342085 11.8444 
0.5 4.5 2 1 -0.350837 -0.371244 11.1704 
0.5 4.5 4.5 1 -0.324328 -0.146122 11.4205 
0.5 2.5 4.5 1 -0.461742 -0.130113 12.0945 
