0 0 0 1 0.384643 -0.49507 11.0691 
0 0 6.5 1 0.315654 0.0810545 11.802 
10 0 0 1 -0.245744 -0.411585 16.4806 
10 0 6.5 1 -0.266206 -0.0201351 17.2135 
10 10 0 1 0.0586612 -0.293249 24.8139 
10 10 6.5 1 0.0361416 -0.0328845 25.5468 
0 10 0 1 0.503199 -0.307872 19.4024 
0 10 6.5 1 0.458447 0.0229996 20.1353 
0 5 10 1 0.37838 0.255188 16.3632 
10 5 10 1 -0.0971834 0.131919 21.7747 
0 6 0 1 0.470532 -0.359452 16.0691 
0 8 0 1 0.4884 -0.331239 17.7358 
0 8 5 1 0.450979 -0.0504692 18.2995 
0 6 5 1 0.429966 -0.0495923 16.6328 
0 2 2.5 1 0.395928 -0.238374 13.0176 
0 4 2.5 1 0.425977 -0.21804 14.6843 
0 4 5 1 0.404274 -0.0485202 14.9662 
0 2 5 1 0.372142 -0.0471794 13.2995 
0.5 0.5 -0.5 1 0.355428 -0.518372 11.7 
0.5 0.5 6 1 0.291662 0.0298923 12.4328 
10.5 0.5 -0.5 1 -0.242479 -0.430596 17.1115 
10.5 0.5 6 1 -0.262351 -0.0522044 17.8443 
10.5 10.5 -0.5 1 0.0533099 -0.308968 25.4448 
10.5 10.5 6 1 0.0314829 -0.0544376 26.1777 
0.5 10.5 -0.5 1 0.482403 -0.327376 20.0333 
0.5 10.5 6 1 0.439745 -0.00586782 20.7662 
0.5 5.5 9.5 1 0.358499 0.211294 16.9941 
10.5 5.5 9.5 1 -0.0988724 0.102097 22.4056 
0.5 6.5 -0.5 1 0.44682 -0.380901 16.7 
0.5 8.5 -0.5 1 0.466226 -0.35171 18.3666 
0.5 8.5 4.5 1 0.430712 -0.0796877 18.9304 
0.5 6.5 4.5 1 0.408511 -0.0816637 17.2637 
0.5 2.5 2 1 0.370362 -0.270215 13.6485 
0.5 4.5 2 1 0.401955 -0.247253 15.3152 
0.5 4.5 4.5 1 0.381565 -0.084062 15.597 
0.5 2.5 4.5 1 0.348171 -0.0870342 13.9304 
