0 0 0 1 0.321904 -0.544336 10.6143 
0 0 6.5 1 0.258788 0.0644183 10.7013 
10 0 0 1 -0.22429 -0.379764 17.3823 
10 0 6.5 1 -0.260232 -0.00767514 17.4693 
10 10 0 1 0.115029 -0.243508 24.7427 
10 10 6.5 1 0.0885514 0.0178031 24.8298 
0 10 0 1 0.565326 -0.289385 17.9747 
0 10 6.5 1 0.526757 0.0700645 18.0618 
0 5 10 1 0.401511 0.309092 14.4284 
10 5 10 1 -0.071818 0.171551 21.1964 
0 6 0 1 0.496566 -0.361402 15.0305 
0 8 0 1 0.534013 -0.322181 16.5026 
0 8 5 1 0.5018 -0.0206489 16.5696 
0 6 5 1 0.461378 -0.0302944 15.0975 
0 2 2.5 1 0.372673 -0.261981 12.1198 
0 4 2.5 1 0.431557 -0.225129 13.5919 
0 4 5 1 0.412222 -0.042024 13.6254 
0 2 5 1 0.351158 -0.0565952 12.1533 
0.5 0.5 -0.5 1 0.303876 -0.555734 11.314 
0.5 0.5 6 1 0.24477 0.0157465 11.401 
10.5 0.5 -0.5 1 -0.214434 -0.393264 18.082 
10.5 0.5 6 1 -0.249039 -0.0354401 18.1691 
10.5 10.5 -0.5 1 0.112701 -0.25685 25.4424 
10.5 10.5 6 1 0.0869574 -0.00265529 25.5295 
0.5 10.5 -0.5 1 0.545283 -0.305843 18.6744 
0.5 10.5 6 1 0.508245 0.0402768 18.7615 
0.5 5.5 9.5 1 0.384345 0.261094 15.1281 
10.5 5.5 9.5 1 -0.0685517 0.142784 21.8962 
0.5 6.5 -0.5 1 0.47583 -0.377737 15.7302 
0.5 8.5 -0.5 1 0.513528 -0.338714 17.2023 
0.5 8.5 4.5 1 0.482699 -0.0493349 17.2693 
0.5 6.5 4.5 1 0.442288 -0.0612262 15.7972 
0.5 2.5 2 1 0.35399 -0.287451 12.8196 
0.5 4.5 2 1 0.411916 -0.24978 14.2916 
0.5 4.5 4.5 1 0.393571 -0.0755615 14.3251 
0.5 2.5 4.5 1 0.333695 -0.0931806 12.853 
