0 0 0 1 0.100835 -0.412359 23.1615 
0 0 6.5 1 0.114536 -0.130029 24.1273 
10 0 0 1 0.572176 -0.563975 15.7437 
10 0 6.5 1 0.564715 -0.147547 16.7095 
10 10 0 1 0.172654 -0.803911 9.20395 
10 10 6.5 1 0.198338 -0.0969121 10.1698 
0 10 0 1 -0.305836 -0.485566 16.6218 
0 10 6.5 1 -0.264709 -0.0942363 17.5876 
0 5 10 1 -0.033476 0.0494043 21.3775 
10 5 10 1 0.42673 0.123782 13.9597 
0 6 0 1 -0.109989 -0.45031 19.2377 
0 8 0 1 -0.200769 -0.466652 17.9297 
0 8 5 1 -0.175151 -0.183874 18.6727 
0 6 5 1 -0.0894234 -0.186651 19.9806 
0 2 2.5 1 0.0457271 -0.305426 22.225 
0 4 2.5 1 -0.0223513 -0.310375 20.9171 
0 4 5 1 -0.0142295 -0.189086 21.2886 
0 2 5 1 0.0522596 -0.191239 22.5965 
0.5 0.5 -0.5 1 0.101176 -0.44381 22.3893 
0.5 0.5 6 1 0.115316 -0.150846 23.3552 
10.5 0.5 -0.5 1 0.596996 -0.618829 14.9715 
10.5 0.5 6 1 0.587669 -0.178901 15.9373 
10.5 10.5 -0.5 1 0.180135 -0.923284 8.43178 
10.5 10.5 6 1 0.207161 -0.145925 9.3976 
0.5 10.5 -0.5 1 -0.325168 -0.533561 15.8496 
0.5 10.5 6 1 -0.281041 -0.121505 16.8154 
0.5 5.5 9.5 1 -0.0381393 0.0325339 20.6054 
10.5 5.5 9.5 1 0.44639 0.101777 13.1875 
0.5 6.5 -0.5 1 -0.118392 -0.490032 18.4655 
0.5 8.5 -0.5 1 -0.213899 -0.510138 17.1576 
0.5 8.5 4.5 1 -0.186631 -0.213357 17.9005 
0.5 6.5 4.5 1 -0.0966749 -0.214237 19.2084 
0.5 2.5 2 1 0.0440988 -0.334402 21.4529 
0.5 4.5 2 1 -0.0266948 -0.341421 20.1449 
0.5 4.5 4.5 1 -0.0181887 -0.215006 20.5164 
0.5 2.5 4.5 1 0.0508902 -0.215682 21.8243 
