0 0 0 1 -0.261314 -0.373488 10.2315 
0 0 6.5 1 -0.279205 0.284475 8.9837 
10 0 0 1 -0.248053 -0.0957157 19.7862 
10 0 6.5 1 -0.25583 0.241829 18.5384 
10 10 0 1 0.219538 -0.0775384 22.0273 
10 10 6.5 1 0.240678 0.224693 20.7795 
0 10 0 1 0.566861 -0.291475 12.4726 
0 10 6.5 1 0.644603 0.244237 11.2248 
0 5 10 1 0.260026 0.644834 9.43239 
10 5 10 1 0.0114958 0.421856 18.9871 
0 6 0 1 0.274071 -0.320469 11.5762 
0 8 0 1 0.425923 -0.305432 12.0244 
0 8 5 1 0.474365 0.111413 11.0646 
0 6 5 1 0.310829 0.112615 10.6163 
0 2 2.5 1 -0.0648315 -0.130539 10.1998 
0 4 2.5 1 0.120915 -0.121553 10.648 
0 4 5 1 0.132876 0.113923 10.1681 
0 2 5 1 -0.0614901 0.115352 9.71988 
0.5 0.5 -0.5 1 -0.211672 -0.38528 10.9172 
0.5 0.5 6 1 -0.221888 0.224497 9.66948 
10.5 0.5 -0.5 1 -0.222024 -0.111309 20.4719 
10.5 0.5 6 1 -0.227835 0.213182 19.2242 
10.5 10.5 -0.5 1 0.228881 -0.0921421 22.7131 
10.5 10.5 6 1 0.249888 0.199584 21.4653 
0.5 10.5 -0.5 1 0.564886 -0.305533 13.1584 
0.5 10.5 6 1 0.637946 0.197862 11.9106 
0.5 5.5 9.5 1 0.278254 0.563093 10.1182 
10.5 5.5 9.5 1 0.0295344 0.387587 19.6729 
0.5 6.5 -0.5 1 0.288327 -0.333934 12.2619 
0.5 8.5 -0.5 1 0.431483 -0.319232 12.7102 
0.5 8.5 4.5 1 0.477552 0.072157 11.7503 
0.5 6.5 4.5 1 0.324066 0.0717293 11.3021 
0.5 2.5 2 1 -0.0274228 -0.157671 10.8856 
0.5 4.5 2 1 0.145605 -0.148156 11.3338 
0.5 4.5 4.5 1 0.157902 0.0712662 10.8539 
0.5 2.5 4.5 1 -0.0225763 0.0707632 10.4056 
