0 0 0 1 -0.612411 -0.49628 15.358 
0 0 6.5 1 -0.568415 -0.0751414 16.6445 
10 0 0 1 -0.128602 -0.397343 22.8448 
10 0 6.5 1 -0.124048 -0.112139 24.1313 
10 10 0 1 0.283851 -0.468168 16.5179 
10 10 6.5 1 0.26022 -0.0764975 17.8044 
0 10 0 1 -0.196975 -0.695131 9.03109 
0 10 6.5 1 -0.177799 0.00905052 10.3176 
0 5 10 1 -0.400574 0.201215 14.1738 
10 5 10 1 0.0364667 0.0644765 21.6606 
0 6 0 1 -0.41771 -0.589475 11.5619 
0 8 0 1 -0.320906 -0.635811 10.2965 
0 8 5 1 -0.296555 -0.145817 11.2861 
0 6 5 1 -0.388181 -0.152533 12.5515 
0 2 2.5 1 -0.541664 -0.336084 14.5874 
0 4 2.5 1 -0.478619 -0.347828 13.322 
0 4 5 1 -0.463025 -0.15802 13.8168 
0 2 5 1 -0.52531 -0.162585 15.0822 
0.5 0.5 -0.5 1 -0.567762 -0.529967 15.317 
0.5 0.5 6 1 -0.527117 -0.105179 16.6035 
10.5 0.5 -0.5 1 -0.0977424 -0.419792 22.8039 
10.5 0.5 6 1 -0.0948292 -0.132904 24.0904 
10.5 10.5 -0.5 1 0.327585 -0.499413 16.477 
10.5 10.5 6 1 0.300732 -0.104577 17.7635 
0.5 10.5 -0.5 1 -0.11901 -0.753432 8.99013 
0.5 10.5 6 1 -0.109519 -0.0391447 10.2766 
0.5 5.5 9.5 1 -0.351569 0.166727 14.1328 
10.5 5.5 9.5 1 0.0693289 0.0416726 21.6197 
0.5 6.5 -0.5 1 -0.357657 -0.634593 11.5209 
0.5 8.5 -0.5 1 -0.253056 -0.686681 10.2555 
0.5 8.5 4.5 1 -0.234587 -0.190426 11.2451 
0.5 6.5 4.5 1 -0.332782 -0.192652 12.5105 
0.5 2.5 2 1 -0.494451 -0.371104 14.5465 
0.5 4.5 2 1 -0.426712 -0.386222 13.2811 
0.5 4.5 4.5 1 -0.412937 -0.194469 13.7759 
0.5 2.5 4.5 1 -0.479606 -0.195981 15.0413 
