0 0 0 1 -0.325953 -0.220146 22.7897 
0 0 6.5 1 -0.358127 0.0642366 22.5105 
10 0 0 1 0.0750369 -0.151699 26.0753 
10 0 6.5 1 0.0513016 0.0972024 25.7961 
10 10 0 1 0.316651 -0.242703 16.6403 
10 10 6.5 1 0.283351 0.148182 16.3611 
0 10 0 1 -0.308196 -0.381897 13.3546 
0 10 6.5 1 -0.363205 0.104238 13.0754 
0 5 10 1 -0.382387 0.276863 17.6426 
10 5 10 1 0.126082 0.284115 20.9282 
0 6 0 1 -0.317646 -0.295813 17.1287 
0 8 0 1 -0.313506 -0.333526 15.2417 
0 8 5 1 -0.350402 -0.00744707 15.0269 
0 6 5 1 -0.350478 -0.00563436 16.9139 
0 2 2.5 1 -0.337068 -0.122522 20.7953 
0 4 2.5 1 -0.335668 -0.135627 18.9083 
0 4 5 1 -0.35054 -0.00418553 18.8009 
0 2 5 1 -0.35059 -0.003001 20.6879 
0.5 0.5 -0.5 1 -0.299719 -0.242862 22.5037 
0.5 0.5 6 1 -0.331977 0.0448946 22.2245 
10.5 0.5 -0.5 1 0.102376 -0.170762 25.7893 
10.5 0.5 6 1 0.0786735 0.0807212 25.5101 
10.5 10.5 -0.5 1 0.363987 -0.274356 16.3543 
10.5 10.5 6 1 0.330917 0.122934 16.0751 
0.5 10.5 -0.5 1 -0.262633 -0.424553 13.0686 
0.5 10.5 6 1 -0.317878 0.0715217 12.7894 
0.5 5.5 9.5 1 -0.349303 0.2556 17.3566 
10.5 5.5 9.5 1 0.160945 0.266337 20.6423 
0.5 6.5 -0.5 1 -0.282453 -0.327449 16.8427 
0.5 8.5 -0.5 1 -0.273794 -0.369875 14.9557 
0.5 8.5 4.5 1 -0.310827 -0.0379993 14.7409 
0.5 6.5 4.5 1 -0.315396 -0.0326882 16.6279 
0.5 2.5 2 1 -0.308437 -0.146085 20.5093 
0.5 4.5 2 1 -0.304115 -0.16178 18.6223 
0.5 4.5 4.5 1 -0.319034 -0.0284597 18.5149 
0.5 2.5 4.5 1 -0.321998 -0.0250134 20.4019 
