0 0 0 1 0.257918 -0.0378419 17.9057 
0 0 6.5 1 0.277143 0.342643 16.6147 
10 0 0 1 -0.252089 -0.175692 11.4242 
10 0 6.5 1 -0.285548 0.430602 10.1331 
10 10 0 1 -0.505781 -0.0283009 18.7757 
10 10 6.5 1 -0.543905 0.333957 17.4846 
0 10 0 1 -0.0791162 0.0316023 25.2572 
0 10 6.5 1 -0.0839448 0.299116 23.9662 
0 5 10 1 0.0657858 0.503237 19.5952 
10 5 10 1 -0.473478 0.650579 13.1137 
0 6 0 1 0.0290516 0.0093149 22.3166 
0 8 0 1 -0.0283753 0.0211474 23.7869 
0 8 5 1 -0.0300699 0.237056 22.7938 
0 6 5 1 0.0299147 0.239559 21.3235 
0 2 2.5 1 0.174247 0.109524 18.8795 
0 4 2.5 1 0.0966303 0.116115 20.3498 
0 4 5 1 0.0987841 0.242434 19.8532 
0 2 5 1 0.17867 0.245768 18.3829 
0.5 0.5 -0.5 1 0.216834 -0.0642884 18.0485 
0.5 0.5 6 1 0.232729 0.310916 16.7575 
10.5 0.5 -0.5 1 -0.309899 -0.215256 11.567 
10.5 0.5 6 1 -0.350156 0.377641 10.2759 
10.5 10.5 -0.5 1 -0.539212 -0.0536034 18.9185 
10.5 10.5 6 1 -0.579475 0.303867 17.6274 
0.5 10.5 -0.5 1 -0.106415 0.0124197 25.4 
0.5 10.5 6 1 -0.112677 0.277322 24.109 
0.5 5.5 9.5 1 0.0296079 0.475139 19.738 
10.5 5.5 9.5 1 -0.521535 0.607156 13.2565 
0.5 6.5 -0.5 1 -0.00250904 -0.0122376 22.4594 
0.5 8.5 -0.5 1 -0.057654 0.000848552 23.9297 
0.5 8.5 4.5 1 -0.0606058 0.214534 22.9366 
0.5 6.5 4.5 1 -0.00311177 0.215478 21.4663 
0.5 2.5 2 1 0.135894 0.0833248 19.0223 
0.5 4.5 2 1 0.0615696 0.0917494 20.4926 
0.5 4.5 4.5 1 0.0628373 0.216561 19.996 
0.5 2.5 4.5 1 0.139255 0.217817 18.5257 
