0 0 0 1 0.135351 -0.418426 22.5341 
0 0 6.5 1 0.140782 -0.128278 23.6913 
10 0 0 1 0.619787 -0.564909 14.6342 
10 0 6.5 1 0.592436 -0.118874 15.7914 
10 10 0 1 0.125153 -0.781148 8.76718 
10 10 6.5 1 0.139308 -0.0462161 9.92437 
0 10 0 1 -0.295362 -0.480608 16.6671 
0 10 6.5 1 -0.26018 -0.0909178 17.8243 
0 5 10 1 -0.023267 0.0519554 21.3809 
10 5 10 1 0.409658 0.168588 13.481 
0 6 0 1 -0.0911806 -0.45113 19.0139 
0 8 0 1 -0.186557 -0.4649 17.8405 
0 8 5 1 -0.165974 -0.18039 18.7307 
0 6 5 1 -0.0760763 -0.184009 19.9041 
0 2 2.5 1 0.0717778 -0.306687 21.8058 
0 4 2.5 1 -0.00142473 -0.310378 20.6324 
0 4 5 1 0.00381169 -0.187225 21.0775 
0 2 5 1 0.0752739 -0.190102 22.2509 
0.5 0.5 -0.5 1 0.13469 -0.450038 21.7567 
0.5 0.5 6 1 0.14034 -0.14845 22.9139 
10.5 0.5 -0.5 1 0.645927 -0.622761 13.8568 
10.5 0.5 6 1 0.615145 -0.149173 15.014 
10.5 10.5 -0.5 1 0.122362 -0.90252 7.98981 
10.5 10.5 6 1 0.138074 -0.0897745 9.14701 
0.5 10.5 -0.5 1 -0.317338 -0.526934 15.8897 
0.5 10.5 6 1 -0.279059 -0.116329 17.0469 
0.5 5.5 9.5 1 -0.029949 0.0363215 20.6035 
10.5 5.5 9.5 1 0.425313 0.150369 12.7036 
0.5 6.5 -0.5 1 -0.101625 -0.490238 18.2365 
0.5 8.5 -0.5 1 -0.202064 -0.507324 17.0631 
0.5 8.5 4.5 1 -0.179821 -0.208392 17.9533 
0.5 6.5 4.5 1 -0.0854205 -0.21044 19.1267 
0.5 2.5 2 1 0.0687444 -0.335263 21.0284 
0.5 4.5 2 1 -0.00750345 -0.340788 19.855 
0.5 4.5 4.5 1 -0.00193323 -0.212252 20.3001 
0.5 2.5 4.5 1 0.0724299 -0.213865 21.4735 
