0 0 0 1 -0.566459 -0.28565 10.76 
0 0 6.5 1 -0.528475 0.326566 10.3654 
10 0 0 1 -0.251351 -0.123199 20.7066 
10 0 6.5 1 -0.225847 0.192377 20.312 
10 10 0 1 0.237039 -0.178628 19.8714 
10 10 6.5 1 0.273531 0.149357 19.4768 
0 10 0 1 0.384875 -0.410299 9.92481 
0 10 6.5 1 0.465574 0.250408 9.53025 
0 5 10 1 -0.0193181 0.653639 9.73538 
10 5 10 1 0.0356879 0.349863 19.6819 
0 6 0 1 -0.0142464 -0.358004 10.2589 
0 8 0 1 0.182011 -0.383719 10.0918 
0 8 5 1 0.23616 0.111941 9.78834 
0 6 5 1 0.0330108 0.130123 9.95537 
0 2 2.5 1 -0.371099 -0.0755877 10.4412 
0 4 2.5 1 -0.184126 -0.0962547 10.2742 
0 4 5 1 -0.163434 0.147705 10.1224 
0 2 5 1 -0.353501 0.164717 10.2894 
0.5 0.5 -0.5 1 -0.498164 -0.319601 11.2459 
0.5 0.5 6 1 -0.459397 0.263966 10.8514 
10.5 0.5 -0.5 1 -0.222335 -0.144941 21.1925 
10.5 0.5 6 1 -0.196876 0.16285 20.7979 
10.5 10.5 -0.5 1 0.255588 -0.199938 20.3573 
10.5 10.5 6 1 0.291558 0.119642 19.9627 
0.5 10.5 -0.5 1 0.414246 -0.441156 10.4107 
0.5 10.5 6 1 0.492187 0.186282 10.0162 
0.5 5.5 9.5 1 0.0298124 0.571631 10.2213 
10.5 5.5 9.5 1 0.0592625 0.315619 20.1679 
0.5 6.5 -0.5 1 0.032261 -0.390266 10.7448 
0.5 8.5 -0.5 1 0.220237 -0.415309 10.5778 
0.5 8.5 4.5 1 0.272955 0.0559749 10.2743 
0.5 6.5 4.5 1 0.0786708 0.0742064 10.4413 
0.5 2.5 2 1 -0.309499 -0.119871 10.9271 
0.5 4.5 2 1 -0.130013 -0.140292 10.7601 
0.5 4.5 4.5 1 -0.109495 0.0918638 10.6083 
0.5 2.5 4.5 1 -0.291826 0.108974 10.7754 
