0 0 0 1 0.366497 -0.683274 12.768 
0 0 6.5 1 0.349233 -0.167498 13.9907 
10 0 0 1 -0.359967 -0.605211 14.4056 
10 0 6.5 1 -0.318586 -0.14959 15.6284 
10 10 0 1 -0.148571 -0.441111 24.0896 
10 10 6.5 1 -0.133233 -0.167728 25.3123 
0 10 0 1 0.279975 -0.473534 22.452 
0 10 6.5 1 0.274241 -0.179565 23.6747 
0 5 10 1 0.297599 0.00710306 19.4911 
10 5 10 1 -0.192367 0.00681582 21.1287 
0 6 0 1 0.30376 -0.531191 18.5784 
0 8 0 1 0.290744 -0.499641 20.5152 
0 8 5 1 0.285405 -0.24898 21.4557 
0 6 5 1 0.297264 -0.254138 19.5189 
0 2 2.5 1 0.334773 -0.438318 15.175 
0 4 2.5 1 0.315659 -0.411004 17.1118 
0 4 5 1 0.311735 -0.260432 17.5821 
0 2 5 1 0.329789 -0.268285 15.6453 
0.5 0.5 -0.5 1 0.321043 -0.703168 13.24 
0.5 0.5 6 1 0.308185 -0.202544 14.4627 
10.5 0.5 -0.5 1 -0.377369 -0.625393 14.8777 
10.5 0.5 6 1 -0.33588 -0.181596 16.1004 
10.5 10.5 -0.5 1 -0.163174 -0.456489 24.5617 
10.5 10.5 6 1 -0.147424 -0.187381 25.7844 
0.5 10.5 -0.5 1 0.255504 -0.489343 22.924 
0.5 10.5 6 1 0.251121 -0.20032 24.1467 
0.5 5.5 9.5 1 0.269082 -0.0224153 19.9631 
10.5 5.5 9.5 1 -0.208015 -0.0204584 21.6008 
0.5 6.5 -0.5 1 0.273724 -0.548786 19.0504 
0.5 8.5 -0.5 1 0.263773 -0.516321 20.9872 
0.5 8.5 4.5 1 0.259706 -0.270341 21.9277 
0.5 6.5 4.5 1 0.268794 -0.277447 19.9909 
0.5 2.5 2 1 0.297268 -0.462541 15.6471 
0.5 4.5 2 1 0.282798 -0.433293 17.5839 
0.5 4.5 4.5 1 0.279833 -0.286077 18.0541 
0.5 2.5 4.5 1 0.293524 -0.296781 16.1173 
