0 0 0 1 -0.0670503 -0.0365809 26.3316 
0 0 6.5 1 -0.0530867 0.214927 25.3515 
10 0 0 1 0.330557 -0.0880447 23.2767 
10 0 6.5 1 0.363911 0.19566 22.2967 
10 10 0 1 0.325554 -0.236291 13.8749 
10 10 6.5 1 0.382847 0.243 12.8948 
0 10 0 1 -0.291958 -0.129497 16.9298 
0 10 6.5 1 -0.283584 0.264558 15.9497 
0 5 10 1 -0.134596 0.411809 20.1228 
10 5 10 1 0.395557 0.421877 17.068 
0 6 0 1 -0.177467 -0.0821975 20.6905 
0 8 0 1 -0.22899 -0.103483 18.8101 
0 8 5 1 -0.220671 0.165358 18.0562 
0 6 5 1 -0.167984 0.162093 19.9366 
0 2 2.5 1 -0.0930272 0.0522168 24.0743 
0 4 2.5 1 -0.129541 0.0455647 22.1939 
0 4 5 1 -0.12438 0.15939 21.8169 
0 2 5 1 -0.0876949 0.157116 23.6973 
0.5 0.5 -0.5 1 -0.057543 -0.0609764 25.7841 
0.5 0.5 6 1 -0.0428956 0.195119 24.8041 
10.5 0.5 -0.5 1 0.350918 -0.116959 22.7293 
10.5 0.5 6 1 0.386029 0.172584 21.7492 
10.5 10.5 -0.5 1 0.360074 -0.291692 13.3275 
10.5 10.5 6 1 0.422647 0.204452 12.3474 
0.5 10.5 -0.5 1 -0.284511 -0.170998 16.3823 
0.5 10.5 6 1 -0.275365 0.234422 15.4022 
0.5 5.5 9.5 1 -0.123962 0.392215 19.5754 
10.5 5.5 9.5 1 0.425725 0.398994 16.5206 
0.5 6.5 -0.5 1 -0.168298 -0.114665 20.143 
0.5 8.5 -0.5 1 -0.220422 -0.139931 18.2627 
0.5 8.5 4.5 1 -0.211473 0.135747 17.5088 
0.5 6.5 4.5 1 -0.158191 0.13526 19.3891 
0.5 2.5 2 1 -0.0832122 0.0275469 23.5268 
0.5 4.5 2 1 -0.119796 0.0185834 21.6465 
0.5 4.5 4.5 1 -0.11433 0.13486 21.2695 
0.5 2.5 4.5 1 -0.077594 0.134525 23.1499 
