0 0 0 1 0.402686 -0.600627 11.9602 
0 0 6.5 1 0.354415 -0.0611853 13.2252 
10 0 0 1 -0.303756 -0.527766 15.1858 
10 0 6.5 1 -0.28824 -0.0996986 16.4507 
10 10 0 1 -0.0526726 -0.400241 24.449 
10 10 6.5 1 -0.0550984 -0.132655 25.714 
0 10 0 1 0.383593 -0.421919 21.2235 
0 10 6.5 1 0.356279 -0.114733 22.4884 
0 5 10 1 0.338776 0.0937378 18.5379 
10 5 10 1 -0.14468 0.0416649 21.7635 
0 6 0 1 0.388807 -0.470723 17.5181 
0 8 0 1 0.385951 -0.443987 19.3708 
0 8 5 1 0.362612 -0.181725 20.3439 
0 6 5 1 0.36298 -0.180777 18.4912 
0 2 2.5 1 0.379847 -0.355687 14.2994 
0 4 2.5 1 0.377449 -0.336818 16.152 
0 4 5 1 0.36343 -0.179619 16.6385 
0 2 5 1 0.363993 -0.17817 14.7859 
0.5 0.5 -0.5 1 0.362041 -0.624957 12.4873 
0.5 0.5 6 1 0.319359 -0.103955 13.7523 
10.5 0.5 -0.5 1 -0.312357 -0.549547 15.7129 
10.5 0.5 6 1 -0.296683 -0.133147 16.9779 
10.5 10.5 -0.5 1 -0.0633832 -0.416635 24.9762 
10.5 10.5 6 1 -0.065244 -0.153634 26.2411 
0.5 10.5 -0.5 1 0.360721 -0.440219 21.7506 
0.5 10.5 6 1 0.33529 -0.139062 23.0156 
0.5 5.5 9.5 1 0.313921 0.058603 19.0651 
10.5 5.5 9.5 1 -0.154505 0.0128458 22.2907 
0.5 6.5 -0.5 1 0.361086 -0.491354 18.0453 
0.5 8.5 -0.5 1 0.360886 -0.463406 19.8979 
0.5 8.5 4.5 1 0.339306 -0.206862 20.871 
0.5 6.5 4.5 1 0.337394 -0.20839 19.0183 
0.5 2.5 2 1 0.346427 -0.384887 14.8265 
0.5 4.5 2 1 0.347817 -0.363371 16.6792 
0.5 4.5 4.5 1 0.335068 -0.210247 17.1657 
0.5 2.5 4.5 1 0.33218 -0.212553 15.313 
