0 0 0 1 -0.170974 -0.0192182 25.8801 
0 0 6.5 1 -0.18301 0.238819 24.5981 
10 0 0 1 0.219261 -0.0189266 25.367 
10 0 6.5 1 0.22774 0.244623 24.085 
10 10 0 1 0.324996 -0.157666 15.5769 
10 10 6.5 1 0.348765 0.273938 14.2948 
0 10 0 1 -0.306053 -0.153711 16.09 
0 10 6.5 1 -0.337743 0.26328 14.8079 
0 5 10 1 -0.252089 0.437474 19.0127 
10 5 10 1 0.280759 0.450541 18.4996 
0 6 0 1 -0.236157 -0.0841184 20.006 
0 8 0 1 -0.267314 -0.11514 18.048 
0 8 5 1 -0.286231 0.165479 17.0618 
0 6 5 1 -0.251511 0.169221 19.0198 
0 2 2.5 1 -0.194388 0.0665062 23.429 
0 4 2.5 1 -0.216768 0.0541664 21.471 
0 4 5 1 -0.223273 0.172263 20.9779 
0 2 5 1 -0.199856 0.174787 22.9359 
0.5 0.5 -0.5 1 -0.15491 -0.0426272 25.4636 
0.5 0.5 6 1 -0.166302 0.218614 24.1815 
10.5 0.5 -0.5 1 0.24217 -0.0428121 24.9505 
10.5 0.5 6 1 0.25204 0.224082 23.6684 
10.5 10.5 -0.5 1 0.365605 -0.200789 15.1603 
10.5 10.5 6 1 0.393839 0.239786 13.8783 
0.5 10.5 -0.5 1 -0.283544 -0.195317 15.6734 
0.5 10.5 6 1 -0.314146 0.230038 14.3914 
0.5 5.5 9.5 1 -0.231909 0.41565 18.5961 
10.5 5.5 9.5 1 0.313786 0.428398 18.083 
0.5 6.5 -0.5 1 -0.216662 -0.115927 19.5895 
0.5 8.5 -0.5 1 -0.246389 -0.151213 17.6315 
0.5 8.5 4.5 1 -0.26454 0.134291 16.6453 
0.5 6.5 4.5 1 -0.231326 0.141398 18.6033 
0.5 2.5 2 1 -0.177036 0.0421555 23.0124 
0.5 4.5 2 1 -0.198245 0.027307 21.0544 
0.5 4.5 4.5 1 -0.204438 0.147152 20.5613 
0.5 2.5 4.5 1 -0.182225 0.151906 22.5193 
