0 0 0 1 -0.0120706 -0.235903 9.89975 
0 0 6.5 1 -0.0468426 0.463571 8.7475 
10 0 0 1 -0.247579 -0.0508126 18.715 
10 0 6.5 1 -0.280349 0.309719 17.5627 
10 10 0 1 0.185295 0.010518 23.091 
10 10 6.5 1 0.181796 0.302357 21.9388 
0 10 0 1 0.615908 -0.0799641 14.2758 
0 10 6.5 1 0.647867 0.399962 13.1235 
0 5 10 1 0.377116 0.784581 10.3151 
10 5 10 1 -0.0326155 0.495416 19.1303 
0 6 0 1 0.417372 -0.129264 12.5254 
0 8 0 1 0.523123 -0.103004 13.4006 
0 8 5 1 0.542333 0.282512 12.5142 
0 6 5 1 0.429973 0.283242 11.639 
0 2 2.5 1 0.150146 0.0349658 10.3318 
0 4 2.5 1 0.297465 0.0535402 11.207 
0 4 5 1 0.299341 0.28409 10.7638 
0 2 5 1 0.145586 0.285089 9.88862 
0.5 0.5 -0.5 1 0.011527 -0.253386 10.648 
0.5 0.5 6 1 -0.0176418 0.388853 9.4957 
10.5 0.5 -0.5 1 -0.225616 -0.0674925 19.4632 
10.5 0.5 6 1 -0.255665 0.277258 18.3109 
10.5 10.5 -0.5 1 0.189641 -0.00502495 23.8392 
10.5 10.5 6 1 0.186478 0.2764 22.6869 
0.5 10.5 -0.5 1 0.601359 -0.100121 15.024 
0.5 10.5 6 1 0.630386 0.352245 13.8717 
0.5 5.5 9.5 1 0.373508 0.69874 11.0633 
10.5 5.5 9.5 1 -0.0192021 0.458525 19.8785 
0.5 6.5 -0.5 1 0.412096 -0.1493 13.2736 
0.5 8.5 -0.5 1 0.512581 -0.123189 14.1488 
0.5 8.5 4.5 1 0.530002 0.239229 13.2624 
0.5 6.5 4.5 1 0.423558 0.236857 12.3872 
0.5 2.5 2 1 0.16187 -0.000126568 11.08 
0.5 4.5 2 1 0.299111 0.0198544 11.9552 
0.5 4.5 4.5 1 0.300928 0.234123 11.512 
0.5 2.5 4.5 1 0.158118 0.23094 10.6368 
