0 0 0 1 0.301149 -0.412493 14.9437 
0 0 6.5 1 0.32666 0.0182238 15.5368 
10 0 0 1 -0.38184 -0.366652 14.214 
10 0 6.5 1 -0.327711 0.0834512 14.8072 
10 10 0 1 -0.258354 -0.25069 24.1456 
10 10 6.5 1 -0.228916 0.0159357 24.7387 
0 10 0 1 0.148327 -0.28163 24.8752 
0 10 6.5 1 0.167449 -0.0219218 25.4683 
0 5 10 1 0.23915 0.160121 20.822 
10 5 10 1 -0.246271 0.213343 20.0924 
0 6 0 1 0.192029 -0.319053 20.9026 
0 8 0 1 0.168281 -0.298718 22.8889 
0 8 5 1 0.183939 -0.0804388 23.3452 
0 6 5 1 0.208635 -0.0800402 21.3589 
0 2 2.5 1 0.265723 -0.224542 17.1581 
0 4 2.5 1 0.229685 -0.210035 19.1444 
0 4 5 1 0.238396 -0.0795598 19.3726 
0 2 5 1 0.274956 -0.0789696 17.3863 
0.5 0.5 -0.5 1 0.255182 -0.433291 15.3581 
0.5 0.5 6 1 0.28174 -0.0129927 15.9513 
10.5 0.5 -0.5 1 -0.410749 -0.389786 14.6285 
10.5 0.5 6 1 -0.356967 0.0489624 15.2217 
10.5 10.5 -0.5 1 -0.277657 -0.266427 24.56 
10.5 10.5 6 1 -0.248249 -0.00382303 25.1532 
0.5 10.5 -0.5 1 0.122916 -0.296406 25.2896 
0.5 10.5 6 1 0.142315 -0.0405173 25.8828 
0.5 5.5 9.5 1 0.207117 0.133904 21.2365 
10.5 5.5 9.5 1 -0.269633 0.185118 20.5069 
0.5 6.5 -0.5 1 0.161033 -0.335854 21.317 
0.5 8.5 -0.5 1 0.14035 -0.314449 23.3033 
0.5 8.5 4.5 1 0.156271 -0.0996753 23.7596 
0.5 6.5 4.5 1 0.177973 -0.101039 21.7733 
0.5 2.5 2 1 0.226384 -0.247152 17.5726 
0.5 4.5 2 1 0.195104 -0.230657 19.5589 
0.5 4.5 4.5 1 0.204032 -0.102677 19.787 
0.5 2.5 4.5 1 0.235906 -0.10468 17.8007 
