0 0 0 1 -0.387174 -0.394191 10.4025 
0 0 6.5 1 -0.390179 0.246214 9.35574 
10 0 0 1 -0.251452 -0.12056 20.2065 
10 0 6.5 1 -0.245505 0.207099 19.1598 
10 10 0 1 0.227095 -0.132858 21.341 
10 10 6.5 1 0.257392 0.175851 20.2943 
0 10 0 1 0.51139 -0.390034 11.5369 
0 10 6.5 1 0.598369 0.181531 10.4902 
0 5 10 1 0.162017 0.593231 9.35935 
10 5 10 1 0.0241584 0.376588 19.1634 
0 6 0 1 0.174038 -0.391594 11.0831 
0 8 0 1 0.346098 -0.390798 11.31 
0 8 5 1 0.400243 0.0481944 10.5048 
0 6 5 1 0.215899 0.0570269 10.278 
0 2 2.5 1 -0.185496 -0.167922 10.2268 
0 4 2.5 1 0.00846233 -0.171915 10.4537 
0 4 5 1 0.0232333 0.0662582 10.0511 
0 2 5 1 -0.178332 0.0759158 9.82418 
0.5 0.5 -0.5 1 -0.327553 -0.410694 11.0299 
0.5 0.5 6 1 -0.324118 0.187732 9.98318 
10.5 0.5 -0.5 1 -0.223975 -0.137537 20.834 
10.5 0.5 6 1 -0.216763 0.178833 19.7873 
10.5 10.5 -0.5 1 0.239486 -0.148608 21.9684 
10.5 10.5 6 1 0.269494 0.150055 20.9217 
0.5 10.5 -0.5 1 0.519103 -0.405212 12.1643 
0.5 10.5 6 1 0.601899 0.132666 11.1176 
0.5 5.5 9.5 1 0.193362 0.512967 9.98679 
10.5 5.5 9.5 1 0.0443461 0.342954 19.7909 
0.5 6.5 -0.5 1 0.200125 -0.407277 11.7106 
0.5 8.5 -0.5 1 0.362645 -0.406225 11.9375 
0.5 8.5 4.5 1 0.414935 0.00690923 11.1323 
0.5 6.5 4.5 1 0.241503 0.0143746 10.9054 
0.5 2.5 2 1 -0.136568 -0.197772 10.8542 
0.5 4.5 2 1 0.0454062 -0.200928 11.0811 
0.5 4.5 4.5 1 0.0607021 0.0221572 10.6785 
0.5 2.5 4.5 1 -0.127949 0.0302777 10.4516 
