0 0 0 1 0.396532 -0.64884 12.1434 
0 0 6.5 1 0.356682 -0.112297 13.4339 
10 0 0 1 -0.321666 -0.569219 14.8776 
10 0 6.5 1 -0.297453 -0.129764 16.1681 
10 10 0 1 -0.0818825 -0.426719 24.2894 
10 10 6.5 1 -0.0786752 -0.156146 25.5799 
0 10 0 1 0.353139 -0.4535 21.5553 
0 10 6.5 1 0.332157 -0.149032 22.8458 
0 5 10 1 0.327974 0.0516938 18.8347 
10 5 10 1 -0.158729 0.0178118 21.5689 
0 6 0 1 0.364986 -0.506834 17.7905 
0 8 0 1 0.358496 -0.477615 19.6729 
0 8 5 1 0.340396 -0.217543 20.6656 
0 6 5 1 0.34473 -0.219154 18.7832 
0 2 2.5 1 0.369472 -0.399952 14.5221 
0 4 2.5 1 0.361173 -0.377177 16.4045 
0 4 5 1 0.350029 -0.221124 16.9009 
0 2 5 1 0.356657 -0.223588 15.0185 
0.5 0.5 -0.5 1 0.353862 -0.671343 12.6515 
0.5 0.5 6 1 0.319414 -0.152268 13.9419 
10.5 0.5 -0.5 1 -0.333039 -0.590352 15.3856 
10.5 0.5 6 1 -0.308683 -0.16265 16.6761 
10.5 10.5 -0.5 1 -0.0938511 -0.442751 24.7975 
10.5 10.5 6 1 -0.0901142 -0.176654 26.0879 
0.5 10.5 -0.5 1 0.32967 -0.470901 22.0633 
0.5 10.5 6 1 0.310442 -0.172095 23.3538 
0.5 5.5 9.5 1 0.301865 0.0185761 19.3427 
10.5 5.5 9.5 1 -0.170404 -0.0104246 22.0769 
0.5 6.5 -0.5 1 0.33636 -0.526335 18.2986 
0.5 8.5 -0.5 1 0.332703 -0.496033 20.1809 
0.5 8.5 4.5 1 0.316247 -0.241337 21.1736 
0.5 6.5 4.5 1 0.31811 -0.245227 19.2913 
0.5 2.5 2 1 0.33447 -0.427306 15.0302 
0.5 4.5 2 1 0.330316 -0.40217 16.9125 
0.5 4.5 4.5 1 0.320377 -0.249959 17.4089 
0.5 2.5 4.5 1 0.323192 -0.255838 15.5265 
