0 0 0 1 -0.0789652 -0.0357487 26.3774 
0 0 6.5 1 -0.0677158 0.215638 25.3184 
10 0 0 1 0.316535 -0.0824751 23.6248 
10 0 6.5 1 0.347718 0.197383 22.5657 
10 10 0 1 0.325288 -0.236758 14.1501 
10 10 6.5 1 0.379747 0.233166 13.0911 
0 10 0 1 -0.29333 -0.138714 16.9028 
0 10 6.5 1 -0.289682 0.25612 15.8438 
0 5 10 1 -0.147603 0.410092 20.0108 
10 5 10 1 0.38285 0.417239 17.2582 
0 6 0 1 -0.184028 -0.0862132 20.6926 
0 8 0 1 -0.23317 -0.109817 18.7977 
0 8 5 1 -0.227972 0.159079 17.9831 
0 6 5 1 -0.177311 0.158017 19.878 
0 2 2.5 1 -0.104515 0.0514732 24.0752 
0 4 2.5 1 -0.13937 0.0432315 22.1802 
0 4 5 1 -0.135469 0.157141 21.7729 
0 2 5 1 -0.100327 0.156404 23.6678 
0.5 0.5 -0.5 1 -0.0687474 -0.0601924 25.8475 
0.5 0.5 6 1 -0.056821 0.195524 24.7885 
10.5 0.5 -0.5 1 0.337045 -0.110904 23.0949 
10.5 0.5 6 1 0.369963 0.174318 22.0358 
10.5 10.5 -0.5 1 0.360406 -0.290965 13.6202 
10.5 10.5 6 1 0.420123 0.194212 12.5612 
0.5 10.5 -0.5 1 -0.284137 -0.180635 16.3729 
0.5 10.5 6 1 -0.279727 0.224962 15.3139 
0.5 5.5 9.5 1 -0.135913 0.389787 19.4809 
10.5 5.5 9.5 1 0.413267 0.393819 16.7283 
0.5 6.5 -0.5 1 -0.17369 -0.118875 20.1627 
0.5 8.5 -0.5 1 -0.223185 -0.146552 18.2678 
0.5 8.5 4.5 1 -0.217364 0.128794 17.4532 
0.5 6.5 4.5 1 -0.166355 0.130669 19.3481 
0.5 2.5 2 1 -0.0938737 0.0266024 23.5453 
0.5 4.5 2 1 -0.12865 0.0159823 21.6503 
0.5 4.5 4.5 1 -0.124446 0.13221 21.243 
0.5 2.5 4.5 1 -0.0894017 0.133499 23.1379 
