0 0 0 1 0.299495 -0.399969 15.0318 
0 0 6.5 1 0.326362 0.0280759 15.5863 
10 0 0 1 -0.381453 -0.355076 14.1978 
10 0 6.5 1 -0.327474 0.0954801 14.7523 
10 10 0 1 -0.262211 -0.240909 24.1264 
10 10 6.5 1 -0.232625 0.0258329 24.6808 
0 10 0 1 0.14389 -0.271759 24.9604 
0 10 6.5 1 0.163684 -0.0130657 25.5149 
0 5 10 1 0.23725 0.169077 20.8491 
10 5 10 1 -0.248376 0.224633 20.0151 
0 6 0 1 0.188466 -0.308488 20.989 
0 8 0 1 0.164252 -0.288536 22.9747 
0 8 5 1 0.180482 -0.0712615 23.4012 
0 6 5 1 0.205719 -0.070669 21.4155 
0 2 2.5 1 0.26376 -0.213904 17.2308 
0 4 2.5 1 0.22703 -0.199825 19.2165 
0 4 5 1 0.236115 -0.0699554 19.4298 
0 2 5 1 0.27343 -0.0690793 17.444 
0.5 0.5 -0.5 1 0.253534 -0.420775 15.4439 
0.5 0.5 6 1 0.281302 -0.00303434 15.9983 
10.5 0.5 -0.5 1 -0.410831 -0.378336 14.6099 
10.5 0.5 6 1 -0.357244 0.0608272 15.1643 
10.5 10.5 -0.5 1 -0.281704 -0.256675 24.5385 
10.5 10.5 6 1 -0.252174 0.00603493 25.0929 
0.5 10.5 -0.5 1 0.118442 -0.286506 25.3725 
0.5 10.5 6 1 0.138465 -0.0316086 25.9269 
0.5 5.5 9.5 1 0.205072 0.142935 21.2612 
10.5 5.5 9.5 1 -0.272072 0.196303 20.4272 
0.5 6.5 -0.5 1 0.157437 -0.325264 21.401 
0.5 8.5 -0.5 1 0.136284 -0.304239 23.3868 
0.5 8.5 4.5 1 0.152734 -0.0904432 23.8133 
0.5 6.5 4.5 1 0.17497 -0.0916069 21.8275 
0.5 2.5 2 1 0.224363 -0.236463 17.6429 
0.5 4.5 2 1 0.192389 -0.220397 19.6286 
0.5 4.5 4.5 1 0.201657 -0.0930035 19.8418 
0.5 2.5 4.5 1 0.23428 -0.0947107 17.8561 
