0 0 0 1 -0.721046 -0.566236 12.4135 
0 0 6.5 1 -0.637648 -0.0456476 13.3045 
10 0 0 1 -0.23226 -0.399438 21.4628 
10 0 6.5 1 -0.202106 -0.0962419 22.3538 
10 10 0 1 0.239012 -0.497869 17.4338 
10 10 6.5 1 0.252882 -0.123225 18.3248 
0 10 0 1 0.023984 -0.851051 8.38458 
0 10 6.5 1 0.0720407 -0.0769791 9.27558 
0 5 10 1 -0.310639 0.237654 11.7698 
10 5 10 1 0.0148719 0.0601903 20.8191 
0 6 0 1 -0.346096 -0.709574 9.99616 
0 8 0 1 -0.17728 -0.77411 9.19037 
0 8 5 1 -0.128592 -0.220197 9.87576 
0 6 5 1 -0.290249 -0.201588 10.6815 
0 2 2.5 1 -0.580791 -0.383288 11.9504 
0 4 2.5 1 -0.458547 -0.412916 11.1446 
0 4 5 1 -0.429227 -0.185589 11.4873 
0 2 5 1 -0.549985 -0.171688 12.2931 
0.5 0.5 -0.5 1 -0.661383 -0.603803 12.596 
0.5 0.5 6 1 -0.583054 -0.0877757 13.487 
10.5 0.5 -0.5 1 -0.201661 -0.422705 21.6452 
10.5 0.5 6 1 -0.17296 -0.121044 22.5362 
10.5 10.5 -0.5 1 0.271728 -0.525438 17.6163 
10.5 10.5 6 1 0.283886 -0.153161 18.5073 
0.5 10.5 -0.5 1 0.0958375 -0.900218 8.56705 
0.5 10.5 6 1 0.136198 -0.136449 9.45805 
0.5 5.5 9.5 1 -0.254028 0.185792 11.9523 
10.5 5.5 9.5 1 0.0442619 0.0322163 21.0015 
0.5 6.5 -0.5 1 -0.278985 -0.753493 10.1786 
0.5 8.5 -0.5 1 -0.107686 -0.820548 9.37285 
0.5 8.5 4.5 1 -0.0646233 -0.273519 10.0582 
0.5 6.5 4.5 1 -0.22831 -0.251268 10.864 
0.5 2.5 2 1 -0.52096 -0.42504 12.1329 
0.5 4.5 2 1 -0.396428 -0.457161 11.3271 
0.5 4.5 4.5 1 -0.369391 -0.232089 11.6698 
0.5 2.5 4.5 1 -0.492248 -0.215388 12.4756 
