0 0 0 1 0.0108295 -0.153624 25.6209 
0 0 6.5 1 0.0362151 0.0992369 25.5018 
10 0 0 1 0.428685 -0.239629 20.3522 
10 0 6.5 1 0.46314 0.0785709 20.2331 
10 10 0 1 0.292352 -0.380274 11.8547 
10 10 6.5 1 0.350372 0.166899 11.7356 
0 10 0 1 -0.290916 -0.208315 17.1234 
0 10 6.5 1 -0.254958 0.170525 17.0043 
0 5 10 1 -0.0640912 0.292476 21.1889 
10 5 10 1 0.445294 0.330163 15.9203 
0 6 0 1 -0.140232 -0.181004 20.5224 
0 8 0 1 -0.208772 -0.193426 18.8229 
0 8 5 1 -0.18326 0.0711937 18.7313 
0 6 5 1 -0.116535 0.0616601 20.4308 
0 2 2.5 1 -0.0220238 -0.0575905 23.8756 
0 4 2.5 1 -0.0711405 -0.0586767 22.1761 
0 4 5 1 -0.0600589 0.0535906 22.1303 
0 2 5 1 -0.0116381 0.0466722 23.8298 
0.5 0.5 -0.5 1 0.0155232 -0.178898 24.9417 
0.5 0.5 6 1 0.0416259 0.08076 24.8227 
10.5 0.5 -0.5 1 0.449061 -0.27464 19.6731 
10.5 0.5 6 1 0.484837 0.0543977 19.554 
10.5 10.5 -0.5 1 0.319936 -0.450454 11.1756 
10.5 10.5 6 1 0.381817 0.129574 11.0565 
0.5 10.5 -0.5 1 -0.296259 -0.248908 16.4442 
0.5 10.5 6 1 -0.258844 0.145396 16.3252 
0.5 5.5 9.5 1 -0.060864 0.276513 20.5098 
10.5 5.5 9.5 1 0.472335 0.31036 15.2411 
0.5 6.5 -0.5 1 -0.139503 -0.213709 19.8432 
0.5 8.5 -0.5 1 -0.210539 -0.22966 18.1437 
0.5 8.5 4.5 1 -0.184077 0.044732 18.0521 
0.5 6.5 4.5 1 -0.114988 0.0371474 19.7516 
0.5 2.5 2 1 -0.0179387 -0.0819544 23.1964 
0.5 4.5 2 1 -0.0682842 -0.0850011 21.4969 
0.5 4.5 4.5 1 -0.0568458 0.0307645 21.4511 
0.5 2.5 4.5 1 -0.00724037 0.0253188 23.1506 
