0 0 0 1 -0.212632 -0.0107046 25.2496 
0 0 6.5 1 -0.233904 0.254112 24.0697 
10 0 0 1 0.179683 0.00833203 25.6614 
10 0 6.5 1 0.177677 0.269611 24.4815 
10 10 0 1 0.322262 -0.0998514 15.8362 
10 10 6.5 1 0.33039 0.327874 14.6562 
0 10 0 1 -0.316148 -0.133902 15.4244 
0 10 6.5 1 -0.360667 0.303368 14.2445 
0 5 10 1 -0.298263 0.467442 18.5217 
10 5 10 1 0.23532 0.482843 18.9335 
0 6 0 1 -0.26213 -0.0696135 19.3545 
0 8 0 1 -0.286087 -0.0981256 17.3894 
0 8 5 1 -0.314028 0.194547 16.4818 
0 6 5 1 -0.285916 0.193285 18.4468 
0 2 2.5 1 -0.235244 0.0800284 22.8308 
0 4 2.5 1 -0.252678 0.0703592 20.8657 
0 4 5 1 -0.263216 0.192266 20.4119 
0 2 5 1 -0.244503 0.191426 22.3769 
0.5 0.5 -0.5 1 -0.194018 -0.033258 24.8697 
0.5 0.5 6 1 -0.214704 0.234682 23.6898 
10.5 0.5 -0.5 1 0.203888 -0.013568 25.2815 
10.5 0.5 6 1 0.203036 0.250758 24.1016 
10.5 10.5 -0.5 1 0.365359 -0.138332 15.4563 
10.5 10.5 6 1 0.377266 0.297596 14.2763 
0.5 10.5 -0.5 1 -0.287992 -0.174296 15.0445 
0.5 10.5 6 1 -0.331335 0.271518 13.8645 
0.5 5.5 9.5 1 -0.27454 0.446537 18.1418 
10.5 5.5 9.5 1 0.269443 0.462718 18.5536 
0.5 6.5 -0.5 1 -0.238724 -0.100353 18.9746 
0.5 8.5 -0.5 1 -0.260512 -0.133054 17.0095 
0.5 8.5 4.5 1 -0.287671 0.164555 16.1019 
0.5 6.5 4.5 1 -0.261834 0.166529 18.0669 
0.5 2.5 2 1 -0.215008 0.0565804 22.4508 
0.5 4.5 2 1 -0.230824 0.0444827 20.4858 
0.5 4.5 4.5 1 -0.241067 0.168115 20.032 
0.5 2.5 4.5 1 -0.224009 0.169418 21.997 
