0 0 0 1 -0.157892 -0.300826 10.0143 
0 0 6.5 1 -0.184007 0.384924 8.72384 
10 0 0 1 -0.247521 -0.0592142 19.3033 
10 0 6.5 1 -0.266589 0.290212 18.0128 
10 10 0 1 0.209422 -0.0211318 22.4295 
10 10 6.5 1 0.221068 0.278943 21.139 
0 10 0 1 0.60074 -0.178342 13.1405 
0 10 6.5 1 0.664128 0.339836 11.85 
0 5 10 1 0.325204 0.742576 9.59209 
10 5 10 1 -0.00409922 0.476264 18.8811 
0 6 0 1 0.345158 -0.219607 11.89 
0 8 0 1 0.479333 -0.197944 12.5152 
0 8 5 1 0.51902 0.210294 11.5226 
0 6 5 1 0.3749 0.21008 10.8974 
0 2 2.5 1 0.03003 -0.0422475 10.1432 
0 4 2.5 1 0.204267 -0.0273683 10.7684 
0 4 5 1 0.213236 0.209841 10.2721 
0 2 5 1 0.0306154 0.20957 9.64687 
0.5 0.5 -0.5 1 -0.117884 -0.314475 10.7343 
0.5 0.5 6 1 -0.136541 0.317127 9.44386 
10.5 0.5 -0.5 1 -0.22285 -0.0752195 20.0233 
10.5 0.5 6 1 -0.239486 0.259674 18.7329 
10.5 10.5 -0.5 1 0.216549 -0.0361602 23.1495 
10.5 10.5 6 1 0.228232 0.253144 21.8591 
0.5 10.5 -0.5 1 0.592315 -0.195275 13.8605 
0.5 10.5 6 1 0.651207 0.291483 12.5701 
0.5 5.5 9.5 1 0.333119 0.655514 10.3121 
10.5 5.5 9.5 1 0.0121613 0.440244 19.6011 
0.5 6.5 -0.5 1 0.350491 -0.235863 12.61 
0.5 8.5 -0.5 1 0.477115 -0.21461 13.2353 
0.5 8.5 4.5 1 0.514288 0.168266 12.2426 
0.5 6.5 4.5 1 0.378845 0.165803 11.6174 
0.5 2.5 2 1 0.0571076 -0.0728734 10.8632 
0.5 4.5 2 1 0.218951 -0.05726 11.4885 
0.5 4.5 4.5 1 0.227995 0.163061 10.9921 
0.5 2.5 4.5 1 0.0589486 0.159988 10.3669 
