0 0 0 1 -0.714764 -0.524996 12.1792 
0 0 6.5 1 -0.632425 0.00311751 12.9378 
10 0 0 1 -0.239291 -0.36304 21.4134 
10 0 6.5 1 -0.207513 -0.0604164 22.172 
10 10 0 1 0.235283 -0.456092 17.7573 
10 10 6.5 1 0.25389 -0.0899018 18.516 
0 10 0 1 0.0700195 -0.788339 8.52309 
0 10 6.5 1 0.120647 -0.0306764 9.28175 
0 5 10 1 -0.282121 0.290187 11.5183 
10 5 10 1 0.0159813 0.09457 20.7525 
0 6 0 1 -0.312855 -0.659861 9.98552 
0 8 0 1 -0.136544 -0.719024 9.25431 
0 8 5 1 -0.0875479 -0.173266 9.83789 
0 6 5 1 -0.257514 -0.155127 10.5691 
0 2 2.5 1 -0.565912 -0.339384 11.7397 
0 4 2.5 1 -0.434505 -0.367832 11.0085 
0 4 5 1 -0.405484 -0.139336 11.3003 
0 2 5 1 -0.535468 -0.125464 12.0315 
0.5 0.5 -0.5 1 -0.653346 -0.56245 12.3997 
0.5 0.5 6 1 -0.575928 -0.0410282 13.1584 
10.5 0.5 -0.5 1 -0.208935 -0.386157 21.6339 
10.5 0.5 6 1 -0.178499 -0.0857316 22.3926 
10.5 10.5 -0.5 1 0.265989 -0.48277 17.9779 
10.5 10.5 6 1 0.283134 -0.11981 18.7365 
0.5 10.5 -0.5 1 0.137324 -0.83481 8.74364 
0.5 10.5 6 1 0.181403 -0.0910231 9.5023 
0.5 5.5 9.5 1 -0.225374 0.235309 11.7388 
10.5 5.5 9.5 1 0.0446086 0.0659115 20.9731 
0.5 6.5 -0.5 1 -0.246921 -0.70245 10.2061 
0.5 8.5 -0.5 1 -0.0696256 -0.763523 9.47486 
0.5 8.5 4.5 1 -0.0255863 -0.227149 10.0584 
0.5 6.5 4.5 1 -0.196277 -0.20573 10.7897 
0.5 2.5 2 1 -0.504982 -0.381636 11.9603 
0.5 4.5 2 1 -0.372188 -0.412277 11.2291 
0.5 4.5 4.5 1 -0.345301 -0.187029 11.5209 
0.5 2.5 4.5 1 -0.476537 -0.170561 12.2521 
