0 0 0 1 0.261379 -0.126529 18.4854 
0 0 6.5 1 0.249031 0.232213 17.5716 
10 0 0 1 -0.0752409 -0.376109 10.3554 
10 0 6.5 1 -0.130804 0.267386 9.44152 
10 10 0 1 -0.563987 -0.229674 16.0056 
10 10 6.5 1 -0.628342 0.181768 15.0918 
0 10 0 1 -0.141538 -0.0878479 24.1357 
0 10 6.5 1 -0.166738 0.185128 23.2219 
0 5 10 1 0.000326412 0.384142 19.9047 
10 5 10 1 -0.47597 0.517249 11.7746 
0 6 0 1 -0.00534785 -0.100922 21.8756 
0 8 0 1 -0.0767878 -0.094064 23.0056 
0 8 5 1 -0.0949303 0.124375 22.3027 
0 6 5 1 -0.0220868 0.128948 21.1726 
0 2 2.5 1 0.156085 0.00901949 19.264 
0 4 2.5 1 0.0665514 0.0106641 20.394 
0 4 5 1 0.0589709 0.134037 20.0426 
0 2 5 1 0.149715 0.139733 18.9125 
0.5 0.5 -0.5 1 0.226449 -0.157315 18.4317 
0.5 0.5 6 1 0.21224 0.20092 17.5179 
10.5 0.5 -0.5 1 -0.139493 -0.432492 10.3017 
10.5 0.5 6 1 -0.201629 0.209195 9.38783 
10.5 10.5 -0.5 1 -0.607126 -0.265593 15.9519 
10.5 10.5 6 1 -0.674332 0.145135 15.0381 
0.5 10.5 -0.5 1 -0.169171 -0.111325 24.082 
0.5 10.5 6 1 -0.195519 0.161358 23.1682 
0.5 5.5 9.5 1 -0.0328131 0.356938 19.851 
10.5 5.5 9.5 1 -0.534278 0.471786 11.7209 
0.5 6.5 -0.5 1 -0.0355082 -0.126863 21.8219 
0.5 8.5 -0.5 1 -0.10563 -0.118711 22.9519 
0.5 8.5 4.5 1 -0.124728 0.0994767 22.249 
0.5 6.5 4.5 1 -0.0532936 0.102729 21.1189 
0.5 2.5 2 1 0.122275 -0.02014 19.2103 
0.5 4.5 2 1 0.034384 -0.016871 20.3404 
0.5 4.5 4.5 1 0.0262175 0.106349 19.9889 
0.5 2.5 4.5 1 0.115258 0.110402 18.8588 
