0 0 0 1 -0.266192 -0.0502497 24.3292 
0 0 6.5 1 -0.296302 0.221785 23.4459 
10 0 0 1 0.128583 -0.0106088 25.9814 
10 0 6.5 1 0.114349 0.244913 25.0981 
10 10 0 1 0.314685 -0.0918984 16.2129 
10 10 6.5 1 0.302103 0.321765 15.3296 
0 10 0 1 -0.323822 -0.167358 14.5607 
0 10 6.5 1 -0.379157 0.291403 13.6774 
0 5 10 1 -0.34944 0.445152 18.0861 
10 5 10 1 0.177169 0.455863 19.7383 
0 6 0 1 -0.293454 -0.105648 18.4681 
0 8 0 1 -0.306842 -0.132853 16.5144 
0 8 5 1 -0.342879 0.173439 15.8349 
0 6 5 1 -0.325022 0.168043 17.7886 
0 2 2.5 1 -0.28613 0.0455981 22.0357 
0 4 2.5 1 -0.296426 0.0379408 20.082 
0 4 5 1 -0.3107 0.163715 19.7423 
0 2 5 1 -0.298957 0.160166 21.696 
0.5 0.5 -0.5 1 -0.244301 -0.072107 23.9913 
0.5 0.5 6 1 -0.274014 0.203069 23.108 
10.5 0.5 -0.5 1 0.154265 -0.0305355 25.6435 
10.5 0.5 6 1 0.140753 0.227762 24.7602 
10.5 10.5 -0.5 1 0.360131 -0.125817 15.875 
10.5 10.5 6 1 0.349942 0.295171 14.9917 
0.5 10.5 -0.5 1 -0.288265 -0.207009 14.2228 
0.5 10.5 6 1 -0.342648 0.260746 13.3395 
0.5 5.5 9.5 1 -0.321434 0.425037 17.7482 
10.5 5.5 9.5 1 0.211961 0.437648 19.4004 
0.5 6.5 -0.5 1 -0.264995 -0.135604 18.1302 
0.5 8.5 -0.5 1 -0.275225 -0.166995 16.1765 
0.5 8.5 4.5 1 -0.310662 0.144478 15.4971 
0.5 6.5 4.5 1 -0.296066 0.14222 17.4508 
0.5 2.5 2 1 -0.262236 0.0229231 21.6979 
0.5 4.5 2 1 -0.270344 0.012891 19.7442 
0.5 4.5 4.5 1 -0.284409 0.140416 19.4045 
0.5 2.5 4.5 1 -0.274885 0.138943 21.3582 
