0 0 0 1 0.257934 -0.0830033 17.8657 
0 0 6.5 1 0.285633 0.294637 16.6029 
10 0 0 1 -0.283202 -0.208611 11.9347 
10 0 6.5 1 -0.304142 0.364044 10.6719 
10 10 0 1 -0.475602 -0.0412887 19.7481 
10 10 6.5 1 -0.500835 0.300746 18.4853 
0 10 0 1 -0.05468 0.00745435 25.6791 
0 10 6.5 1 -0.0520134 0.268926 24.4163 
0 5 10 1 0.091198 0.462014 19.8296 
10 5 10 1 -0.444626 0.586732 13.8986 
0 6 0 1 0.0443736 -0.0212077 22.5537 
0 8 0 1 -0.00836243 -0.00594805 24.1164 
0 8 5 1 -0.00425454 0.205669 23.145 
0 6 5 1 0.0511525 0.205044 21.5823 
0 2 2.5 1 0.182514 0.0688276 18.9427 
0 4 2.5 1 0.109964 0.0799131 20.5053 
0 4 5 1 0.115209 0.204323 20.0196 
0 2 5 1 0.190113 0.203479 18.457 
0.5 0.5 -0.5 1 0.215863 -0.107432 18.0569 
0.5 0.5 6 1 0.240083 0.264071 16.7941 
10.5 0.5 -0.5 1 -0.337315 -0.243007 12.1259 
10.5 0.5 6 1 -0.364177 0.315567 10.8631 
10.5 10.5 -0.5 1 -0.506665 -0.0638116 19.9393 
10.5 10.5 6 1 -0.53374 0.273198 18.6765 
0.5 10.5 -0.5 1 -0.0817335 -0.0102653 25.8703 
0.5 10.5 6 1 -0.0804759 0.248265 24.6075 
0.5 5.5 9.5 1 0.0548468 0.434775 20.0208 
10.5 5.5 9.5 1 -0.489005 0.546334 14.0899 
0.5 6.5 -0.5 1 0.0127698 -0.0411212 22.745 
0.5 8.5 -0.5 1 -0.0375195 -0.0247014 24.3076 
0.5 8.5 4.5 1 -0.034659 0.1844 23.3363 
0.5 6.5 4.5 1 0.0180792 0.182255 21.7736 
0.5 2.5 2 1 0.143565 0.044256 19.1339 
0.5 4.5 2 1 0.0746262 0.0570943 20.6966 
0.5 4.5 4.5 1 0.0789727 0.179778 20.2109 
0.5 2.5 4.5 1 0.150072 0.176886 18.6482 
