0 0 0 1 0.317835 -0.525555 14.1743 
0 0 6.5 1 0.330895 -0.0681791 15.0493 
10 0 0 1 -0.382989 -0.471113 14.2778 
10 0 6.5 1 -0.329546 -0.0200048 15.1528 
10 10 0 1 -0.225884 -0.333937 24.1862 
10 10 6.5 1 -0.199056 -0.0659726 25.0613 
0 10 0 1 0.187272 -0.365391 24.0827 
0 10 6.5 1 0.199725 -0.0952119 24.9578 
0 5 10 1 0.255819 0.0858396 20.4747 
10 5 10 1 -0.230121 0.120538 20.5782 
0 6 0 1 0.224065 -0.410526 20.1193 
0 8 0 1 0.204019 -0.385935 22.101 
0 8 5 1 0.214022 -0.157571 22.7741 
0 6 5 1 0.234373 -0.159601 20.7924 
0 2 2.5 1 0.284288 -0.31826 16.4925 
0 4 2.5 1 0.253847 -0.298738 18.4742 
0 4 5 1 0.259011 -0.162058 18.8108 
0 2 5 1 0.289451 -0.165095 16.8291 
0.5 0.5 -0.5 1 0.271787 -0.545939 14.6075 
0.5 0.5 6 1 0.287085 -0.10021 15.4826 
10.5 0.5 -0.5 1 -0.408072 -0.492957 14.711 
10.5 0.5 6 1 -0.354705 -0.0531624 15.5861 
10.5 10.5 -0.5 1 -0.243637 -0.349404 24.6195 
10.5 10.5 6 1 -0.216655 -0.0854623 25.4945 
0.5 10.5 -0.5 1 0.162143 -0.380366 24.516 
0.5 10.5 6 1 0.17525 -0.114282 25.391 
0.5 5.5 9.5 1 0.224932 0.0589285 20.908 
10.5 5.5 9.5 1 -0.250834 0.0930441 21.0115 
0.5 6.5 -0.5 1 0.193314 -0.427438 20.5526 
0.5 8.5 -0.5 1 0.176358 -0.401832 22.5343 
0.5 8.5 4.5 1 0.186976 -0.177271 23.2074 
0.5 6.5 4.5 1 0.204386 -0.181099 21.2257 
0.5 2.5 2 1 0.245406 -0.341158 16.9258 
0.5 4.5 2 1 0.219738 -0.319684 18.9075 
0.5 4.5 4.5 1 0.225382 -0.185715 19.244 
0.5 2.5 4.5 1 0.251198 -0.191391 17.2624 
