0 0 0 1 -0.631358 -0.517071 14.9327 
0 0 6.5 1 -0.580612 -0.0832618 16.224 
10 0 0 1 -0.142322 -0.41064 22.6135 
10 0 6.5 1 -0.134297 -0.121965 23.9047 
10 10 0 1 0.279568 -0.487844 16.5258 
10 10 6.5 1 0.25976 -0.09494 17.817 
0 10 0 1 -0.179698 -0.734568 8.84505 
0 10 6.5 1 -0.156009 -0.0125136 10.1363 
0 5 10 1 -0.396114 0.193969 13.8754 
10 5 10 1 0.0330886 0.0522678 21.5562 
0 6 0 1 -0.418863 -0.619398 11.2801 
0 8 0 1 -0.313749 -0.670015 10.0626 
0 8 5 1 -0.285 -0.166585 11.0559 
0 6 5 1 -0.384459 -0.170005 12.2734 
0 2 2.5 1 -0.552857 -0.353671 14.2118 
0 4 2.5 1 -0.484013 -0.36797 12.9943 
0 4 5 1 -0.465965 -0.172808 13.4909 
0 2 5 1 -0.533978 -0.175147 14.7085 
0.5 0.5 -0.5 1 -0.585133 -0.551755 14.9131 
0.5 0.5 6 1 -0.538008 -0.114655 16.2043 
10.5 0.5 -0.5 1 -0.111386 -0.43344 22.5938 
10.5 0.5 6 1 -0.105026 -0.143295 23.8851 
10.5 10.5 -0.5 1 0.322417 -0.519145 16.5061 
10.5 10.5 6 1 0.299479 -0.123536 17.7974 
0.5 10.5 -0.5 1 -0.10058 -0.793661 8.82538 
0.5 10.5 6 1 -0.086944 -0.0626604 10.1166 
0.5 5.5 9.5 1 -0.346027 0.157648 13.8558 
10.5 5.5 9.5 1 0.0657044 0.0287709 21.5365 
0.5 6.5 -0.5 1 -0.357272 -0.665511 11.2605 
0.5 8.5 -0.5 1 -0.244486 -0.721818 10.0429 
0.5 8.5 4.5 1 -0.221919 -0.212829 11.0362 
0.5 6.5 4.5 1 -0.327805 -0.211659 12.2537 
0.5 2.5 2 1 -0.504175 -0.38989 14.1922 
0.5 4.5 2 1 -0.430659 -0.40761 12.9746 
0.5 4.5 4.5 1 -0.414552 -0.210701 13.4713 
0.5 2.5 4.5 1 -0.486917 -0.209902 14.6888 
