0 0 0 1 0.291956 -0.360366 18.7535 
0 0 6.5 1 0.256076 -0.0175091 19.7269 
10 0 0 1 0.498088 -0.598474 8.91013 
10 0 6.5 1 0.406172 0.109297 9.88354 
10 10 0 1 -0.557561 -0.622867 9.84047 
10 10 6.5 1 -0.546545 0.0262089 10.8139 
0 10 0 1 -0.226048 -0.383815 19.6838 
0 10 6.5 1 -0.235903 -0.055294 20.6572 
0 5 10 1 -0.0067026 0.130777 20.7162 
10 5 10 1 -0.108162 0.38029 10.8729 
0 6 0 1 -0.0248355 -0.374706 19.3117 
0 8 0 1 -0.126402 -0.379304 19.4978 
0 8 5 1 -0.137821 -0.121636 20.2465 
0 6 5 1 -0.040152 -0.11482 20.0605 
0 2 2.5 1 0.172276 -0.230458 19.314 
0 4 2.5 1 0.0688408 -0.236432 19.5 
0 4 5 1 0.0593462 -0.107877 19.8744 
0 2 5 1 0.160725 -0.100802 19.6883 
0.5 0.5 -0.5 1 0.272018 -0.395984 18.233 
0.5 0.5 6 1 0.236176 -0.0420301 19.2064 
10.5 0.5 -0.5 1 0.467545 -0.690656 8.38961 
10.5 0.5 6 1 0.373695 0.0660464 9.36301 
10.5 10.5 -0.5 1 -0.644014 -0.707209 9.31994 
10.5 10.5 6 1 -0.624266 -0.0173341 10.2933 
0.5 10.5 -0.5 1 -0.259089 -0.418341 19.1633 
0.5 10.5 6 1 -0.267601 -0.0796588 20.1367 
0.5 5.5 9.5 1 -0.032401 0.111279 20.1957 
10.5 5.5 9.5 1 -0.163397 0.354799 10.3523 
0.5 6.5 -0.5 1 -0.052957 -0.409664 18.7912 
0.5 8.5 -0.5 1 -0.157034 -0.414045 18.9772 
0.5 8.5 4.5 1 -0.167592 -0.148259 19.726 
0.5 6.5 4.5 1 -0.0676039 -0.141515 19.5399 
0.5 2.5 2 1 0.149618 -0.261416 18.7934 
0.5 4.5 2 1 0.0435675 -0.26725 18.9795 
0.5 4.5 4.5 1 0.0343064 -0.134641 19.3539 
0.5 2.5 4.5 1 0.138195 -0.127634 19.1678 
