0 0 0 1 -0.487944 -0.443515 18.1748 
0 0 6.5 1 -0.486853 -0.0860306 19.1191 
10 0 0 1 -0.038135 -0.346908 24.2389 
10 0 6.5 1 -0.0541728 -0.0791273 25.1832 
10 10 0 1 0.311296 -0.416792 16.4211 
10 10 6.5 1 0.269037 -0.0246589 17.3654 
0 10 0 1 -0.273448 -0.627236 10.3571 
0 10 6.5 1 -0.289523 -0.00711106 11.3014 
0 5 10 1 -0.415235 0.164909 15.7187 
10 5 10 1 0.0650506 0.103032 21.7828 
0 6 0 1 -0.389093 -0.528184 13.4842 
0 8 0 1 -0.338854 -0.571214 11.9206 
0 8 5 1 -0.346148 -0.148167 12.647 
0 6 5 1 -0.393016 -0.153883 14.2106 
0 2 2.5 1 -0.461296 -0.311069 16.9745 
0 4 2.5 1 -0.429761 -0.322326 15.4109 
0 4 5 1 -0.430592 -0.158465 15.7741 
0 2 5 1 -0.461391 -0.162222 17.3377 
0.5 0.5 -0.5 1 -0.451606 -0.471482 18.0145 
0.5 0.5 6 1 -0.452315 -0.109582 18.9588 
10.5 0.5 -0.5 1 -0.00795334 -0.367188 24.0785 
10.5 0.5 6 1 -0.0252329 -0.0969267 25.0228 
10.5 10.5 -0.5 1 0.359433 -0.447511 16.2608 
10.5 10.5 6 1 0.314138 -0.0500385 17.2051 
0.5 10.5 -0.5 1 -0.205877 -0.679533 10.1968 
0.5 10.5 6 1 -0.227911 -0.0460522 11.1411 
0.5 5.5 9.5 1 -0.372411 0.138797 15.5584 
10.5 5.5 9.5 1 0.0994257 0.0837836 21.6224 
0.5 6.5 -0.5 1 -0.338772 -0.567015 13.3239 
0.5 8.5 -0.5 1 -0.281159 -0.615795 11.7603 
0.5 8.5 4.5 1 -0.291902 -0.184722 12.4867 
0.5 6.5 4.5 1 -0.345341 -0.186436 14.0503 
0.5 2.5 2 1 -0.42211 -0.33977 16.8142 
0.5 4.5 2 1 -0.386226 -0.354087 15.2506 
0.5 4.5 4.5 1 -0.388078 -0.187806 15.6138 
0.5 2.5 4.5 1 -0.423034 -0.188926 17.1773 
