0 0 0 1 0.282381 -0.298722 15.9482 
0 0 6.5 1 0.321954 0.106444 16.0018 
10 0 0 1 -0.37692 -0.271929 13.8689 
10 0 6.5 1 -0.328901 0.193646 13.9224 
10 10 0 1 -0.30886 -0.154085 23.6499 
10 10 6.5 1 -0.28081 0.119108 23.7035 
0 10 0 1 0.0943048 -0.180216 25.7293 
0 10 6.5 1 0.119255 0.0709981 25.7828 
0 5 10 1 0.213296 0.250911 20.9211 
10 5 10 1 -0.279619 0.331289 18.8418 
0 6 0 1 0.149299 -0.214867 21.8169 
0 8 0 1 0.119539 -0.196116 23.7731 
0 8 5 1 0.140275 0.0131273 23.8143 
0 6 5 1 0.171834 0.0131378 21.858 
0 2 2.5 1 0.241976 -0.125589 17.925 
0 4 2.5 1 0.197272 -0.111951 19.8812 
0 4 5 1 0.209597 0.0131505 19.9018 
0 2 5 1 0.255594 0.0131659 17.9456 
0.5 0.5 -0.5 1 0.236583 -0.318789 16.3292 
0.5 0.5 6 1 0.275385 0.0770201 16.3827 
10.5 0.5 -0.5 1 -0.411775 -0.295641 14.2498 
10.5 0.5 6 1 -0.364905 0.157622 14.3034 
10.5 10.5 -0.5 1 -0.330607 -0.170014 24.0309 
10.5 10.5 6 1 -0.302953 0.0988925 24.0845 
0.5 10.5 -0.5 1 0.068407 -0.194495 26.1103 
0.5 10.5 6 1 0.0930473 0.0530902 26.1638 
0.5 5.5 9.5 1 0.179425 0.225698 21.3021 
10.5 5.5 9.5 1 -0.307386 0.301756 19.2227 
0.5 6.5 -0.5 1 0.117892 -0.231069 22.1978 
0.5 8.5 -0.5 1 0.0911458 -0.211301 24.154 
0.5 8.5 4.5 1 0.111603 -0.00532645 24.1952 
0.5 6.5 4.5 1 0.1401 -0.00693931 22.239 
0.5 2.5 2 1 0.201964 -0.147092 18.306 
0.5 4.5 2 1 0.161963 -0.131635 20.2622 
0.5 4.5 4.5 1 0.174093 -0.00886329 20.2828 
0.5 2.5 4.5 1 0.215344 -0.011198 18.3266 
