0 0 0 1 0.271809 -0.399301 20.3361 
0 0 6.5 1 0.237822 -0.0799638 21.1712 
10 0 0 1 0.713729 -0.628955 10.6578 
10 0 6.5 1 0.619008 -0.0240134 11.4929 
10 10 0 1 -0.252552 -0.844023 8.49443 
10 10 6.5 1 -0.282738 -0.0795546 9.3296 
0 10 0 1 -0.232465 -0.472491 18.1727 
0 10 6.5 1 -0.248164 -0.113593 19.0079 
0 5 10 1 -0.00517357 0.0747251 20.5393 
10 5 10 1 0.181658 0.271775 10.861 
0 6 0 1 -0.017003 -0.441219 19.038 
0 8 0 1 -0.122229 -0.456491 18.6054 
0 8 5 1 -0.137834 -0.184391 19.2478 
0 6 5 1 -0.0356996 -0.1756 19.6805 
0 2 2.5 1 0.167503 -0.283883 20.2246 
0 4 2.5 1 0.0726188 -0.2948 19.7919 
0 4 5 1 0.0620403 -0.167186 20.1132 
0 2 5 1 0.155664 -0.159127 20.5458 
0.5 0.5 -0.5 1 0.263305 -0.435325 19.6797 
0.5 0.5 6 1 0.228577 -0.104305 20.5149 
10.5 0.5 -0.5 1 0.725996 -0.714909 10.0015 
10.5 0.5 6 1 0.624592 -0.0667048 10.8366 
10.5 10.5 -0.5 1 -0.317811 -0.971709 7.8381 
10.5 10.5 6 1 -0.343997 -0.137097 8.67327 
0.5 10.5 -0.5 1 -0.260914 -0.515706 17.5164 
0.5 10.5 6 1 -0.27588 -0.142006 18.3515 
0.5 5.5 9.5 1 -0.0227338 0.0547166 19.8829 
10.5 5.5 9.5 1 0.15946 0.245464 10.2047 
0.5 6.5 -0.5 1 -0.0364196 -0.481283 18.3817 
0.5 8.5 -0.5 1 -0.145961 -0.49808 17.949 
0.5 8.5 4.5 1 -0.161297 -0.214937 18.5915 
0.5 6.5 4.5 1 -0.0551056 -0.205147 19.0242 
0.5 2.5 2 1 0.155452 -0.316241 19.5683 
0.5 4.5 2 1 0.057041 -0.328264 19.1356 
0.5 4.5 4.5 1 0.0463628 -0.195793 19.4568 
0.5 2.5 4.5 1 0.143417 -0.186846 19.8895 
