0 0 0 1 0.218461 -0.451249 10.4163 
0 0 6.5 1 0.167933 0.17634 9.95102 
10 0 0 1 -0.227741 -0.262161 18.1015 
10 0 6.5 1 -0.268022 0.0969351 17.6363 
10 10 0 1 0.143358 -0.146075 24.4595 
10 10 6.5 1 0.120947 0.120119 23.9943 
0 10 0 1 0.590457 -0.210306 16.7743 
0 10 6.5 1 0.570239 0.179493 16.309 
0 5 10 1 0.400645 0.451639 12.8795 
10 5 10 1 -0.0601953 0.280659 20.5648 
0 6 0 1 0.481546 -0.280848 14.2311 
0 8 0 1 0.540468 -0.242684 15.5027 
0 8 5 1 0.522539 0.0794469 15.1448 
0 6 5 1 0.460453 0.0698244 13.8732 
0 2 2.5 1 0.310095 -0.172308 11.5089 
0 4 2.5 1 0.398626 -0.136814 12.7805 
0 4 5 1 0.385838 0.05826 12.6016 
0 2 5 1 0.294474 0.0440997 11.33 
0.5 0.5 -0.5 1 0.213694 -0.460858 11.1542 
0.5 0.5 6 1 0.166447 0.122986 10.689 
10.5 0.5 -0.5 1 -0.213086 -0.275257 18.8395 
10.5 0.5 6 1 -0.251377 0.0690859 18.3742 
10.5 10.5 -0.5 1 0.143447 -0.159266 25.1975 
10.5 10.5 6 1 0.121706 0.0987374 24.7323 
0.5 10.5 -0.5 1 0.571745 -0.226579 17.5122 
0.5 10.5 6 1 0.551892 0.145902 17.047 
0.5 5.5 9.5 1 0.386867 0.394839 13.6175 
10.5 5.5 9.5 1 -0.0530383 0.250274 21.3027 
0.5 6.5 -0.5 1 0.465024 -0.296408 14.969 
0.5 8.5 -0.5 1 0.522563 -0.25876 16.2406 
0.5 8.5 4.5 1 0.505063 0.0480416 15.8827 
0.5 6.5 4.5 1 0.444592 0.0361719 14.6111 
0.5 2.5 2 1 0.300232 -0.197867 12.2469 
0.5 4.5 2 1 0.384858 -0.161907 13.5185 
0.5 4.5 4.5 1 0.372592 0.0220392 13.3395 
0.5 2.5 4.5 1 0.285419 0.00492821 12.0679 
