0 0 0 1 -0.626586 -0.299348 11.1781 
0 0 6.5 1 -0.569103 0.279519 11.1669 
10 0 0 1 -0.249305 -0.1668 21.02 
10 0 6.5 1 -0.21855 0.140958 21.0089 
10 10 0 1 0.236482 -0.233343 19.2492 
10 10 6.5 1 0.270349 0.102704 19.2381 
0 10 0 1 0.296415 -0.460461 9.40728 
0 10 6.5 1 0.365826 0.22731 9.39614 
0 5 10 1 -0.107974 0.594724 10.2755 
10 5 10 1 0.0325167 0.295818 20.1175 
0 6 0 1 -0.111564 -0.389247 10.1156 
0 8 0 1 0.0850244 -0.423562 9.76144 
0 8 5 1 0.136279 0.0861736 9.75287 
0 6 5 1 -0.0622725 0.102656 10.107 
0 2 2.5 1 -0.443264 -0.0975765 10.8196 
0 4 2.5 1 -0.271126 -0.119713 10.4655 
0 4 5 1 -0.24738 0.118023 10.4612 
0 2 5 1 -0.420364 0.132383 10.8154 
0.5 0.5 -0.5 1 -0.559132 -0.336794 11.5825 
0.5 0.5 6 1 -0.503592 0.221806 11.5714 
10.5 0.5 -0.5 1 -0.219959 -0.189546 21.4244 
10.5 0.5 6 1 -0.18977 0.112388 21.4133 
10.5 10.5 -0.5 1 0.258476 -0.25677 19.6536 
10.5 10.5 6 1 0.291658 0.0723462 19.6425 
0.5 10.5 -0.5 1 0.338 -0.498024 9.81169 
0.5 10.5 6 1 0.404594 0.161323 9.80056 
0.5 5.5 9.5 1 -0.054457 0.520258 10.68 
10.5 5.5 9.5 1 0.0575992 0.262955 20.5219 
0.5 6.5 -0.5 1 -0.0570955 -0.427019 10.52 
0.5 8.5 -0.5 1 0.13357 -0.461285 10.1659 
0.5 8.5 4.5 1 0.182825 0.0281238 10.1573 
0.5 6.5 4.5 1 -0.00965592 0.045928 10.5114 
0.5 2.5 2 1 -0.380261 -0.143488 11.2241 
0.5 4.5 2 1 -0.212474 -0.166297 10.8699 
0.5 4.5 4.5 1 -0.189589 0.0625715 10.8656 
0.5 2.5 4.5 1 -0.358162 0.0781643 11.2198 
