0 0 0 1 0.280914 -0.333439 20.1723 
0 0 6.5 1 0.245404 -0.0130644 20.5974 
10 0 0 1 0.648487 -0.583524 10.2484 
10 0 6.5 1 0.565323 0.0446881 10.6734 
10 10 0 1 -0.354291 -0.74419 9.20533 
10 10 6.5 1 -0.402203 -0.0408456 9.63038 
0 10 0 1 -0.221683 -0.397118 19.1293 
0 10 6.5 1 -0.248161 -0.0582698 19.5543 
0 5 10 1 -0.0112539 0.136553 20.3047 
10 5 10 1 0.0723213 0.338967 10.3808 
0 6 0 1 -0.0142074 -0.370831 19.5465 
0 8 0 1 -0.116826 -0.383833 19.3379 
0 8 5 1 -0.138823 -0.124866 19.6648 
0 6 5 1 -0.0376619 -0.114797 19.8734 
0 2 2.5 1 0.171402 -0.219444 20.1272 
0 4 2.5 1 0.0737187 -0.230481 19.9186 
0 4 5 1 0.0613975 -0.104936 20.082 
0 2 5 1 0.15842 -0.0952788 20.2907 
0.5 0.5 -0.5 1 0.268862 -0.368999 19.5913 
0.5 0.5 6 1 0.232578 -0.038569 20.0163 
10.5 0.5 -0.5 1 0.646156 -0.670619 9.66733 
10.5 0.5 6 1 0.558304 -0.00257045 10.0924 
10.5 10.5 -0.5 1 -0.424463 -0.852642 8.62428 
10.5 10.5 6 1 -0.472155 -0.0990433 9.04933 
0.5 10.5 -0.5 1 -0.250156 -0.436672 18.5482 
0.5 10.5 6 1 -0.276808 -0.0865609 18.9733 
0.5 5.5 9.5 1 -0.0318314 0.115078 19.7237 
10.5 5.5 9.5 1 0.0358608 0.307745 9.79973 
0.5 6.5 -0.5 1 -0.0356981 -0.40871 18.9654 
0.5 8.5 -0.5 1 -0.141735 -0.422536 18.7568 
0.5 8.5 4.5 1 -0.163975 -0.155021 19.0838 
0.5 6.5 4.5 1 -0.0594948 -0.144322 19.2924 
0.5 2.5 2 1 0.156067 -0.251697 19.5461 
0.5 4.5 2 1 0.0552835 -0.263414 19.3375 
0.5 4.5 4.5 1 0.0427498 -0.133852 19.501 
0.5 2.5 4.5 1 0.14283 -0.123604 19.7096 
