0 0 0 1 0.352423 -0.660518 13.0962 
0 0 6.5 1 0.343848 -0.158592 14.2532 
10 0 0 1 -0.370281 -0.58832 14.3293 
10 0 6.5 1 -0.324179 -0.131754 15.4862 
10 10 0 1 -0.171545 -0.425466 24.092 
10 10 6.5 1 -0.152375 -0.152897 25.249 
0 10 0 1 0.253222 -0.458043 22.8589 
0 10 6.5 1 0.252912 -0.169911 24.0159 
0 5 10 1 0.28552 0.0136743 19.7575 
10 5 10 1 -0.203904 0.0233552 20.9906 
0 6 0 1 0.280639 -0.514003 18.9538 
0 8 0 1 0.26565 -0.48341 20.9064 
0 8 5 1 0.26488 -0.238164 21.7964 
0 6 5 1 0.279121 -0.243254 19.8438 
0 2 2.5 1 0.320117 -0.423182 15.4937 
0 4 2.5 1 0.297737 -0.396686 17.4463 
0 4 5 1 0.29647 -0.249455 17.8913 
0 2 5 1 0.31807 -0.257175 15.9387 
0.5 0.5 -0.5 1 0.306559 -0.680224 13.557 
0.5 0.5 6 1 0.301859 -0.192468 14.714 
10.5 0.5 -0.5 1 -0.389804 -0.608634 14.7901 
10.5 0.5 6 1 -0.343618 -0.163786 15.947 
10.5 10.5 -0.5 1 -0.187035 -0.440758 24.5528 
10.5 10.5 6 1 -0.167512 -0.172387 25.7098 
0.5 10.5 -0.5 1 0.228519 -0.473501 23.3197 
0.5 10.5 6 1 0.229383 -0.190062 24.4767 
0.5 5.5 9.5 1 0.256292 -0.0149051 20.2183 
10.5 5.5 9.5 1 -0.220939 -0.00378942 21.4514 
0.5 6.5 -0.5 1 0.250317 -0.531242 19.4146 
0.5 8.5 -0.5 1 0.238422 -0.499733 21.3672 
0.5 8.5 4.5 1 0.238757 -0.258912 22.2572 
0.5 6.5 4.5 1 0.250163 -0.265881 20.3046 
0.5 2.5 2 1 0.282079 -0.446782 15.9545 
0.5 4.5 2 1 0.264423 -0.418394 17.9071 
0.5 4.5 4.5 1 0.263995 -0.274334 18.3521 
0.5 2.5 4.5 1 0.281121 -0.284799 16.3995 
