0 0 0 1 -0.587916 -0.280839 10.8839 
0 0 6.5 1 -0.543059 0.320945 10.6148 
10 0 0 1 -0.250602 -0.132615 20.8091 
10 0 6.5 1 -0.223002 0.180321 20.54 
10 10 0 1 0.237365 -0.192121 19.6608 
10 10 6.5 1 0.273372 0.13852 19.3916 
0 10 0 1 0.357739 -0.418495 9.73553 
0 10 6.5 1 0.43492 0.252376 9.46643 
0 5 10 1 -0.048716 0.644543 9.8957 
10 5 10 1 0.0354131 0.336777 19.8209 
0 6 0 1 -0.046087 -0.359711 10.1949 
0 8 0 1 0.151173 -0.388426 9.9652 
0 8 5 1 0.204385 0.112837 9.7582 
0 6 5 1 0.00181362 0.13062 9.98787 
0 2 2.5 1 -0.39604 -0.0733825 10.5507 
0 4 2.5 1 -0.213369 -0.0947354 10.321 
0 4 5 1 -0.191651 0.147604 10.2175 
0 2 5 1 -0.37661 0.163841 10.4472 
0.5 0.5 -0.5 1 -0.519625 -0.316468 11.3434 
0.5 0.5 6 1 -0.47497 0.259478 11.0743 
10.5 0.5 -0.5 1 -0.221468 -0.15482 21.2686 
10.5 0.5 6 1 -0.194098 0.150983 20.9995 
10.5 10.5 -0.5 1 0.257017 -0.214234 20.1203 
10.5 10.5 6 1 0.292457 0.108453 19.8512 
0.5 10.5 -0.5 1 0.391097 -0.451932 10.1951 
0.5 10.5 6 1 0.465609 0.186973 9.92598 
0.5 5.5 9.5 1 0.00216351 0.564447 10.3552 
10.5 5.5 9.5 1 0.0594859 0.302854 20.2805 
0.5 6.5 -0.5 1 0.00325044 -0.394243 10.6544 
0.5 8.5 -0.5 1 0.192901 -0.422452 10.4247 
0.5 8.5 4.5 1 0.244566 0.055577 10.2177 
0.5 6.5 4.5 1 0.0500217 0.0738366 10.4474 
0.5 2.5 2 1 -0.333691 -0.118749 11.0102 
0.5 4.5 2 1 -0.157478 -0.140158 10.7806 
0.5 4.5 4.5 1 -0.136153 0.0913107 10.6771 
0.5 2.5 4.5 1 -0.314488 0.108049 10.9067 
