0 0 0 1 0.189557 -0.413288 10.3499 
0 0 6.5 1 0.141755 0.222237 9.76624 
10 0 0 1 -0.23086 -0.225996 18.2195 
10 0 6.5 1 -0.271246 0.13214 17.6358 
10 10 0 1 0.148607 -0.117764 24.3239 
10 10 6.5 1 0.127936 0.150944 23.7402 
0 10 0 1 0.594539 -0.183809 16.4544 
0 10 6.5 1 0.580018 0.215711 15.8707 
0 5 10 1 0.398579 0.501346 12.5042 
10 5 10 1 -0.0581219 0.315548 20.3737 
0 6 0 1 0.474888 -0.251608 14.0126 
0 8 0 1 0.539508 -0.214991 15.2335 
0 8 5 1 0.525847 0.113963 14.7845 
0 6 5 1 0.457858 0.105744 13.5636 
0 2 2.5 1 0.291192 -0.136337 11.3463 
0 4 2.5 1 0.387368 -0.10315 12.5672 
0 4 5 1 0.376419 0.0958995 12.3427 
0 2 5 1 0.2771 0.0838936 11.1218 
0.5 0.5 -0.5 1 0.188304 -0.423927 11.0935 
0.5 0.5 6 1 0.143816 0.166043 10.5098 
10.5 0.5 -0.5 1 -0.215107 -0.239564 18.9631 
10.5 0.5 6 1 -0.253359 0.103652 18.3794 
10.5 10.5 -0.5 1 0.149268 -0.131239 25.0675 
10.5 10.5 6 1 0.12924 0.128987 24.4838 
0.5 10.5 -0.5 1 0.576221 -0.200594 17.198 
0.5 10.5 6 1 0.561706 0.180455 16.6143 
0.5 5.5 9.5 1 0.385798 0.441099 13.2478 
10.5 5.5 9.5 1 -0.0500583 0.284295 21.1173 
0.5 6.5 -0.5 1 0.459568 -0.267753 14.7562 
0.5 8.5 -0.5 1 0.522351 -0.231608 15.9771 
0.5 8.5 4.5 1 0.508848 0.0811134 15.5281 
0.5 6.5 4.5 1 0.442942 0.0705187 14.3072 
0.5 2.5 2 1 0.283792 -0.163133 12.0899 
0.5 4.5 2 1 0.375274 -0.129343 13.3108 
0.5 4.5 4.5 1 0.364739 0.0579473 13.0863 
0.5 2.5 4.5 1 0.270443 0.0427887 11.8654 
