0 0 0 1 0.256961 -0.126636 17.8319 
0 0 6.5 1 0.289714 0.248065 16.631 
10 0 0 1 -0.302355 -0.242965 12.3076 
10 0 6.5 1 -0.31379 0.305528 11.1067 
10 10 0 1 -0.454201 -0.061436 20.4359 
10 10 6.5 1 -0.470285 0.26661 19.2349 
0 10 0 1 -0.037697 -0.020159 25.9602 
0 10 6.5 1 -0.0299895 0.236695 24.7592 
0 5 10 1 0.107988 0.420501 20.0484 
10 5 10 1 -0.422635 0.530028 14.5241 
0 6 0 1 0.054854 -0.0536029 22.7089 
0 8 0 1 0.00548707 -0.0357639 24.3345 
0 8 5 1 0.0134616 0.172582 23.4107 
0 6 5 1 0.0655171 0.169533 21.7851 
0 2 2.5 1 0.187452 0.0286426 18.9957 
0 4 2.5 1 0.118743 0.0432102 20.6213 
0 4 5 1 0.125968 0.165993 20.1594 
0 2 5 1 0.197024 0.161833 18.5338 
0.5 0.5 -0.5 1 0.214392 -0.149496 18.0545 
0.5 0.5 6 1 0.243679 0.218627 16.8535 
10.5 0.5 -0.5 1 -0.353756 -0.273838 12.5302 
10.5 0.5 6 1 -0.370416 0.260606 11.3293 
10.5 10.5 -0.5 1 -0.483742 -0.0821175 20.6585 
10.5 10.5 6 1 -0.501465 0.240899 19.4575 
0.5 10.5 -0.5 1 -0.0645459 -0.0368278 26.1828 
0.5 10.5 6 1 -0.0581977 0.216937 24.9818 
0.5 5.5 9.5 1 0.0717093 0.394132 20.271 
10.5 5.5 9.5 1 -0.464495 0.492128 14.7467 
0.5 6.5 -0.5 1 0.0233001 -0.0723105 22.9315 
0.5 8.5 -0.5 1 -0.0235306 -0.0533947 24.5571 
0.5 8.5 4.5 1 -0.0167654 0.152299 23.6333 
0.5 6.5 4.5 1 0.0325307 0.147784 22.0076 
0.5 2.5 2 1 0.148266 0.00536796 19.2182 
0.5 4.5 2 1 0.0833463 0.0215952 20.8439 
0.5 4.5 4.5 1 0.0896906 0.142548 20.382 
0.5 2.5 4.5 1 0.156759 0.136404 18.7563 
