0 0 0 1 0.339114 -0.544255 10.6663 
0 0 6.5 1 0.27361 0.0606156 10.8824 
10 0 0 1 -0.226484 -0.393482 17.1968 
10 0 6.5 1 -0.260403 -0.0173305 17.4129 
10 10 0 1 0.106301 -0.257395 24.7627 
10 10 6.5 1 0.0797772 0.0036459 24.9788 
0 10 0 1 0.556389 -0.296857 18.2322 
0 10 6.5 1 0.515204 0.0570507 18.4483 
0 5 10 1 0.39892 0.293413 14.7817 
10 5 10 1 -0.0757875 0.158394 21.3122 
0 6 0 1 0.495425 -0.366273 15.2059 
0 8 0 1 0.528666 -0.328424 16.719 
0 8 5 1 0.494326 -0.0306758 16.8853 
0 6 5 1 0.458064 -0.0388066 15.3721 
0 2 2.5 1 0.381365 -0.26423 12.2626 
0 4 2.5 1 0.434237 -0.229503 13.7758 
0 4 5 1 0.413884 -0.0487128 13.8589 
0 2 5 1 0.358873 -0.0610475 12.3457 
0.5 0.5 -0.5 1 0.318557 -0.557568 11.3545 
0.5 0.5 6 1 0.257333 0.0115741 11.5706 
10.5 0.5 -0.5 1 -0.217772 -0.407736 17.885 
10.5 0.5 6 1 -0.250505 -0.0457155 18.1011 
10.5 10.5 -0.5 1 0.103425 -0.271091 25.4509 
10.5 10.5 6 1 0.0776365 -0.0169344 25.667 
0.5 10.5 -0.5 1 0.536149 -0.313845 18.9204 
0.5 10.5 6 1 0.496674 0.0275266 19.1365 
0.5 5.5 9.5 1 0.381171 0.246376 15.4699 
10.5 5.5 9.5 1 -0.0734187 0.129543 22.0004 
0.5 6.5 -0.5 1 0.473971 -0.383491 15.8941 
0.5 8.5 -0.5 1 0.507763 -0.345641 17.4072 
0.5 8.5 4.5 1 0.474965 -0.0593904 17.5735 
0.5 6.5 4.5 1 0.438433 -0.0698782 16.0603 
0.5 2.5 2 1 0.361097 -0.290783 12.9508 
0.5 4.5 2 1 0.413573 -0.25493 14.464 
0.5 4.5 4.5 1 0.394301 -0.0825478 14.5471 
0.5 2.5 4.5 1 0.339922 -0.0981593 13.0339 
