0 0 0 1 0.345404 -0.642483 13.2781 
0 0 6.5 1 0.341079 -0.14837 14.3944 
10 0 0 1 -0.374299 -0.573682 14.3076 
10 0 6.5 1 -0.326244 -0.117529 15.4239 
10 10 0 1 -0.182446 -0.413468 24.1051 
10 10 6.5 1 -0.161551 -0.141603 25.2214 
0 10 0 1 0.240243 -0.44591 23.0756 
0 10 6.5 1 0.242523 -0.160978 24.1919 
0 5 10 1 0.279601 0.0215418 19.8943 
10 5 10 1 -0.20929 0.0359161 20.9238 
0 6 0 1 0.269399 -0.500411 19.1566 
0 8 0 1 0.253468 -0.470631 21.1161 
0 8 5 1 0.254882 -0.228373 21.9748 
0 6 5 1 0.270268 -0.233158 20.0153 
0 2 2.5 1 0.312898 -0.409969 15.667 
0 4 2.5 1 0.288977 -0.384349 17.6264 
0 4 5 1 0.288993 -0.238981 18.0558 
0 2 5 1 0.312277 -0.246222 16.0963 
0.5 0.5 -0.5 1 0.299428 -0.662223 13.7336 
0.5 0.5 6 1 0.298693 -0.181781 14.8499 
10.5 0.5 -0.5 1 -0.394864 -0.594168 14.7631 
10.5 0.5 6 1 -0.346742 -0.149658 15.8794 
10.5 10.5 -0.5 1 -0.198365 -0.428753 24.5605 
10.5 10.5 6 1 -0.177148 -0.161046 25.6769 
0.5 10.5 -0.5 1 0.215446 -0.461235 23.531 
0.5 10.5 6 1 0.218806 -0.180875 24.6474 
0.5 5.5 9.5 1 0.250047 -0.00664227 20.3498 
10.5 5.5 9.5 1 -0.227006 0.00878291 21.3793 
0.5 6.5 -0.5 1 0.23897 -0.517533 19.612 
0.5 8.5 -0.5 1 0.226139 -0.486827 21.5715 
0.5 8.5 4.5 1 0.22857 -0.248868 22.4303 
0.5 6.5 4.5 1 0.241095 -0.255508 20.4708 
0.5 2.5 2 1 0.274653 -0.433353 16.1224 
0.5 4.5 2 1 0.255479 -0.405844 18.0819 
0.5 4.5 4.5 1 0.256272 -0.263554 18.5113 
0.5 2.5 4.5 1 0.275042 -0.273504 16.5518 
