0 0 0 1 0.290648 -0.337506 15.5183 
0 0 6.5 1 0.324716 0.077358 15.8287 
10 0 0 1 -0.379046 -0.299381 14.0589 
10 0 6.5 1 -0.327051 0.156796 14.3693 
10 10 0 1 -0.285252 -0.189534 23.9402 
10 10 6.5 1 -0.255643 0.0793586 24.2507 
0 10 0 1 0.118518 -0.219139 25.3997 
0 10 6.5 1 0.14157 0.0348473 25.7101 
0 5 10 1 0.225861 0.216833 20.9366 
10 5 10 1 -0.262388 0.28589 19.4771 
0 6 0 1 0.168336 -0.253397 21.4471 
0 8 0 1 0.141325 -0.234823 23.4234 
0 8 5 1 0.160363 -0.0223814 23.6622 
0 6 5 1 0.188811 -0.0213909 21.6859 
0 2 2.5 1 0.25278 -0.159978 17.614 
0 4 2.5 1 0.211965 -0.147193 19.5903 
0 4 5 1 0.222965 -0.0202019 19.7096 
0 2 5 1 0.26473 -0.0187478 17.7334 
0.5 0.5 -0.5 1 0.244728 -0.358115 15.9155 
0.5 0.5 6 1 0.27884 0.0469867 16.2259 
10.5 0.5 -0.5 1 -0.4112 -0.323119 14.4561 
10.5 0.5 6 1 -0.359928 0.121286 14.7665 
10.5 10.5 -0.5 1 -0.305882 -0.205427 24.3375 
10.5 10.5 6 1 -0.276491 0.0593326 24.6479 
0.5 10.5 -0.5 1 0.0928378 -0.233677 25.7969 
0.5 10.5 6 1 0.115845 0.016618 26.1073 
0.5 5.5 9.5 1 0.19281 0.191137 21.3338 
10.5 5.5 9.5 1 -0.288107 0.256926 19.8743 
0.5 6.5 -0.5 1 0.137104 -0.269943 21.8444 
0.5 8.5 -0.5 1 0.113135 -0.250305 23.8206 
0.5 8.5 4.5 1 0.132137 -0.0412175 24.0594 
0.5 6.5 4.5 1 0.157548 -0.0419305 22.0831 
0.5 2.5 2 1 0.213038 -0.182105 18.0112 
0.5 4.5 2 1 0.176964 -0.167386 19.9875 
0.5 4.5 4.5 1 0.187954 -0.0427838 20.1069 
0.5 2.5 4.5 1 0.224988 -0.0438231 18.1306 
