0 0 0 1 0.263431 -0.265369 16.8889 
0 0 6.5 1 0.308096 0.120421 16.3529 
10 0 0 1 -0.366088 -0.291881 13.4147 
10 0 6.5 1 -0.335572 0.196875 12.8788 
10 10 0 1 -0.365284 -0.124312 22.7555 
10 10 6.5 1 -0.347577 0.163019 22.2196 
0 10 0 1 0.0399464 -0.129436 26.2297 
0 10 6.5 1 0.0637121 0.118937 25.6937 
0 5 10 1 0.17627 0.288705 20.7347 
10 5 10 1 -0.330528 0.379622 17.2606 
0 6 0 1 0.107067 -0.170262 22.4933 
0 8 0 1 0.0709329 -0.148284 24.3615 
0 8 5 1 0.0910793 0.0563652 23.9492 
0 6 5 1 0.129592 0.051291 22.0811 
0 2 2.5 1 0.215376 -0.0961293 18.5509 
0 4 2.5 1 0.162356 -0.0766903 20.419 
0 4 5 1 0.175224 0.0452789 20.2129 
0 2 5 1 0.23015 0.0380422 18.3447 
0.5 0.5 -0.5 1 0.218636 -0.284227 17.2234 
0.5 0.5 6 1 0.260967 0.0932224 16.6875 
10.5 0.5 -0.5 1 -0.406883 -0.314859 13.7493 
10.5 0.5 6 1 -0.378794 0.16059 13.2133 
10.5 10.5 -0.5 1 -0.389588 -0.140423 23.0901 
10.5 10.5 6 1 -0.372721 0.142264 22.5541 
0.5 10.5 -0.5 1 0.0137174 -0.143375 26.5642 
0.5 10.5 6 1 0.0366375 0.101519 26.0283 
0.5 5.5 9.5 1 0.141035 0.264491 21.0693 
10.5 5.5 9.5 1 -0.363083 0.348898 17.5951 
0.5 6.5 -0.5 1 0.0755609 -0.185884 22.8279 
0.5 8.5 -0.5 1 0.0423 -0.163022 24.6961 
0.5 8.5 4.5 1 0.0616827 0.0385574 24.2838 
0.5 6.5 4.5 1 0.0971707 0.0320748 22.4156 
0.5 2.5 2 1 0.175374 -0.116326 18.8854 
0.5 4.5 2 1 0.12681 -0.0953822 20.7536 
0.5 4.5 4.5 1 0.139112 0.0244135 20.5475 
0.5 2.5 4.5 1 0.189442 0.0152197 18.6793 
