0 0 0 1 0.231382 -0.395174 21.0154 
0 0 6.5 1 0.208423 -0.0864773 22.22 
10 0 0 1 0.713799 -0.542935 11.8787 
10 0 6.5 1 0.630389 -0.00505504 13.0833 
10 10 0 1 -0.101366 -0.738923 8.26119 
10 10 6.5 1 -0.112912 0.0294558 9.46583 
0 10 0 1 -0.255997 -0.457514 17.3979 
0 10 6.5 1 -0.251859 -0.0847501 18.6025 
0 5 10 1 -0.00719958 0.0801553 21.0599 
10 5 10 1 0.290591 0.297189 11.9232 
0 6 0 1 -0.0385918 -0.429706 18.8449 
0 8 0 1 -0.142955 -0.443055 18.1214 
0 8 5 1 -0.145345 -0.163723 19.048 
0 6 5 1 -0.045786 -0.161222 19.7715 
0 2 2.5 1 0.14022 -0.278516 20.7552 
0 4 2.5 1 0.052268 -0.285132 20.0317 
0 4 5 1 0.0467439 -0.158897 20.495 
0 2 5 1 0.132964 -0.15673 21.2185 
0.5 0.5 -0.5 1 0.226541 -0.428185 20.285 
0.5 0.5 6 1 0.203073 -0.107146 21.4896 
10.5 0.5 -0.5 1 0.736595 -0.612681 11.1483 
10.5 0.5 6 1 0.646031 -0.0361967 12.3529 
10.5 10.5 -0.5 1 -0.146678 -0.861179 7.53081 
10.5 10.5 6 1 -0.152941 -0.0116965 8.73546 
0.5 10.5 -0.5 1 -0.283246 -0.500421 16.6675 
0.5 10.5 6 1 -0.277102 -0.109531 17.8722 
0.5 5.5 9.5 1 -0.0206016 0.0642939 20.3295 
10.5 5.5 9.5 1 0.285681 0.282542 11.1929 
0.5 6.5 -0.5 1 -0.0548984 -0.468064 18.1145 
0.5 8.5 -0.5 1 -0.164322 -0.48357 17.391 
0.5 8.5 4.5 1 -0.165727 -0.191051 18.3177 
0.5 6.5 4.5 1 -0.061575 -0.187415 19.0411 
0.5 2.5 2 1 0.131991 -0.307701 20.0248 
0.5 4.5 2 1 0.0404023 -0.315661 19.3013 
0.5 4.5 4.5 1 0.0349522 -0.184045 19.7646 
0.5 2.5 4.5 1 0.124662 -0.180913 20.4881 
