0 0 0 1 0.279646 -0.293101 20.1358 
0 0 6.5 1 0.244944 0.0275516 20.394 
10 0 0 1 0.611705 -0.535827 10.1634 
10 0 6.5 1 0.535568 0.0976698 10.4216 
10 10 0 1 -0.389872 -0.670887 9.53599 
10 10 6.5 1 -0.444481 0.00675205 9.79419 
0 10 0 1 -0.220619 -0.351314 19.5084 
0 10 6.5 1 -0.249888 -0.019723 19.7666 
0 5 10 1 -0.0155412 0.176389 20.2193 
10 5 10 1 0.0265315 0.392552 10.2469 
0 6 0 1 -0.0167004 -0.327585 19.7593 
0 8 0 1 -0.118008 -0.339373 19.6339 
0 8 5 1 -0.141476 -0.0852708 19.8325 
0 6 5 1 -0.0410288 -0.0751972 19.958 
0 2 2.5 1 0.169049 -0.179323 20.1096 
0 4 2.5 1 0.0706832 -0.189974 19.9841 
0 4 5 1 0.0581629 -0.0652495 20.0834 
0 2 5 1 0.156123 -0.0554253 20.2089 
0.5 0.5 -0.5 1 0.266127 -0.327981 19.5859 
0.5 0.5 6 1 0.230639 0.00201025 19.8441 
10.5 0.5 -0.5 1 0.603154 -0.620772 9.61355 
10.5 0.5 6 1 0.523 0.0502322 9.87175 
10.5 10.5 -0.5 1 -0.460305 -0.770027 8.98614 
10.5 10.5 6 1 -0.516195 -0.0493128 9.24434 
0.5 10.5 -0.5 1 -0.249094 -0.389036 18.9585 
0.5 10.5 6 1 -0.278819 -0.047451 19.2167 
0.5 5.5 9.5 1 -0.0372548 0.154782 19.6695 
10.5 5.5 9.5 1 -0.0151266 0.360981 9.69708 
0.5 6.5 -0.5 1 -0.0389671 -0.364135 19.2095 
0.5 8.5 -0.5 1 -0.14334 -0.376504 19.084 
0.5 8.5 4.5 1 -0.167216 -0.114773 19.2826 
0.5 6.5 4.5 1 -0.0637569 -0.104223 19.4081 
0.5 2.5 2 1 0.152402 -0.211052 19.5598 
0.5 4.5 2 1 0.0511464 -0.222209 19.4343 
0.5 4.5 4.5 1 0.0383729 -0.0938091 19.5336 
0.5 2.5 4.5 1 0.139199 -0.0835279 19.6591 
