0 0 0 1 -0.709344 -0.500189 12.0714 
0 0 6.5 1 -0.628217 0.0315366 12.7586 
10 0 0 1 -0.241848 -0.342218 21.3917 
10 0 6.5 1 -0.209518 -0.0398697 22.0789 
10 10 0 1 0.234124 -0.432207 17.9255 
10 10 6.5 1 0.254903 -0.070232 18.6127 
0 10 0 1 0.093848 -0.751277 8.60522 
0 10 6.5 1 0.14584 -0.0026437 9.29239 
0 5 10 1 -0.266342 0.320896 11.3955 
10 5 10 1 0.0170944 0.114605 20.7158 
0 6 0 1 -0.2943 -0.629937 9.99169 
0 8 0 1 -0.114695 -0.686084 9.29845 
0 8 5 1 -0.0656596 -0.14505 9.82704 
0 6 5 1 -0.239472 -0.127376 10.5203 
0 2 2.5 1 -0.556418 -0.313191 11.6425 
0 4 2.5 1 -0.420487 -0.340818 10.9492 
0 4 5 1 -0.391793 -0.111886 11.2135 
0 2 5 1 -0.526378 -0.098201 11.9067 
0.5 0.5 -0.5 1 -0.647125 -0.537628 12.3112 
0.5 0.5 6 1 -0.570784 -0.0137345 12.9984 
10.5 0.5 -0.5 1 -0.211621 -0.365277 21.6315 
10.5 0.5 6 1 -0.180569 -0.0654683 22.3187 
10.5 10.5 -0.5 1 0.263835 -0.458478 18.1654 
10.5 10.5 6 1 0.283266 -0.100151 18.8525 
0.5 10.5 -0.5 1 0.158669 -0.796579 8.84507 
0.5 10.5 6 1 0.20468 -0.0635166 9.53223 
0.5 5.5 9.5 1 -0.209641 0.264357 11.6353 
10.5 5.5 9.5 1 0.0453328 0.0855732 20.9556 
0.5 6.5 -0.5 1 -0.229164 -0.671944 10.2315 
0.5 8.5 -0.5 1 -0.0493414 -0.729732 9.5383 
0.5 8.5 4.5 1 -0.00490577 -0.199297 10.0669 
0.5 6.5 4.5 1 -0.178758 -0.178522 10.7601 
0.5 2.5 2 1 -0.49504 -0.355756 11.8823 
0.5 4.5 2 1 -0.35822 -0.385428 11.1891 
0.5 4.5 4.5 1 -0.331564 -0.160261 11.4534 
0.5 2.5 4.5 1 -0.466929 -0.144085 12.1466 
