0 0 0 1 -0.0900577 -0.254911 9.90861 
0 0 6.5 1 -0.120484 0.444927 8.65313 
10 0 0 1 -0.248089 -0.0435423 18.9929 
10 0 6.5 1 -0.274118 0.312832 17.7374 
10 10 0 1 0.199423 0.00531714 22.7003 
10 10 6.5 1 0.204094 0.302942 21.4448 
0 10 0 1 0.612998 -0.115902 13.616 
0 10 6.5 1 0.663108 0.388149 12.3605 
0 5 10 1 0.355618 0.789052 9.83079 
10 5 10 1 -0.0171073 0.499909 18.9151 
0 6 0 1 0.383334 -0.161312 12.133 
0 8 0 1 0.504779 -0.137299 12.8745 
0 8 5 1 0.536011 0.263405 11.9087 
0 6 5 1 0.406137 0.263922 11.1673 
0 2 2.5 1 0.0882896 0.011406 10.1672 
0 4 2.5 1 0.251675 0.0280058 10.9087 
0 4 5 1 0.25779 0.264512 10.4258 
0 2 5 1 0.0867259 0.265192 9.68433 
0.5 0.5 -0.5 1 -0.0572888 -0.270925 10.6448 
0.5 0.5 6 1 -0.0809479 0.371902 9.38929 
10.5 0.5 -0.5 1 -0.224512 -0.0600696 19.7291 
10.5 0.5 6 1 -0.247901 0.28098 18.4736 
10.5 10.5 -0.5 1 0.205214 -0.0101305 23.4364 
10.5 10.5 6 1 0.210057 0.276742 22.181 
0.5 10.5 -0.5 1 0.60124 -0.13491 14.3521 
0.5 10.5 6 1 0.647407 0.338987 13.0967 
0.5 5.5 9.5 1 0.357579 0.700191 10.5669 
10.5 5.5 9.5 1 -0.00208973 0.462958 19.6513 
0.5 6.5 -0.5 1 0.383359 -0.179912 12.8692 
0.5 8.5 -0.5 1 0.498234 -0.156185 13.6107 
0.5 8.5 4.5 1 0.527149 0.219749 12.6449 
0.5 6.5 4.5 1 0.404754 0.217514 11.9034 
0.5 2.5 2 1 0.10824 -0.0222093 10.9034 
0.5 4.5 2 1 0.260026 -0.00451843 11.6448 
0.5 4.5 4.5 1 0.266099 0.214982 11.162 
0.5 2.5 4.5 1 0.107711 0.212091 10.4205 
