0 0 0 1 0.0463003 -0.301112 24.6279 
0 0 6.5 1 0.0698416 -0.0382681 25.0631 
10 0 0 1 0.484529 -0.422369 18.268 
10 0 6.5 1 0.50588 -0.067325 18.7032 
10 10 0 1 0.24139 -0.624053 10.5802 
10 10 6.5 1 0.287247 -0.013248 11.0153 
0 10 0 1 -0.304435 -0.372047 16.9401 
0 10 6.5 1 -0.261693 0.00887132 17.3753 
0 5 10 1 -0.0498623 0.143295 21.4535 
10 5 10 1 0.440014 0.183793 15.0936 
0 6 0 1 -0.131809 -0.337134 20.0152 
0 8 0 1 -0.210939 -0.353138 18.4777 
0 8 5 1 -0.182237 -0.0828446 18.8124 
0 6 5 1 -0.106576 -0.0875263 20.35 
0 2 2.5 1 0.00496493 -0.202504 23.2577 
0 4 2.5 1 -0.0526706 -0.206588 21.7202 
0 4 5 1 -0.0415458 -0.0915503 21.8875 
0 2 5 1 0.0149477 -0.095046 23.4251 
0.5 0.5 -0.5 1 0.0487203 -0.329472 23.8921 
0.5 0.5 6 1 0.0729304 -0.0581704 24.3272 
10.5 0.5 -0.5 1 0.506221 -0.466107 17.5321 
10.5 0.5 6 1 0.52792 -0.0954621 17.9673 
10.5 10.5 -0.5 1 0.261846 -0.717023 9.84429 
10.5 10.5 6 1 0.31012 -0.0585573 10.2795 
0.5 10.5 -0.5 1 -0.316794 -0.417083 16.2042 
0.5 10.5 6 1 -0.271839 -0.0181416 16.6394 
0.5 5.5 9.5 1 -0.0504871 0.126374 20.7176 
10.5 5.5 9.5 1 0.46422 0.161453 14.3577 
0.5 6.5 -0.5 1 -0.135608 -0.373654 19.2794 
0.5 8.5 -0.5 1 -0.21835 -0.393487 17.7418 
0.5 8.5 4.5 1 -0.188341 -0.111443 18.0765 
0.5 6.5 4.5 1 -0.109364 -0.114059 19.6141 
0.5 2.5 2 1 0.00618157 -0.229368 22.5219 
0.5 4.5 2 1 -0.0533859 -0.235564 20.9843 
0.5 4.5 4.5 1 -0.0418684 -0.116294 21.1517 
0.5 2.5 4.5 1 0.0164792 -0.118226 22.6892 
