0 0 0 1 0.256102 -0.229036 17.4701 
0 0 6.5 1 0.298034 0.145992 16.5785 
10 0 0 1 -0.344687 -0.303106 13.0655 
10 0 6.5 1 -0.331587 0.202185 12.1739 
10 10 0 1 -0.403382 -0.109965 21.9378 
10 10 6.5 1 -0.398292 0.190496 21.0462 
0 10 0 1 0.00487053 -0.0931365 26.3424 
0 10 6.5 1 0.023383 0.155915 25.4508 
0 5 10 1 0.14704 0.323944 20.5345 
10 5 10 1 -0.369391 0.414948 16.1299 
0 6 0 1 0.0818932 -0.134801 22.7935 
0 8 0 1 0.0406003 -0.112464 24.568 
0 8 5 1 0.0568022 0.0911433 23.8821 
0 6 5 1 0.100677 0.0844561 22.1076 
0 2 2.5 1 0.200221 -0.0646433 18.9016 
0 4 2.5 1 0.141001 -0.0441232 20.6761 
0 4 5 1 0.152209 0.0766017 20.3331 
0 2 5 1 0.213595 0.0672454 18.5587 
0.5 0.5 -0.5 1 0.212365 -0.248609 17.7621 
0.5 0.5 6 1 0.25126 0.118895 16.8704 
10.5 0.5 -0.5 1 -0.389713 -0.327513 13.3575 
10.5 0.5 6 1 -0.380141 0.164196 12.4659 
10.5 10.5 -0.5 1 -0.429667 -0.127168 22.2298 
10.5 10.5 6 1 -0.425744 0.168463 21.3382 
0.5 10.5 -0.5 1 -0.0215428 -0.107679 26.6344 
0.5 10.5 6 1 -0.00415523 0.138044 25.7427 
0.5 5.5 9.5 1 0.111267 0.299499 20.8265 
10.5 5.5 9.5 1 -0.405576 0.382328 16.4219 
0.5 6.5 -0.5 1 0.0504452 -0.151052 23.0855 
0.5 8.5 -0.5 1 0.011882 -0.127818 24.8599 
0.5 8.5 4.5 1 0.0270733 0.0728949 24.174 
0.5 6.5 4.5 1 0.0680208 0.0648493 22.3996 
0.5 2.5 2 1 0.160596 -0.085257 19.1936 
0.5 4.5 2 1 0.105554 -0.0632782 20.9681 
0.5 4.5 4.5 1 0.116014 0.0554192 20.6251 
0.5 2.5 4.5 1 0.173043 0.0442139 18.8507 
