0 0 0 1 0.258576 -0.405514 20.5429 
0 0 6.5 1 0.227909 -0.0891791 21.5571 
10 0 0 1 0.723788 -0.602457 11.0576 
10 0 6.5 1 0.629942 -0.0210177 12.0717 
10 10 0 1 -0.193703 -0.821963 8.30183 
10 10 6.5 1 -0.215429 -0.0446337 9.316 
0 10 0 1 -0.241721 -0.477452 17.7872 
0 10 6.5 1 -0.249896 -0.110871 18.8013 
0 5 10 1 -0.00518326 0.0698169 20.7253 
10 5 10 1 0.229896 0.277198 11.24 
0 6 0 1 -0.0240857 -0.446158 18.8895 
0 8 0 1 -0.129633 -0.461335 18.3383 
0 8 5 1 -0.140391 -0.184684 19.1184 
0 6 5 1 -0.0387282 -0.177861 19.6696 
0 2 2.5 1 0.158779 -0.289387 20.3818 
0 4 2.5 1 0.0662569 -0.299065 19.8307 
0 4 5 1 0.0573925 -0.17141 20.2207 
0 2 5 1 0.148412 -0.165302 20.7719 
0.5 0.5 -0.5 1 0.251681 -0.440644 19.8528 
0.5 0.5 6 1 0.220335 -0.11214 20.867 
10.5 0.5 -0.5 1 0.741549 -0.682836 10.3675 
10.5 0.5 6 1 0.640431 -0.0589817 11.3817 
10.5 10.5 -0.5 1 -0.252689 -0.951342 7.61177 
10.5 10.5 6 1 -0.269217 -0.0966155 8.62593 
0.5 10.5 -0.5 1 -0.269921 -0.521148 17.0971 
0.5 10.5 6 1 -0.276828 -0.138153 18.1113 
0.5 5.5 9.5 1 -0.0211 0.0513787 20.0352 
10.5 5.5 9.5 1 0.215045 0.255747 10.5499 
0.5 6.5 -0.5 1 -0.0423248 -0.48602 18.1994 
0.5 8.5 -0.5 1 -0.152569 -0.503036 17.6482 
0.5 8.5 4.5 1 -0.162758 -0.21426 18.4284 
0.5 6.5 4.5 1 -0.0567499 -0.20633 18.9795 
0.5 2.5 2 1 0.14833 -0.320735 19.6918 
0.5 4.5 2 1 0.0521718 -0.331664 19.1406 
0.5 4.5 4.5 1 0.0432755 -0.198848 19.5307 
0.5 2.5 4.5 1 0.137811 -0.191776 20.0818 
