0 0 0 1 0.203425 -0.390472 21.5013 
0 0 6.5 1 0.189051 -0.0888352 22.7857 
10 0 0 1 0.691906 -0.517227 12.7208 
10 0 6.5 1 0.623722 -0.0148562 14.0053 
10 10 0 1 -0.0196311 -0.692893 8.36213 
10 10 6.5 1 -0.0238827 0.0598575 9.64658 
0 10 0 1 -0.267863 -0.443933 17.1426 
0 10 6.5 1 -0.252786 -0.0672213 18.4271 
0 5 10 1 -0.00990133 0.084485 21.298 
10 5 10 1 0.336874 0.288833 12.5175 
0 6 0 1 -0.0532437 -0.419588 18.8861 
0 8 0 1 -0.15536 -0.431171 18.0144 
0 8 5 1 -0.149963 -0.15083 19.0024 
0 6 5 1 -0.0531601 -0.152119 19.8741 
0 2 2.5 1 0.120968 -0.274006 21.1236 
0 4 2.5 1 0.0376319 -0.278044 20.2518 
0 4 5 1 0.0355079 -0.153299 20.7459 
0 2 5 1 0.117025 -0.154385 21.6176 
0.5 0.5 -0.5 1 0.200144 -0.422052 20.7455 
0.5 0.5 6 1 0.185468 -0.108226 22.03 
10.5 0.5 -0.5 1 0.717072 -0.579988 11.965 
10.5 0.5 6 1 0.642558 -0.042877 13.2495 
10.5 10.5 -0.5 1 -0.0507425 -0.809072 7.60637 
10.5 10.5 6 1 -0.0508608 0.0244507 8.89082 
0.5 10.5 -0.5 1 -0.293752 -0.486378 16.3869 
0.5 10.5 6 1 -0.276149 -0.0904702 17.6713 
0.5 5.5 9.5 1 -0.0210633 0.0700667 20.5423 
10.5 5.5 9.5 1 0.339662 0.276781 11.7618 
0.5 6.5 -0.5 1 -0.0676972 -0.456936 18.1303 
0.5 8.5 -0.5 1 -0.175016 -0.470914 17.2586 
0.5 8.5 4.5 1 -0.168331 -0.176809 18.2466 
0.5 6.5 4.5 1 -0.0668634 -0.176964 19.1184 
0.5 2.5 2 1 0.114566 -0.30185 20.3678 
0.5 4.5 2 1 0.0277136 -0.307289 19.4961 
0.5 4.5 4.5 1 0.0257545 -0.177106 19.9901 
0.5 2.5 4.5 1 0.110632 -0.177235 20.8618 
