0 0 0 1 -0.047668 -0.0424163 26.2303 
0 0 6.5 1 -0.0296935 0.209243 25.4033 
10 0 0 1 0.353801 -0.100789 22.6758 
10 0 6.5 1 0.389895 0.189603 21.8488 
10 10 0 1 0.324859 -0.238078 13.4158 
10 10 6.5 1 0.385602 0.256898 12.5888 
0 10 0 1 -0.28961 -0.119098 16.9704 
0 10 6.5 1 -0.27372 0.272986 16.1434 
0 5 10 1 -0.114101 0.409408 20.3281 
10 5 10 1 0.414559 0.426243 16.7735 
0 6 0 1 -0.166826 -0.0801825 20.6744 
0 8 0 1 -0.222177 -0.0977258 18.8224 
0 8 5 1 -0.208968 0.170746 18.1862 
0 6 5 1 -0.15308 0.164034 20.0382 
0 2 2.5 1 -0.0744985 0.0489617 24.0603 
0 4 2.5 1 -0.113712 0.0448626 22.2083 
0 4 5 1 -0.106649 0.158457 21.8902 
0 2 5 1 -0.0674611 0.15375 23.7422 
0.5 0.5 -0.5 1 -0.0392961 -0.0667024 25.6532 
0.5 0.5 6 1 -0.020625 0.189998 24.8262 
10.5 0.5 -0.5 1 0.374004 -0.130506 22.0987 
10.5 0.5 6 1 0.411863 0.16661 21.2717 
10.5 10.5 -0.5 1 0.358332 -0.2954 12.8387 
10.5 10.5 6 1 0.424299 0.219412 12.0117 
0.5 10.5 -0.5 1 -0.285027 -0.159802 16.3933 
0.5 10.5 6 1 -0.268304 0.244656 15.5663 
0.5 5.5 9.5 1 -0.105168 0.391066 19.751 
10.5 5.5 9.5 1 0.444289 0.404476 16.1964 
0.5 6.5 -0.5 1 -0.159561 -0.112267 20.0973 
0.5 8.5 -0.5 1 -0.215926 -0.133622 18.2453 
0.5 8.5 4.5 1 -0.202058 0.142352 17.6091 
0.5 6.5 4.5 1 -0.145171 0.138143 19.4611 
0.5 2.5 2 1 -0.0660125 0.024677 23.4832 
0.5 4.5 2 1 -0.105545 0.0183893 21.6312 
0.5 4.5 4.5 1 -0.0981692 0.134664 21.3131 
0.5 2.5 4.5 1 -0.0586831 0.131743 23.1651 
