0 0 0 1 0.117953 -0.322176 10.1601 
0 0 6.5 1 0.0756788 0.338214 9.32531 
10 0 0 1 -0.238932 -0.142761 18.4203 
10 0 6.5 1 -0.278291 0.215952 17.5855 
10 10 0 1 0.160999 -0.0537217 23.9085 
10 10 6.5 1 0.145472 0.222891 23.0737 
0 10 0 1 0.603825 -0.123212 15.6483 
0 10 6.5 1 0.604595 0.303726 14.8135 
0 5 10 1 0.392917 0.627154 11.6199 
10 5 10 1 -0.0520096 0.398949 19.88 
0 6 0 1 0.457047 -0.183317 13.4531 
0 8 0 1 0.535972 -0.150997 14.5507 
0 8 5 1 0.53347 0.197502 13.9085 
0 6 5 1 0.450374 0.193422 12.8109 
0 2 2.5 1 0.243128 -0.0486668 10.9367 
0 4 2.5 1 0.358067 -0.0218703 12.0343 
0 4 5 1 0.351705 0.188577 11.7132 
0 2 5 1 0.232631 0.18273 10.6156 
0.5 0.5 -0.5 1 0.125448 -0.33618 10.9118 
0.5 0.5 6 1 0.0869479 0.273793 10.0769 
10.5 0.5 -0.5 1 -0.220674 -0.157765 19.1719 
10.5 0.5 6 1 -0.257589 0.185561 18.3371 
10.5 10.5 -0.5 1 0.163004 -0.0681005 24.6601 
10.5 10.5 6 1 0.148036 0.199282 23.8253 
0.5 10.5 -0.5 1 0.586544 -0.141648 16.4 
0.5 10.5 6 1 0.586349 0.263685 15.5651 
0.5 5.5 9.5 1 0.382822 0.557126 12.3715 
10.5 5.5 9.5 1 -0.0418537 0.365271 20.6317 
0.5 6.5 -0.5 1 0.444862 -0.201422 14.2047 
0.5 8.5 -0.5 1 0.520784 -0.169391 15.3023 
0.5 8.5 4.5 1 0.517745 0.160435 14.6602 
0.5 6.5 4.5 1 0.437982 0.153581 13.5625 
0.5 2.5 2 1 0.242075 -0.0793283 11.6883 
0.5 4.5 2 1 0.350348 -0.0514748 12.786 
0.5 4.5 4.5 1 0.344171 0.14552 12.4649 
0.5 2.5 4.5 1 0.232243 0.135902 11.3672 
