0 0 0 1 0.263106 -0.503901 10.5025 
0 0 6.5 1 0.207687 0.114352 10.2447 
10 0 0 1 -0.22409 -0.317182 17.8575 
10 0 6.5 1 -0.263484 0.0454335 17.5998 
10 10 0 1 0.133933 -0.189945 24.6211 
10 10 6.5 1 0.109263 0.0733505 24.3633 
0 10 0 1 0.582793 -0.24932 17.266 
0 10 6.5 1 0.554257 0.126935 17.0083 
0 5 10 1 0.402967 0.38151 13.4877 
10 5 10 1 -0.0638044 0.229039 20.8428 
0 6 0 1 0.490558 -0.322771 14.5606 
0 8 0 1 0.540596 -0.282924 15.9133 
0 8 5 1 0.516306 0.029897 15.715 
0 6 5 1 0.46329 0.0189623 14.3623 
0 2 2.5 1 0.338435 -0.221901 11.7561 
0 4 2.5 1 0.414877 -0.183937 13.1088 
0 4 5 1 0.399248 0.00575381 13.0096 
0 2 5 1 0.320343 -0.0105203 11.6569 
0.5 0.5 -0.5 1 0.252833 -0.512871 11.2282 
0.5 0.5 6 1 0.200839 0.0642701 10.9705 
10.5 0.5 -0.5 1 -0.21127 -0.329894 18.5833 
10.5 0.5 6 1 -0.248923 0.0181817 18.3255 
10.5 10.5 -0.5 1 0.133081 -0.202908 25.3469 
10.5 10.5 6 1 0.109115 0.0526377 25.0891 
0.5 10.5 -0.5 1 0.563486 -0.265187 17.9918 
0.5 10.5 6 1 0.535838 0.0954389 17.734 
0.5 5.5 9.5 1 0.38771 0.329213 14.2135 
10.5 5.5 9.5 1 -0.0581521 0.199706 21.5685 
0.5 6.5 -0.5 1 0.472213 -0.33796 15.2864 
0.5 8.5 -0.5 1 0.52156 -0.298615 16.6391 
0.5 8.5 4.5 1 0.498113 0.000206886 16.4408 
0.5 6.5 4.5 1 0.446016 -0.0128636 15.0881 
0.5 2.5 2 1 0.324814 -0.246367 12.4818 
0.5 4.5 2 1 0.398577 -0.208003 13.8345 
0.5 4.5 4.5 1 0.383657 -0.0285086 13.7354 
0.5 2.5 4.5 1 0.307674 -0.0475717 12.3827 
