0 0 0 1 -0.123857 -0.275772 9.95272 
0 0 6.5 1 -0.152218 0.41824 8.67345 
10 0 0 1 -0.247806 -0.0495278 19.1422 
10 0 6.5 1 -0.270453 0.303657 17.8629 
10 10 0 1 0.204741 -0.00591079 22.5598 
10 10 6.5 1 0.212936 0.293175 21.2806 
0 10 0 1 0.608043 -0.144346 13.3704 
0 10 6.5 1 0.665136 0.367403 12.0911 
0 5 10 1 0.341866 0.77023 9.69343 
10 5 10 1 -0.0104317 0.490538 18.8829 
0 6 0 1 0.365297 -0.187936 12.0033 
0 8 0 1 0.493209 -0.164967 12.6868 
0 8 5 1 0.528928 0.240015 11.7028 
0 6 5 1 0.391808 0.240116 11.0193 
0 2 2.5 1 0.0597494 -0.0129006 10.1442 
0 4 2.5 1 0.228912 0.00296261 10.8277 
0 4 5 1 0.236552 0.24023 10.3357 
0 2 5 1 0.0593071 0.240361 9.65219 
0.5 0.5 -0.5 1 -0.0873851 -0.290624 10.6815 
0.5 0.5 6 1 -0.108585 0.347576 9.40221 
10.5 0.5 -0.5 1 -0.223655 -0.0658085 19.8709 
10.5 0.5 6 1 -0.243753 0.272412 18.5917 
10.5 10.5 -0.5 1 0.211187 -0.0211672 23.2886 
10.5 10.5 6 1 0.219485 0.267128 22.0093 
0.5 10.5 -0.5 1 0.597844 -0.162391 14.0991 
0.5 10.5 6 1 0.650673 0.318467 12.8199 
0.5 5.5 9.5 1 0.34668 0.681868 10.4222 
10.5 5.5 9.5 1 0.00521802 0.453974 19.6117 
0.5 6.5 -0.5 1 0.367896 -0.205423 12.7321 
0.5 8.5 -0.5 1 0.488728 -0.182811 13.4156 
0.5 8.5 4.5 1 0.521998 0.197018 12.4315 
0.5 6.5 4.5 1 0.392981 0.194611 11.748 
0.5 2.5 2 1 0.083273 -0.0451094 10.873 
0.5 4.5 2 1 0.240377 -0.0283415 11.5565 
0.5 4.5 4.5 1 0.248024 0.191906 11.0645 
0.5 2.5 4.5 1 0.0839768 0.188846 10.381 
