0 0 0 1 0.394722 -0.484987 11.3269 
0 0 6.5 1 0.328256 0.0754017 12.2566 
10 0 0 1 -0.25772 -0.42014 16.1853 
10 0 6.5 1 -0.269878 -0.0223495 17.115 
10 10 0 1 0.0327473 -0.310447 24.808 
10 10 6.5 1 0.0141706 -0.0498878 25.7377 
0 10 0 1 0.473927 -0.320553 19.9496 
0 10 6.5 1 0.431384 0.00108643 20.8793 
0 5 10 1 0.367582 0.230192 17.0685 
10 5 10 1 -0.108003 0.119596 21.9269 
0 6 0 1 0.452179 -0.365704 16.5005 
0 8 0 1 0.464082 -0.340992 18.225 
0 8 5 1 0.428378 -0.0674754 18.9402 
0 6 5 1 0.413392 -0.0637618 17.2157 
0 2 2.5 1 0.394923 -0.239048 13.409 
0 4 2.5 1 0.415782 -0.223722 15.1336 
0 4 5 1 0.39507 -0.0592213 15.4911 
0 2 5 1 0.372158 -0.0535432 13.7666 
0.5 0.5 -0.5 1 0.362337 -0.511128 11.9295 
0.5 0.5 6 1 0.301327 0.0248928 12.8591 
10.5 0.5 -0.5 1 -0.257316 -0.441043 16.7878 
10.5 0.5 6 1 -0.269081 -0.0556838 17.7175 
10.5 10.5 -0.5 1 0.026127 -0.326858 25.4105 
10.5 10.5 6 1 0.00820895 -0.07168 26.3402 
0.5 10.5 -0.5 1 0.452808 -0.340547 20.5521 
0.5 10.5 6 1 0.412371 -0.027064 21.4818 
0.5 5.5 9.5 1 0.346645 0.188159 17.6711 
10.5 5.5 9.5 1 -0.111706 0.0895847 22.5295 
0.5 6.5 -0.5 1 0.427566 -0.388139 17.1031 
0.5 8.5 -0.5 1 0.441343 -0.362163 18.8276 
0.5 8.5 4.5 1 0.407571 -0.0963052 19.5427 
0.5 6.5 4.5 1 0.391079 -0.0955074 17.8182 
0.5 2.5 2 1 0.367342 -0.271881 14.0116 
0.5 4.5 2 1 0.390426 -0.253543 15.7361 
0.5 4.5 4.5 1 0.371052 -0.0945386 16.0937 
0.5 2.5 4.5 1 0.346218 -0.0933372 14.3691 
