0 0 0 1 0.228028 -0.393903 21.0752 
0 0 6.5 1 0.206076 -0.0861409 22.2946 
10 0 0 1 0.711517 -0.537566 11.9808 
10 0 6.5 1 0.629777 -0.00450019 13.2003 
10 10 0 1 -0.0909993 -0.730217 8.26953 
10 10 6.5 1 -0.101579 0.0360997 9.48893 
0 10 0 1 -0.25751 -0.454946 17.3638 
0 10 6.5 1 -0.251986 -0.0817146 18.5833 
0 5 10 1 -0.00748824 0.0813668 21.0955 
10 5 10 1 0.29671 0.298099 12.0012 
0 6 0 1 -0.0403495 -0.427644 18.8484 
0 8 0 1 -0.144478 -0.440736 18.1061 
0 8 5 1 -0.145899 -0.161282 19.0441 
0 6 5 1 -0.0466533 -0.159295 19.7864 
0 2 2.5 1 0.137921 -0.27723 20.8019 
0 4 2.5 1 0.0505297 -0.283481 20.0596 
0 4 5 1 0.0454155 -0.157451 20.5286 
0 2 5 1 0.131059 -0.155736 21.2709 
0.5 0.5 -0.5 1 0.223394 -0.426687 20.3411 
0.5 0.5 6 1 0.200957 -0.106592 21.5605 
10.5 0.5 -0.5 1 0.734693 -0.606237 11.2468 
10.5 0.5 6 1 0.645873 -0.0350634 12.4662 
10.5 10.5 -0.5 1 -0.134588 -0.851476 7.53544 
10.5 10.5 6 1 -0.139983 -0.00401541 8.75485 
0.5 10.5 -0.5 1 -0.284611 -0.497741 16.6298 
0.5 10.5 6 1 -0.277008 -0.106236 17.8492 
0.5 5.5 9.5 1 -0.0206087 0.0657504 20.3614 
10.5 5.5 9.5 1 0.292818 0.283998 11.2671 
0.5 6.5 -0.5 1 -0.0564293 -0.465826 18.1143 
0.5 8.5 -0.5 1 -0.165645 -0.481102 17.372 
0.5 8.5 4.5 1 -0.166039 -0.188376 18.31 
0.5 6.5 4.5 1 -0.0621844 -0.185257 19.0523 
0.5 2.5 2 1 0.129928 -0.306192 20.0678 
0.5 4.5 2 1 0.0389098 -0.313793 19.3256 
0.5 4.5 4.5 1 0.0338812 -0.182371 19.7946 
0.5 2.5 4.5 1 0.123003 -0.179694 20.5368 
