0 0 0 1 -0.30786 -0.157302 23.3535 
0 0 6.5 1 -0.340649 0.121587 22.8679 
10 0 0 1 0.0900212 -0.0985877 26.1356 
10 0 6.5 1 0.0683214 0.151163 25.65 
10 10 0 1 0.313845 -0.183133 16.5595 
10 10 6.5 1 0.285979 0.212855 16.0739 
0 10 0 1 -0.315391 -0.299729 13.7774 
0 10 6.5 1 -0.372078 0.174882 13.2918 
0 5 10 1 -0.375511 0.338285 17.8184 
10 5 10 1 0.138413 0.345846 20.6005 
0 6 0 1 -0.311396 -0.224168 17.6078 
0 8 0 1 -0.31315 -0.257338 15.6926 
0 8 5 1 -0.35093 0.0604675 15.3191 
0 6 5 1 -0.344939 0.0590389 17.2343 
0 2 2.5 1 -0.322407 -0.0603456 21.2515 
0 4 2.5 1 -0.324921 -0.0710386 19.3363 
0 4 5 1 -0.340147 0.057896 19.1495 
0 2 5 1 -0.336227 0.0569609 21.0647 
0.5 0.5 -0.5 1 -0.283027 -0.179512 23.0511 
0.5 0.5 6 1 -0.315721 0.102635 22.5655 
10.5 0.5 -0.5 1 0.116837 -0.117719 25.8332 
10.5 0.5 6 1 0.0953918 0.134645 25.3476 
10.5 10.5 -0.5 1 0.360619 -0.215105 16.2571 
10.5 10.5 6 1 0.333659 0.187489 15.7715 
0.5 10.5 -0.5 1 -0.273079 -0.340919 13.475 
0.5 10.5 6 1 -0.329503 0.1432 12.9894 
0.5 5.5 9.5 1 -0.343998 0.317611 17.516 
10.5 5.5 9.5 1 0.173262 0.328118 20.2981 
0.5 6.5 -0.5 1 -0.278379 -0.254921 17.3055 
0.5 8.5 -0.5 1 -0.276059 -0.292569 15.3902 
0.5 8.5 4.5 1 -0.313677 0.0307587 15.0167 
0.5 6.5 4.5 1 -0.311793 0.0326649 16.9319 
0.5 2.5 2 1 -0.295292 -0.0833851 20.9491 
0.5 4.5 2 1 -0.295118 -0.0965662 19.0339 
0.5 4.5 4.5 1 -0.310293 0.0341838 18.8471 
0.5 2.5 4.5 1 -0.309069 0.0354224 20.7624 
