0 0 0 1 -0.398229 -0.391096 10.4121 
0 0 6.5 1 -0.399521 0.248646 9.39112 
10 0 0 1 -0.251746 -0.121021 20.2339 
10 0 6.5 1 -0.244593 0.206032 19.2129 
10 10 0 1 0.227718 -0.136175 21.2662 
10 10 6.5 1 0.258686 0.173435 20.2453 
0 10 0 1 0.50593 -0.394893 11.4445 
0 10 6.5 1 0.593329 0.181113 10.4235 
0 5 10 1 0.152679 0.594329 9.35756 
10 5 10 1 0.0250952 0.374616 19.1793 
0 6 0 1 0.164574 -0.39346 11.0315 
0 8 0 1 0.338388 -0.39419 11.238 
0 8 5 1 0.392842 0.0477104 10.4526 
0 6 5 1 0.206803 0.0574015 10.2462 
0 2 2.5 1 -0.196304 -0.165978 10.2259 
0 4 2.5 1 -0.00192503 -0.171266 10.4324 
0 4 5 1 0.013111 0.0674911 10.0397 
0 2 5 1 -0.188715 0.0780045 9.8332 
0.5 0.5 -0.5 1 -0.33782 -0.408415 11.0333 
0.5 0.5 6 1 -0.332872 0.189866 10.0124 
10.5 0.5 -0.5 1 -0.224151 -0.138228 20.8551 
10.5 0.5 6 1 -0.215801 0.177695 19.8341 
10.5 10.5 -0.5 1 0.240403 -0.152141 21.8875 
10.5 10.5 6 1 0.27107 0.14747 20.8665 
0.5 10.5 -0.5 1 0.514617 -0.410535 12.0657 
0.5 10.5 6 1 0.597902 0.131627 11.0447 
0.5 5.5 9.5 1 0.185175 0.513831 9.9788 
10.5 5.5 9.5 1 0.0454746 0.340941 19.8006 
0.5 6.5 -0.5 1 0.191767 -0.409732 11.6528 
0.5 8.5 -0.5 1 0.356002 -0.41014 11.8592 
0.5 8.5 4.5 1 0.40865 0.00583792 11.0739 
0.5 6.5 4.5 1 0.233547 0.0141794 10.8674 
0.5 2.5 2 1 -0.146423 -0.196487 10.8471 
0.5 4.5 2 1 0.0360995 -0.200908 11.0536 
0.5 4.5 4.5 1 0.05166 0.022844 10.6609 
0.5 2.5 4.5 1 -0.137411 0.0318508 10.4544 
