0 0 0 1 0.0589155 -0.342274 24.2332 
0 0 6.5 1 0.0806627 -0.0744015 24.8269 
10 0 0 1 0.505642 -0.475003 17.5699 
10 0 6.5 1 0.520767 -0.104523 18.1635 
10 10 0 1 0.224149 -0.695752 10.1695 
10 10 6.5 1 0.265199 -0.0583656 10.7631 
0 10 0 1 -0.307546 -0.417286 16.8328 
0 10 6.5 1 -0.26408 -0.0331021 17.4265 
0 5 10 1 -0.0461682 0.105361 21.4463 
10 5 10 1 0.43741 0.149378 14.783 
0 6 0 1 -0.128078 -0.38055 19.793 
0 8 0 1 -0.210559 -0.397434 18.3129 
0 8 5 1 -0.181876 -0.123537 18.7696 
0 6 5 1 -0.103351 -0.127054 20.2496 
0 2 2.5 1 0.0142683 -0.241962 22.9815 
0 4 2.5 1 -0.0461836 -0.246802 21.5014 
0 4 5 1 -0.0355228 -0.130092 21.7297 
0 2 5 1 0.0236545 -0.132742 23.2098 
0.5 0.5 -0.5 1 0.0607246 -0.371711 23.4844 
0.5 0.5 6 1 0.0831035 -0.0947816 24.078 
10.5 0.5 -0.5 1 0.528055 -0.52201 16.821 
10.5 0.5 6 1 0.543066 -0.133996 17.4147 
10.5 10.5 -0.5 1 0.241793 -0.797233 9.42065 
10.5 10.5 6 1 0.284867 -0.106168 10.0143 
0.5 10.5 -0.5 1 -0.321967 -0.463759 16.084 
0.5 10.5 6 1 -0.276036 -0.060671 16.6776 
0.5 5.5 9.5 1 -0.0479176 0.0881557 20.6975 
10.5 5.5 9.5 1 0.460633 0.126353 14.0341 
0.5 6.5 -0.5 1 -0.1332 -0.418356 19.0441 
0.5 8.5 -0.5 1 -0.21963 -0.439144 17.5641 
0.5 8.5 4.5 1 -0.189525 -0.15281 18.0207 
0.5 6.5 4.5 1 -0.107403 -0.15424 19.5008 
0.5 2.5 2 1 0.0146754 -0.269677 22.2326 
0.5 4.5 2 1 -0.0479288 -0.276668 20.7525 
0.5 4.5 4.5 1 -0.0368686 -0.155468 20.9809 
0.5 2.5 4.5 1 0.0243704 -0.156535 22.4609 
