0 0 0 1 -0.72009 -0.557176 12.3519 
0 0 6.5 1 -0.636775 -0.0346122 13.2112 
10 0 0 1 -0.234272 -0.391123 21.4489 
10 0 6.5 1 -0.203646 -0.08805 22.3082 
10 10 0 1 0.237905 -0.488343 17.5123 
10 10 6.5 1 0.253007 -0.115782 18.3716 
0 10 0 1 0.0352517 -0.837172 8.41526 
0 10 6.5 1 0.0839446 -0.0668627 9.27459 
0 5 10 1 -0.303916 0.249527 11.7056 
10 5 10 1 0.0150017 0.0679672 20.8026 
0 6 0 1 -0.338321 -0.698694 9.9899 
0 8 0 1 -0.167515 -0.762009 9.20258 
0 8 5 1 -0.118707 -0.209885 9.86361 
0 6 5 1 -0.28252 -0.191312 10.6509 
0 2 2.5 1 -0.577626 -0.373569 11.8951 
0 4 2.5 1 -0.453078 -0.40298 11.1077 
0 4 5 1 -0.423782 -0.175296 11.4383 
0 2 5 1 -0.546849 -0.161343 12.2256 
0.5 0.5 -0.5 1 -0.659968 -0.594707 12.5438 
0.5 0.5 6 1 -0.5817 -0.0772196 13.4031 
10.5 0.5 -0.5 1 -0.203731 -0.41435 21.6408 
10.5 0.5 6 1 -0.174532 -0.112975 22.5001 
10.5 10.5 -0.5 1 0.270118 -0.515681 17.7042 
10.5 10.5 6 1 0.283573 -0.145706 18.5635 
0.5 10.5 -0.5 1 0.10603 -0.885626 8.60718 
0.5 10.5 6 1 0.147311 -0.126534 9.46651 
0.5 5.5 9.5 1 -0.247241 0.196944 11.8975 
10.5 5.5 9.5 1 0.044204 0.0398286 20.9945 
0.5 6.5 -0.5 1 -0.271447 -0.742264 10.1818 
0.5 8.5 -0.5 1 -0.0985262 -0.807937 9.3945 
0.5 8.5 4.5 1 -0.0551848 -0.263332 10.0555 
0.5 6.5 4.5 1 -0.220711 -0.241207 10.8428 
0.5 2.5 2 1 -0.517493 -0.415434 12.087 
0.5 4.5 2 1 -0.390871 -0.447262 11.2997 
0.5 4.5 4.5 1 -0.363826 -0.222077 11.6302 
0.5 2.5 4.5 1 -0.488793 -0.205373 12.4175 
