0 0 0 1 0.277261 -0.231161 18.6336 
0 0 6.5 1 0.250593 0.11814 18.1888 
10 0 0 1 0.0722315 -0.548043 9.74429 
10 0 6.5 1 0.0102659 0.119993 9.29949 
10 10 0 1 -0.574227 -0.411039 14.2734 
10 10 6.5 1 -0.636691 0.0426105 13.8286 
0 10 0 1 -0.161193 -0.208697 23.1626 
0 10 6.5 1 -0.191128 0.0714059 22.7178 
0 5 10 1 -0.0108645 0.265259 20.2138 
10 5 10 1 -0.41345 0.382264 11.3245 
0 6 0 1 -0.008133 -0.216539 21.351 
0 8 0 1 -0.0877775 -0.212458 22.2568 
0 8 5 1 -0.110503 0.0108434 21.9147 
0 6 5 1 -0.0305409 0.0163243 21.0089 
0 2 2.5 1 0.162759 -0.0996232 19.3683 
0 4 2.5 1 0.0676903 -0.100367 20.2741 
0 4 5 1 0.0566268 0.0222992 20.103 
0 2 5 1 0.15202 0.0288379 19.1972 
0.5 0.5 -0.5 1 0.246346 -0.264608 18.4498 
0.5 0.5 6 1 0.218642 0.087432 18.005 
10.5 0.5 -0.5 1 0.0086311 -0.618681 9.5605 
10.5 0.5 6 1 -0.0576873 0.0593774 9.11569 
10.5 10.5 -0.5 1 -0.625816 -0.457183 14.0896 
10.5 10.5 6 1 -0.690803 0.00107267 13.6448 
0.5 10.5 -0.5 1 -0.189521 -0.235372 22.9789 
0.5 10.5 6 1 -0.22026 0.0464888 22.5341 
0.5 5.5 9.5 1 -0.041984 0.239006 20.03 
10.5 5.5 9.5 1 -0.476041 0.336993 11.1407 
0.5 6.5 -0.5 1 -0.0375569 -0.245565 21.1672 
0.5 8.5 -0.5 1 -0.116657 -0.240259 22.073 
0.5 8.5 4.5 1 -0.140029 -0.0155068 21.7309 
0.5 6.5 4.5 1 -0.060646 -0.0111237 20.8251 
0.5 2.5 2 1 0.131931 -0.130529 19.1845 
0.5 4.5 2 1 0.0373829 -0.129887 20.0903 
0.5 4.5 4.5 1 0.0259569 -0.00634187 19.9192 
0.5 2.5 4.5 1 0.120812 -0.00110445 19.0134 
