0 0 0 1 -0.226659 -0.352281 10.1609 
0 0 6.5 1 -0.247588 0.314361 8.88625 
10 0 0 1 -0.247569 -0.083728 19.6326 
10 0 6.5 1 -0.259151 0.257609 18.3579 
10 10 0 1 0.216762 -0.0582889 22.1706 
10 10 6.5 1 0.23491 0.243141 20.896 
0 10 0 1 0.579823 -0.254194 12.6989 
0 10 6.5 1 0.653524 0.275289 11.4243 
0 5 10 1 0.283916 0.675983 9.46893 
10 5 10 1 0.00691765 0.44014 18.9406 
0 6 0 1 0.299276 -0.288315 11.6837 
0 8 0 1 0.44539 -0.270544 12.1913 
0 8 5 1 0.491405 0.143076 11.2108 
0 6 5 1 0.334089 0.143293 10.7032 
0 2 2.5 1 -0.0324451 -0.103951 10.1782 
0 4 2.5 1 0.150011 -0.0924344 10.6858 
0 4 5 1 0.161107 0.143533 10.1956 
0 2 5 1 -0.0300005 0.143797 9.688 
0.5 0.5 -0.5 1 -0.180077 -0.364233 10.8594 
0.5 0.5 6 1 -0.193286 0.252235 9.58479 
10.5 0.5 -0.5 1 -0.22197 -0.0993387 20.3311 
10.5 0.5 6 1 -0.231415 0.228442 19.0565 
10.5 10.5 -0.5 1 0.225338 -0.0729442 22.8691 
10.5 10.5 6 1 0.243405 0.21787 21.5945 
0.5 10.5 -0.5 1 0.57553 -0.268996 13.3974 
0.5 10.5 6 1 0.644534 0.228422 12.1228 
0.5 5.5 9.5 1 0.29859 0.592573 10.1675 
10.5 5.5 9.5 1 0.024367 0.405346 19.6392 
0.5 6.5 -0.5 1 0.310458 -0.302405 12.3822 
0.5 8.5 -0.5 1 0.448214 -0.285043 12.8898 
0.5 8.5 4.5 1 0.491763 0.103123 11.9094 
0.5 6.5 4.5 1 0.3441 0.101549 11.4018 
0.5 2.5 2 1 0.00158946 -0.131832 10.8768 
0.5 4.5 2 1 0.171333 -0.119779 11.3844 
0.5 4.5 4.5 1 0.182677 0.0998273 10.8941 
0.5 2.5 4.5 1 0.00547608 0.0979377 10.3865 
