0 0 0 1 -0.00635587 -0.0989675 25.8915 
0 0 6.5 1 0.0178695 0.15272 25.5178 
10 0 0 1 0.405316 -0.173593 21.1738 
10 0 6.5 1 0.442432 0.13384 20.8001 
10 10 0 1 0.309468 -0.30125 12.3754 
10 10 6.5 1 0.37081 0.227586 12.0017 
0 10 0 1 -0.287653 -0.152979 17.0931 
0 10 6.5 1 -0.256966 0.22995 16.7194 
0 5 10 1 -0.0758229 0.351337 20.9174 
10 5 10 1 0.442023 0.384936 16.1997 
0 6 0 1 -0.146317 -0.125841 20.6125 
0 8 0 1 -0.210389 -0.138144 18.8528 
0 8 5 1 -0.187934 0.127359 18.5653 
0 6 5 1 -0.1249 0.116849 20.325 
0 2 2.5 1 -0.0365327 -0.00368875 23.9881 
0 4 2.5 1 -0.0821836 -0.00445281 22.2284 
0 4 5 1 -0.0719112 0.108014 22.0847 
0 2 5 1 -0.0267432 0.100482 23.8444 
0.5 0.5 -0.5 1 -0.00049835 -0.123496 25.2445 
0.5 0.5 6 1 0.0244453 0.134371 24.8708 
10.5 0.5 -0.5 1 0.425497 -0.206111 20.5268 
10.5 0.5 6 1 0.464179 0.110589 20.1531 
10.5 10.5 -0.5 1 0.3395 -0.365206 11.7283 
10.5 10.5 6 1 0.405326 0.191662 11.3546 
0.5 10.5 -0.5 1 -0.289729 -0.192755 16.446 
0.5 10.5 6 1 -0.257855 0.204666 16.0723 
0.5 5.5 9.5 1 -0.0707455 0.335164 20.2703 
10.5 5.5 9.5 1 0.470186 0.365255 15.5526 
0.5 6.5 -0.5 1 -0.143446 -0.157726 19.9654 
0.5 8.5 -0.5 1 -0.209518 -0.173548 18.2057 
0.5 8.5 4.5 1 -0.186239 0.100975 17.9183 
0.5 6.5 4.5 1 -0.121284 0.0924784 19.6779 
0.5 2.5 2 1 -0.031034 -0.0275761 23.3411 
0.5 4.5 2 1 -0.0776053 -0.0303108 21.5814 
0.5 4.5 4.5 1 -0.0669922 0.0853769 21.4376 
0.5 2.5 4.5 1 -0.0209374 0.0793527 23.1973 
