0 0 0 1 0.0729742 -0.376131 23.8288 
0 0 6.5 1 0.092317 -0.102844 24.57 
10 0 0 1 0.5288 -0.518622 16.8778 
10 0 6.5 1 0.536596 -0.131524 17.6191 
10 10 0 1 0.206415 -0.753361 9.77968 
10 10 6.5 1 0.242185 -0.0885631 10.5209 
0 10 0 1 -0.308859 -0.452891 16.7307 
0 10 6.5 1 -0.265458 -0.0653222 17.4719 
0 5 10 1 -0.0420113 0.0761608 21.4201 
10 5 10 1 0.434456 0.12723 14.4691 
0 6 0 1 -0.122887 -0.415505 19.5699 
0 8 0 1 -0.2086 -0.432736 18.1503 
0 8 5 1 -0.180495 -0.155104 18.7205 
0 6 5 1 -0.0991903 -0.15793 20.1401 
0 2 2.5 1 0.0247297 -0.27365 22.6943 
0 4 2.5 1 -0.0385453 -0.278885 21.2746 
0 4 5 1 -0.0285924 -0.160384 21.5597 
0 2 5 1 0.0332827 -0.162535 22.9794 
0.5 0.5 -0.5 1 0.074218 -0.406516 23.0693 
0.5 0.5 6 1 0.094139 -0.123566 23.8106 
10.5 0.5 -0.5 1 0.552058 -0.568825 16.1183 
10.5 0.5 6 1 0.559183 -0.162083 16.8596 
10.5 10.5 -0.5 1 0.220831 -0.862834 9.02021 
10.5 10.5 6 1 0.25829 -0.138 9.76146 
0.5 10.5 -0.5 1 -0.325219 -0.500431 15.9712 
0.5 10.5 6 1 -0.279121 -0.0931411 16.7125 
0.5 5.5 9.5 1 -0.0448493 0.0588589 20.6606 
10.5 5.5 9.5 1 0.456574 0.103985 13.7097 
0.5 6.5 -0.5 1 -0.12927 -0.45436 18.8104 
0.5 8.5 -0.5 1 -0.219247 -0.475515 17.3908 
0.5 8.5 4.5 1 -0.189616 -0.184785 17.961 
0.5 6.5 4.5 1 -0.104457 -0.185548 19.3806 
0.5 2.5 2 1 0.0243673 -0.302059 21.9348 
0.5 4.5 2 1 -0.0412752 -0.309453 20.5152 
0.5 4.5 4.5 1 -0.0309214 -0.186207 20.8003 
0.5 2.5 4.5 1 0.0332174 -0.186782 22.2199 
