0 0 0 1 0.3853 -0.680799 12.3791 
0 0 6.5 1 0.355204 -0.150486 13.6597 
10 0 0 1 -0.340083 -0.59871 14.6176 
10 0 6.5 1 -0.307509 -0.149679 15.8983 
10 10 0 1 -0.112277 -0.442802 24.1626 
10 10 6.5 1 -0.103389 -0.170072 25.4433 
0 10 0 1 0.320559 -0.473234 21.9241 
0 10 6.5 1 0.306415 -0.172515 23.2047 
0 5 10 1 0.31511 0.0210087 19.1218 
10 5 10 1 -0.173938 0.00363742 21.3603 
0 6 0 1 0.338264 -0.529999 18.1061 
0 8 0 1 0.328567 -0.498909 20.0151 
0 8 5 1 0.31617 -0.242099 21.0002 
0 6 5 1 0.324127 -0.245905 19.0912 
0 2 2.5 1 0.355396 -0.430725 14.7806 
0 4 2.5 1 0.341807 -0.404796 16.6896 
0 4 5 1 0.333852 -0.250556 17.1822 
0 2 5 1 0.346008 -0.25637 15.2732 
0.5 0.5 -0.5 1 0.341048 -0.701755 12.8697 
0.5 0.5 6 1 0.316 -0.187934 14.1504 
10.5 0.5 -0.5 1 -0.354221 -0.619227 15.1082 
10.5 0.5 6 1 -0.321517 -0.182036 16.3889 
10.5 10.5 -0.5 1 -0.125475 -0.458478 24.6533 
10.5 10.5 6 1 -0.116103 -0.190134 25.9339 
0.5 10.5 -0.5 1 0.296568 -0.48981 22.4147 
0.5 10.5 6 1 0.284014 -0.194422 23.6954 
0.5 5.5 9.5 1 0.287828 -0.0103002 19.6125 
10.5 5.5 9.5 1 -0.187443 -0.024074 21.851 
0.5 6.5 -0.5 1 0.308881 -0.54848 18.5967 
0.5 8.5 -0.5 1 0.302151 -0.516414 20.5057 
0.5 8.5 4.5 1 0.291248 -0.264664 21.4909 
0.5 6.5 4.5 1 0.296576 -0.270574 19.5819 
0.5 2.5 2 1 0.319064 -0.45642 15.2713 
0.5 4.5 2 1 0.3099 -0.428376 17.1803 
0.5 4.5 4.5 1 0.303055 -0.277761 17.6729 
0.5 2.5 4.5 1 0.311103 -0.286689 15.7639 
