0 0 0 1 0.0319023 -0.248818 9.95687 
0 0 6.5 1 -0.00523804 0.441336 8.89205 
10 0 0 1 -0.245882 -0.0708476 18.6015 
10 0 6.5 1 -0.281581 0.289905 17.5367 
10 10 0 1 0.176854 -0.00137736 23.3541 
10 10 6.5 1 0.168962 0.285773 22.2892 
0 10 0 1 0.613325 -0.0810192 14.7094 
0 10 6.5 1 0.634496 0.381842 13.6446 
0 5 10 1 0.384229 0.74936 10.695 
10 5 10 1 -0.0404403 0.474362 19.3396 
0 6 0 1 0.432533 -0.133196 12.8084 
0 8 0 1 0.529174 -0.105305 13.7589 
0 8 5 1 0.541019 0.268597 12.9398 
0 6 5 1 0.438715 0.268444 11.9893 
0 2 2.5 1 0.182739 0.023046 10.4978 
0 4 2.5 1 0.319624 0.0435936 11.4484 
0 4 5 1 0.318792 0.268264 11.0388 
0 2 5 1 0.176272 0.268051 10.0883 
0.5 0.5 -0.5 1 0.0500805 -0.265919 10.7086 
0.5 0.5 6 1 0.0178426 0.368547 9.64382 
10.5 0.5 -0.5 1 -0.225033 -0.0872233 19.3533 
10.5 0.5 6 1 -0.258051 0.257746 18.2884 
10.5 10.5 -0.5 1 0.180409 -0.016691 24.1058 
10.5 10.5 6 1 0.172939 0.260383 23.041 
0.5 10.5 -0.5 1 0.597645 -0.101023 15.4612 
0.5 10.5 6 1 0.61655 0.336189 14.3964 
0.5 5.5 9.5 1 0.378096 0.667806 11.4467 
10.5 5.5 9.5 1 -0.0280445 0.438187 20.0914 
0.5 6.5 -0.5 1 0.424678 -0.153111 13.5602 
0.5 8.5 -0.5 1 0.516827 -0.125361 14.5107 
0.5 8.5 4.5 1 0.527283 0.226812 13.6916 
0.5 6.5 4.5 1 0.42999 0.22355 12.7411 
0.5 2.5 2 1 0.189963 -0.0114005 11.2496 
0.5 4.5 2 1 0.317851 0.0105646 12.2001 
0.5 4.5 4.5 1 0.31701 0.219763 11.7906 
0.5 2.5 4.5 1 0.184217 0.215312 10.8401 
