0 0 0 1 0.260372 -0.258236 17.0807 
0 0 6.5 1 0.304699 0.123695 16.4297 
10 0 0 1 -0.361032 -0.299371 13.3211 
10 0 6.5 1 -0.335479 0.193779 12.67 
10 10 0 1 -0.376946 -0.121494 22.5331 
10 10 6.5 1 -0.362624 0.16934 21.8821 
0 10 0 1 0.0290158 -0.120206 26.2928 
0 10 6.5 1 0.0515444 0.128017 25.6418 
0 5 10 1 0.167501 0.296193 20.6852 
10 5 10 1 -0.342198 0.386973 16.9255 
0 6 0 1 0.0989333 -0.161919 22.608 
0 8 0 1 0.0613403 -0.139491 24.4504 
0 8 5 1 0.0805704 0.0645376 23.9496 
0 6 5 1 0.120618 0.0586048 22.1072 
0 2 2.5 1 0.210219 -0.0901133 18.6728 
0 4 2.5 1 0.155421 -0.0698314 20.5152 
0 4 5 1 0.167947 0.0515932 20.2648 
0 2 5 1 0.224742 0.0431792 18.4224 
0.5 0.5 -0.5 1 0.215894 -0.277119 17.4034 
0.5 0.5 6 1 0.25764 0.0967211 16.7524 
10.5 0.5 -0.5 1 -0.403068 -0.322485 13.6437 
10.5 0.5 6 1 -0.380257 0.157259 12.9927 
10.5 10.5 -0.5 1 -0.401815 -0.137803 22.8558 
10.5 10.5 6 1 -0.388431 0.148326 22.2048 
0.5 10.5 -0.5 1 0.00273781 -0.134227 26.6155 
0.5 10.5 6 1 0.0243276 0.11056 25.9645 
0.5 5.5 9.5 1 0.132081 0.272033 21.0079 
10.5 5.5 9.5 1 -0.375802 0.355849 17.2482 
0.5 6.5 -0.5 1 0.0674487 -0.177606 22.9307 
0.5 8.5 -0.5 1 0.0326869 -0.154303 24.7731 
0.5 8.5 4.5 1 0.0510701 0.0467069 24.2723 
0.5 6.5 4.5 1 0.088118 0.0393949 22.4299 
0.5 2.5 2 1 0.170322 -0.11027 18.9955 
0.5 4.5 2 1 0.119899 -0.08852 20.8379 
0.5 4.5 4.5 1 0.131797 0.0307741 20.5875 
0.5 2.5 4.5 1 0.184062 0.0204587 18.7451 
