0 0 0 1 0.261124 -0.405614 20.5015 
0 0 6.5 1 0.229789 -0.0886295 21.4884 
10 0 0 1 0.72325 -0.608501 10.9815 
10 0 6.5 1 0.62888 -0.0226499 11.9685 
10 10 0 1 -0.203699 -0.828721 8.32349 
10 10 6.5 1 -0.226745 -0.0522728 9.31049 
0 10 0 1 -0.240113 -0.478119 17.8434 
0 10 6.5 1 -0.249599 -0.11259 18.8304 
0 5 10 1 -0.00507098 0.069589 20.6909 
10 5 10 1 0.222365 0.275114 11.171 
0 6 0 1 -0.0227059 -0.446671 18.9066 
0 8 0 1 -0.128265 -0.46194 18.375 
0 8 5 1 -0.139884 -0.18587 19.1343 
0 6 5 1 -0.0380864 -0.178653 19.6659 
0 2 2.5 1 0.160496 -0.289588 20.3495 
0 4 2.5 1 0.0675364 -0.299532 19.8179 
0 4 5 1 0.0583525 -0.171816 20.1975 
0 2 5 1 0.149845 -0.16533 20.7291 
0.5 0.5 -0.5 1 0.253976 -0.440941 19.8166 
0.5 0.5 6 1 0.221948 -0.111845 20.8036 
10.5 0.5 -0.5 1 0.740229 -0.689982 10.2967 
10.5 0.5 6 1 0.638646 -0.0614481 11.2837 
10.5 10.5 -0.5 1 -0.263915 -0.958299 7.63867 
10.5 10.5 6 1 -0.281901 -0.105379 8.62567 
0.5 10.5 -0.5 1 -0.268373 -0.521811 17.1586 
0.5 10.5 6 1 -0.27668 -0.14011 18.1456 
0.5 5.5 9.5 1 -0.0212634 0.0508637 20.0061 
10.5 5.5 9.5 1 0.206325 0.252811 10.4861 
0.5 6.5 -0.5 1 -0.0411467 -0.486632 18.2218 
0.5 8.5 -0.5 1 -0.151346 -0.503693 17.6902 
0.5 8.5 4.5 1 -0.162447 -0.215658 18.4494 
0.5 6.5 4.5 1 -0.0563444 -0.207346 18.981 
0.5 2.5 2 1 0.149788 -0.321147 19.6646 
0.5 4.5 2 1 0.0532039 -0.332324 19.133 
0.5 4.5 4.5 1 0.0439765 -0.199487 19.5127 
0.5 2.5 4.5 1 0.138976 -0.192045 20.0443 
