0 0 0 1 0.275963 -0.225151 18.6345 
0 0 6.5 1 0.250258 0.124436 18.1493 
10 0 0 1 0.0603062 -0.539274 9.7971 
10 0 6.5 1 -0.0010286 0.125718 9.31194 
10 10 0 1 -0.573299 -0.399523 14.417 
10 10 6.5 1 -0.636359 0.0498213 13.9318 
0 10 0 1 -0.159696 -0.200915 23.2544 
0 10 6.5 1 -0.189468 0.078257 22.7692 
0 5 10 1 -0.0103624 0.272074 20.198 
10 5 10 1 -0.41907 0.387973 11.3606 
0 6 0 1 -0.00799796 -0.209354 21.4064 
0 8 0 1 -0.0869854 -0.20496 22.3304 
0 8 5 1 -0.109498 0.0176607 21.9572 
0 6 5 1 -0.030098 0.0229682 21.0332 
0 2 2.5 1 0.162106 -0.0933611 19.3719 
0 4 2.5 1 0.0674561 -0.0938072 20.2958 
0 4 5 1 0.0565985 0.0287635 20.1092 
0 2 5 1 0.151646 0.035117 19.1853 
0.5 0.5 -0.5 1 0.244745 -0.258397 18.4609 
0.5 0.5 6 1 0.21795 0.0936677 17.9758 
10.5 0.5 -0.5 1 -0.00346775 -0.608716 9.62354 
10.5 0.5 6 1 -0.0693532 0.0652198 9.13838 
10.5 10.5 -0.5 1 -0.624108 -0.444738 14.2434 
10.5 10.5 6 1 -0.689756 0.00868009 13.7582 
0.5 10.5 -0.5 1 -0.187941 -0.227324 23.0808 
0.5 10.5 6 1 -0.218548 0.0534249 22.5957 
0.5 5.5 9.5 1 -0.041624 0.245734 20.0245 
10.5 5.5 9.5 1 -0.481368 0.342623 11.1871 
0.5 6.5 -0.5 1 -0.0374611 -0.238131 21.2329 
0.5 8.5 -0.5 1 -0.115839 -0.232502 22.1568 
0.5 8.5 4.5 1 -0.139025 -0.00857974 21.7836 
0.5 6.5 4.5 1 -0.0602721 -0.00439038 20.8597 
0.5 2.5 2 1 0.131058 -0.124139 19.1983 
0.5 4.5 2 1 0.0370177 -0.123176 20.1223 
0.5 4.5 4.5 1 0.0257807 0.000187315 19.9357 
0.5 2.5 4.5 1 0.120198 0.00520996 19.0117 
