0 0 0 1 0.335303 -0.608648 13.5675 
0 0 6.5 1 0.337132 -0.126847 14.6137 
10 0 0 1 -0.378835 -0.545034 14.2901 
10 0 6.5 1 -0.328376 -0.0902724 15.3363 
10 10 0 1 -0.197951 -0.390916 24.1332 
10 10 6.5 1 -0.174733 -0.120334 25.1794 
0 10 0 1 0.221507 -0.423027 23.4107 
0 10 6.5 1 0.227468 -0.143076 24.4568 
0 5 10 1 0.271075 0.0384074 20.0986 
10 5 10 1 -0.216827 0.059612 20.8212 
0 6 0 1 0.253221 -0.474757 19.4734 
0 8 0 1 0.235908 -0.446517 21.442 
0 8 5 1 0.240428 -0.208928 22.2468 
0 6 5 1 0.257492 -0.212982 20.2782 
0 2 2.5 1 0.302519 -0.384214 15.9385 
0 4 2.5 1 0.276369 -0.360354 17.9072 
0 4 5 1 0.278226 -0.217907 18.3095 
0 2 5 1 0.303956 -0.224019 16.3409 
0.5 0.5 -0.5 1 0.289246 -0.628546 14.0153 
0.5 0.5 6 1 0.294219 -0.159688 15.0615 
10.5 0.5 -0.5 1 -0.400935 -0.565889 14.7379 
10.5 0.5 6 1 -0.350443 -0.122648 15.7841 
10.5 10.5 -0.5 1 -0.214497 -0.406228 24.581 
10.5 10.5 6 1 -0.191009 -0.139749 25.6272 
0.5 10.5 -0.5 1 0.196587 -0.4382 23.8585 
0.5 10.5 6 1 0.203487 -0.162646 24.9046 
0.5 5.5 9.5 1 0.241057 0.0107316 20.5464 
10.5 5.5 9.5 1 -0.235552 0.03243 21.269 
0.5 6.5 -0.5 1 0.222662 -0.491766 19.9212 
0.5 8.5 -0.5 1 0.208452 -0.462574 21.8898 
0.5 8.5 4.5 1 0.213856 -0.229104 22.6946 
0.5 6.5 4.5 1 0.228028 -0.234986 20.726 
0.5 2.5 2 1 0.264022 -0.407367 16.3863 
0.5 4.5 2 1 0.242639 -0.381605 18.355 
0.5 4.5 4.5 1 0.245175 -0.242103 18.7573 
0.5 2.5 4.5 1 0.266342 -0.25089 16.7887 
