0 0 0 1 0.359507 -0.674253 12.9256 
0 0 6.5 1 0.346605 -0.165052 14.1181 
10 0 0 1 -0.365485 -0.598908 14.3614 
10 0 6.5 1 -0.321612 -0.142489 15.5539 
10 10 0 1 -0.160233 -0.434733 24.0863 
10 10 6.5 1 -0.142921 -0.161644 25.2788 
0 10 0 1 0.266498 -0.467322 22.6505 
0 10 6.5 1 0.26351 -0.176158 23.843 
0 5 10 1 0.291546 0.0088087 19.6226 
10 5 10 1 -0.19825 0.0136202 21.0584 
0 6 0 1 0.29213 -0.52435 18.7605 
0 8 0 1 0.27811 -0.493157 20.7055 
0 8 5 1 0.275083 -0.245093 21.6228 
0 6 5 1 0.288151 -0.250313 19.6778 
0 2 2.5 1 0.327451 -0.432728 15.3293 
0 4 2.5 1 0.306669 -0.405655 17.2742 
0 4 5 1 0.304085 -0.256678 17.7329 
0 2 5 1 0.323944 -0.264611 15.7879 
0.5 0.5 -0.5 1 0.313814 -0.694007 13.3919 
0.5 0.5 6 1 0.30506 -0.199471 14.5844 
10.5 0.5 -0.5 1 -0.383954 -0.619119 14.8277 
10.5 0.5 6 1 -0.339984 -0.17448 16.0202 
10.5 10.5 -0.5 1 -0.175285 -0.450056 24.5526 
10.5 10.5 6 1 -0.157589 -0.181204 25.7451 
0.5 10.5 -0.5 1 0.241903 -0.482939 23.1168 
0.5 10.5 6 1 0.240179 -0.196595 24.3093 
0.5 5.5 9.5 1 0.262663 -0.0202149 20.0889 
10.5 5.5 9.5 1 -0.214596 -0.0135716 21.5247 
0.5 6.5 -0.5 1 0.261938 -0.541744 19.2269 
0.5 8.5 -0.5 1 0.251001 -0.509641 21.1718 
0.5 8.5 4.5 1 0.249163 -0.266129 22.0891 
0.5 6.5 4.5 1 0.259426 -0.273259 20.1441 
0.5 2.5 2 1 0.289657 -0.456605 15.7956 
0.5 4.5 2 1 0.273565 -0.427627 17.7405 
0.5 4.5 4.5 1 0.271881 -0.281913 18.1992 
0.5 2.5 4.5 1 0.287318 -0.292638 16.2542 
