0 0 0 1 0.00809263 -0.143469 25.6734 
0 0 6.5 1 0.0333746 0.109076 25.5113 
10 0 0 1 0.424817 -0.227338 20.4948 
10 0 6.5 1 0.459862 0.0888613 20.3326 
10 10 0 1 0.295601 -0.364912 11.9438 
10 10 6.5 1 0.354302 0.178887 11.7817 
0 10 0 1 -0.290155 -0.19755 17.1225 
0 10 6.5 1 -0.254978 0.181805 16.9603 
0 5 10 1 -0.0657233 0.303321 21.1485 
10 5 10 1 0.445141 0.340573 15.9698 
0 6 0 1 -0.141061 -0.170515 20.5429 
0 8 0 1 -0.208838 -0.182805 18.8327 
0 8 5 1 -0.183765 0.0818451 18.7079 
0 6 5 1 -0.117673 0.0720434 20.4181 
0 2 2.5 1 -0.0242609 -0.0475405 23.9009 
0 4 2.5 1 -0.0727803 -0.0484933 22.1907 
0 4 5 1 -0.0617978 0.0637568 22.1283 
0 2 5 1 -0.0139394 0.0566592 23.8385 
0.5 0.5 -0.5 1 0.0129761 -0.168583 24.9994 
0.5 0.5 6 1 0.0389761 0.0906512 24.8373 
10.5 0.5 -0.5 1 0.445147 -0.261865 19.8208 
10.5 0.5 6 1 0.481561 0.0648897 19.6586 
10.5 10.5 -0.5 1 0.323629 -0.433865 11.2698 
10.5 10.5 6 1 0.386301 0.141924 11.1076 
0.5 10.5 -0.5 1 -0.294954 -0.237936 16.4485 
0.5 10.5 6 1 -0.258369 0.156716 16.2863 
0.5 5.5 9.5 1 -0.0621905 0.287364 20.4745 
10.5 5.5 9.5 1 0.472381 0.320855 15.2958 
0.5 6.5 -0.5 1 -0.139976 -0.203032 19.8689 
0.5 8.5 -0.5 1 -0.210167 -0.21884 18.1587 
0.5 8.5 4.5 1 -0.184165 0.0554517 18.0339 
0.5 6.5 4.5 1 -0.115783 0.0476016 19.7441 
0.5 2.5 2 1 -0.0199437 -0.0717875 23.2269 
0.5 4.5 2 1 -0.0696397 -0.0746974 21.5167 
0.5 4.5 4.5 1 -0.0583031 0.041003 21.4543 
0.5 2.5 4.5 1 -0.00931017 0.0353787 23.1645 
