0 0 0 1 -0.461582 -0.359009 10.4725 
0 0 6.5 1 -0.451248 0.276948 9.62895 
10 0 0 1 -0.252864 -0.119484 20.3793 
10 0 6.5 1 -0.238758 0.204316 19.5357 
10 10 0 1 0.231473 -0.150938 20.7945 
10 10 6.5 1 0.265765 0.164792 19.951 
0 10 0 1 0.47141 -0.409947 10.8878 
0 10 6.5 1 0.559676 0.195438 10.0442 
0 5 10 1 0.0960835 0.615547 9.38235 
10 5 10 1 0.0301845 0.368084 19.2891 
0 6 0 1 0.106886 -0.390045 10.7217 
0 8 0 1 0.290549 -0.400072 10.8048 
0 8 5 1 0.346144 0.0611213 10.1559 
0 6 5 1 0.151107 0.0755974 10.0728 
0 2 2.5 1 -0.259266 -0.139648 10.2311 
0 4 2.5 1 -0.0639192 -0.152169 10.3142 
0 4 5 1 -0.0471723 0.0903143 9.98974 
0 2 5 1 -0.248777 0.105278 9.90668 
0.5 0.5 -0.5 1 -0.397084 -0.382052 11.0535 
0.5 0.5 6 1 -0.382009 0.215812 10.2099 
10.5 0.5 -0.5 1 -0.224636 -0.138276 20.9603 
10.5 0.5 6 1 -0.209754 0.175385 20.1167 
10.5 10.5 -0.5 1 0.245988 -0.16851 21.3755 
10.5 10.5 6 1 0.279906 0.137565 20.5319 
0.5 10.5 -0.5 1 0.486309 -0.429575 11.4688 
0.5 10.5 6 1 0.570932 0.141149 10.6252 
0.5 5.5 9.5 1 0.13512 0.533153 9.96334 
10.5 5.5 9.5 1 0.0516853 0.334006 19.8701 
0.5 6.5 -0.5 1 0.140741 -0.410985 11.3027 
0.5 8.5 -0.5 1 0.314785 -0.420348 11.3858 
0.5 8.5 4.5 1 0.368837 0.0146642 10.7368 
0.5 6.5 4.5 1 0.184613 0.0279888 10.6538 
0.5 2.5 2 1 -0.204199 -0.174993 10.8121 
0.5 4.5 2 1 -0.0196892 -0.186577 10.8952 
0.5 4.5 4.5 1 -0.00250515 0.0415227 10.5707 
0.5 2.5 4.5 1 -0.192587 0.055271 10.4877 
