0 0 0 1 0.0966498 -0.409088 23.251 
0 0 6.5 1 0.111261 -0.127953 24.1878 
10 0 0 1 0.565918 -0.560172 15.8971 
10 0 6.5 1 0.560799 -0.147817 16.8339 
10 10 0 1 0.177809 -0.801041 9.27569 
10 10 6.5 1 0.204971 -0.0992314 10.2124 
0 10 0 1 -0.306681 -0.483283 16.6296 
0 10 6.5 1 -0.265054 -0.0922205 17.5663 
0 5 10 1 -0.0347674 0.0513419 21.3814 
10 5 10 1 0.42815 0.1215 14.0276 
0 6 0 1 -0.112101 -0.447489 19.2781 
0 8 0 1 -0.202215 -0.464066 17.9539 
0 8 5 1 -0.176125 -0.18184 18.6744 
0 6 5 1 -0.0909856 -0.184549 19.9987 
0 2 2.5 1 0.0425594 -0.30281 22.287 
0 4 2.5 1 -0.0248495 -0.307867 20.9627 
0 4 5 1 -0.0164218 -0.186922 21.323 
0 2 5 1 0.0494219 -0.189017 22.6473 
0.5 0.5 -0.5 1 0.0971148 -0.440443 22.4802 
0.5 0.5 6 1 0.112189 -0.1488 23.4169 
10.5 0.5 -0.5 1 0.590522 -0.614469 15.1263 
10.5 0.5 6 1 0.583723 -0.17916 16.0631 
10.5 10.5 -0.5 1 0.186394 -0.919442 8.50486 
10.5 10.5 6 1 0.214922 -0.148589 9.4416 
0.5 10.5 -0.5 1 -0.325626 -0.531335 15.8587 
0.5 10.5 6 1 -0.281032 -0.119645 16.7955 
0.5 5.5 9.5 1 -0.0391751 0.0343628 20.6106 
10.5 5.5 9.5 1 0.448214 0.0991813 13.2567 
0.5 6.5 -0.5 1 -0.12023 -0.487174 18.5073 
0.5 8.5 -0.5 1 -0.215013 -0.507553 17.183 
0.5 8.5 4.5 1 -0.187285 -0.211426 17.9036 
0.5 6.5 4.5 1 -0.097964 -0.212206 19.2279 
0.5 2.5 2 1 0.0411075 -0.331762 21.5162 
0.5 4.5 2 1 -0.0289699 -0.338911 20.1919 
0.5 4.5 4.5 1 -0.0201539 -0.212886 20.5522 
0.5 2.5 4.5 1 0.0482357 -0.213483 21.8765 
