0 0 0 1 0.258152 -0.0604336 17.879 
0 0 6.5 1 0.282407 0.318829 16.5956 
10 0 0 1 -0.270653 -0.190967 11.7095 
10 0 6.5 1 -0.297137 0.396652 10.4261 
10 10 0 1 -0.488678 -0.0326734 19.3278 
10 10 6.5 1 -0.519487 0.318112 18.0444 
0 10 0 1 -0.0651191 0.0205563 25.4973 
0 10 6.5 1 -0.0656291 0.284786 24.2139 
0 5 10 1 0.0805096 0.483133 19.7137 
10 5 10 1 -0.45758 0.617882 13.5442 
0 6 0 1 0.0378612 -0.00524357 22.45 
0 8 0 1 -0.0169015 0.00847624 23.9736 
0 8 5 1 -0.0152439 0.222065 22.9864 
0 6 5 1 0.0421554 0.222877 21.4628 
0 2 2.5 1 0.179159 0.0894317 18.909 
0 4 2.5 1 0.104369 0.0984692 20.4327 
0 4 5 1 0.108327 0.223813 19.9391 
0 2 5 1 0.185449 0.224904 18.4154 
0.5 0.5 -0.5 1 0.216452 -0.0857704 18.0501 
0.5 0.5 6 1 0.237268 0.287681 16.7668 
10.5 0.5 -0.5 1 -0.32639 -0.227581 11.8806 
10.5 0.5 6 1 -0.359196 0.346113 10.5973 
10.5 10.5 -0.5 1 -0.520724 -0.0563713 19.4989 
10.5 10.5 6 1 -0.553502 0.289448 18.2156 
0.5 10.5 -0.5 1 -0.0922871 0.0021993 25.6685 
0.5 10.5 6 1 -0.0942233 0.263608 24.3851 
0.5 5.5 9.5 1 0.0441862 0.455455 19.8849 
10.5 5.5 9.5 1 -0.503527 0.576072 13.7154 
0.5 6.5 -0.5 1 0.00625416 -0.0258783 22.6211 
0.5 8.5 -0.5 1 -0.0461257 -0.0109536 24.1448 
0.5 8.5 4.5 1 -0.0457262 0.200228 23.1576 
0.5 6.5 4.5 1 0.00907203 0.199496 21.6339 
0.5 2.5 2 1 0.140419 0.0641183 19.0802 
0.5 4.5 2 1 0.0691153 0.0749527 20.6039 
0.5 4.5 4.5 1 0.0721739 0.198652 20.1103 
0.5 2.5 4.5 1 0.145622 0.197671 18.5866 
