0 0 0 1 0.329018 -0.582591 13.7679 
0 0 6.5 1 0.334763 -0.109111 14.7614 
10 0 0 1 -0.380895 -0.522289 14.2848 
10 0 6.5 1 -0.32918 -0.0687502 15.2783 
10 10 0 1 -0.207704 -0.37334 24.1538 
10 10 6.5 1 -0.183127 -0.103676 25.1473 
0 10 0 1 0.209591 -0.405207 23.6368 
0 10 6.5 1 0.217851 -0.128598 24.6304 
0 5 10 1 0.2657 0.0525308 20.2309 
10 5 10 1 -0.221496 0.0782243 20.7478 
0 6 0 1 0.242995 -0.454822 19.6893 
0 8 0 1 0.224771 -0.427755 21.6631 
0 8 5 1 0.231232 -0.193308 22.4273 
0 6 5 1 0.249399 -0.19674 20.4535 
0 2 2.5 1 0.296026 -0.363863 16.1238 
0 4 2.5 1 0.268428 -0.341383 18.0976 
0 4 5 1 0.271446 -0.200905 18.4797 
0 2 5 1 0.298766 -0.206066 16.5059 
0.5 0.5 -0.5 1 0.282946 -0.602641 14.2108 
0.5 0.5 6 1 0.291534 -0.141642 15.2043 
10.5 0.5 -0.5 1 -0.404003 -0.543448 14.7277 
10.5 0.5 6 1 -0.352284 -0.101349 15.7212 
10.5 10.5 -0.5 1 -0.224658 -0.388692 24.5967 
10.5 10.5 6 1 -0.199848 -0.123098 25.5902 
0.5 10.5 -0.5 1 0.184598 -0.420302 24.0797 
0.5 10.5 6 1 0.193703 -0.14798 25.0732 
0.5 5.5 9.5 1 0.235388 0.0251434 20.6737 
10.5 5.5 9.5 1 -0.240887 0.050968 21.1907 
0.5 6.5 -0.5 1 0.212366 -0.471786 20.1321 
0.5 8.5 -0.5 1 0.197242 -0.443746 22.1059 
0.5 8.5 4.5 1 0.204498 -0.213305 22.8702 
0.5 6.5 4.5 1 0.219755 -0.218553 20.8964 
0.5 2.5 2 1 0.257388 -0.386909 16.5667 
0.5 4.5 2 1 0.234562 -0.362512 18.5405 
0.5 4.5 4.5 1 0.238193 -0.224896 18.9226 
0.5 2.5 4.5 1 0.260927 -0.232716 16.9488 
