0 0 0 1 0.25672 -0.135706 17.8206 
0 0 6.5 1 0.29038 0.238498 16.6361 
10 0 0 1 -0.305987 -0.249828 12.3791 
10 0 6.5 1 -0.315508 0.294194 11.1946 
10 10 0 1 -0.450042 -0.0658489 20.5687 
10 10 6.5 1 -0.464344 0.259573 19.3842 
0 10 0 1 -0.0343722 -0.0261491 26.0102 
0 10 6.5 1 -0.0257058 0.229838 24.8256 
0 5 10 1 0.111187 0.411855 20.093 
10 5 10 1 -0.418296 0.518793 14.6515 
0 6 0 1 0.0568984 -0.0605002 22.7344 
0 8 0 1 0.00819622 -0.0421704 24.3723 
0 8 5 1 0.0169037 0.165574 23.4611 
0 6 5 1 0.0682929 0.162071 21.8232 
0 2 2.5 1 0.188367 0.0202833 19.0029 
0 4 2.5 1 0.120428 0.0355163 20.6408 
0 4 5 1 0.128022 0.157999 20.1852 
0 2 5 1 0.1983 0.153208 18.5473 
0.5 0.5 -0.5 1 0.214063 -0.158257 18.0491 
0.5 0.5 6 1 0.24427 0.209292 16.8646 
10.5 0.5 -0.5 1 -0.356856 -0.280043 12.6077 
10.5 0.5 6 1 -0.371462 0.249962 11.4231 
10.5 10.5 -0.5 1 -0.479297 -0.0861876 20.7973 
10.5 10.5 6 1 -0.495199 0.234214 19.6127 
0.5 10.5 -0.5 1 -0.0611803 -0.0426157 26.2387 
0.5 10.5 6 1 -0.0538605 0.210258 25.0542 
0.5 5.5 9.5 1 0.0749359 0.385668 20.3215 
10.5 5.5 9.5 1 -0.459672 0.481388 14.8801 
0.5 6.5 -0.5 1 0.0253575 -0.0789739 22.9629 
0.5 8.5 -0.5 1 -0.0207923 -0.0595844 24.6008 
0.5 8.5 4.5 1 -0.0132838 0.145486 23.6896 
0.5 6.5 4.5 1 0.0353306 0.140527 22.0517 
0.5 2.5 2 1 0.149145 -0.00273481 19.2315 
0.5 4.5 2 1 0.0850279 0.014138 20.8694 
0.5 4.5 4.5 1 0.0917463 0.134773 20.4138 
0.5 2.5 4.5 1 0.158005 0.128014 18.7759 
