0 0 0 1 0.256256 -0.0420783 18.1486 
0 0 6.5 1 0.258671 0.331375 16.9688 
10 0 0 1 -0.176484 -0.222279 10.7719 
10 0 6.5 1 -0.225435 0.416209 9.59215 
10 10 0 1 -0.546751 -0.0869354 17.275 
10 10 6.5 1 -0.603064 0.303499 16.0953 
0 10 0 1 -0.117371 0.00522851 24.6517 
0 10 6.5 1 -0.134404 0.277591 23.4719 
0 5 10 1 0.0243346 0.485486 19.5851 
10 5 10 1 -0.497619 0.645258 12.2085 
0 6 0 1 0.00563457 -0.0103458 22.0504 
0 8 0 1 -0.0592936 -0.00212492 23.3511 
0 8 5 1 -0.0706481 0.216687 22.4436 
0 6 5 1 -0.00363161 0.221573 21.1429 
0 2 2.5 1 0.16011 0.0985116 18.9954 
0 4 2.5 1 0.0755094 0.100994 20.2961 
0 4 5 1 0.0721705 0.227101 19.8423 
0 2 5 1 0.158607 0.233403 18.5417 
0.5 0.5 -0.5 1 0.217964 -0.070998 18.1956 
0.5 0.5 6 1 0.217718 0.299417 17.0159 
10.5 0.5 -0.5 1 -0.239002 -0.270133 10.819 
10.5 0.5 6 1 -0.295366 0.35938 9.63922 
10.5 10.5 -0.5 1 -0.584793 -0.117192 17.3221 
10.5 10.5 6 1 -0.643721 0.269893 16.1423 
0.5 10.5 -0.5 1 -0.144868 -0.0161668 24.6988 
0.5 10.5 6 1 -0.163247 0.254577 23.519 
0.5 5.5 9.5 1 -0.0105995 0.457417 19.6322 
10.5 5.5 9.5 1 -0.551575 0.599681 12.2555 
0.5 6.5 -0.5 1 -0.0253623 -0.0342266 22.0975 
0.5 8.5 -0.5 1 -0.0884368 -0.0246947 23.3981 
0.5 8.5 4.5 1 -0.100944 0.192748 22.4906 
0.5 6.5 4.5 1 -0.0359354 0.196155 21.19 
0.5 2.5 2 1 0.123758 0.0705306 19.0425 
0.5 4.5 2 1 0.0416777 0.0747962 20.3431 
0.5 4.5 4.5 1 0.0375749 0.200007 19.8894 
0.5 2.5 4.5 1 0.121372 0.204398 18.5888 
