0 0 0 1 0.292459 -0.336352 18.7316 
0 0 6.5 1 0.255293 0.00621947 19.6155 
10 0 0 1 0.463888 -0.566861 8.90262 
10 0 6.5 1 0.373912 0.140589 9.78647 
10 10 0 1 -0.567061 -0.5857 10.1442 
10 10 6.5 1 -0.564282 0.0436138 11.028 
0 10 0 1 -0.220493 -0.360248 19.9732 
0 10 6.5 1 -0.23371 -0.0370568 20.857 
0 5 10 1 -0.00901748 0.151253 20.7122 
10 5 10 1 -0.141061 0.403067 10.8832 
0 6 0 1 -0.0231598 -0.351055 19.4766 
0 8 0 1 -0.123069 -0.35571 19.7249 
0 8 5 1 -0.136707 -0.101742 20.4048 
0 6 5 1 -0.0403361 -0.0941154 20.1565 
0 2 2.5 1 0.171886 -0.207519 19.3199 
0 4 2.5 1 0.0687026 -0.214032 19.5682 
0 4 5 1 0.0584387 -0.0862991 19.9081 
0 2 5 1 0.159709 -0.0782853 19.6598 
0.5 0.5 -0.5 1 0.271626 -0.371635 18.2343 
0.5 0.5 6 1 0.234456 -0.0185209 19.1181 
10.5 0.5 -0.5 1 0.428837 -0.657044 8.40526 
10.5 0.5 6 1 0.337378 0.0968644 9.28911 
10.5 10.5 -0.5 1 -0.650754 -0.665248 9.64681 
10.5 10.5 6 1 -0.640819 0.000464452 10.5307 
0.5 10.5 -0.5 1 -0.253098 -0.393893 19.4758 
0.5 10.5 6 1 -0.265222 -0.0613457 20.3597 
0.5 5.5 9.5 1 -0.0352269 0.131423 20.2148 
10.5 5.5 9.5 1 -0.198398 0.376529 10.3858 
0.5 6.5 -0.5 1 -0.0514462 -0.385339 18.9792 
0.5 8.5 -0.5 1 -0.153574 -0.389671 19.2275 
0.5 8.5 4.5 1 -0.166511 -0.128198 19.9074 
0.5 6.5 4.5 1 -0.0680788 -0.120713 19.6591 
0.5 2.5 2 1 0.148518 -0.238295 18.8225 
0.5 4.5 2 1 0.0429478 -0.244577 19.0708 
0.5 4.5 4.5 1 0.032872 -0.113037 19.4108 
0.5 2.5 4.5 1 0.136439 -0.105162 19.1625 
