0 0 0 1 0.00997621 -0.240107 9.92314 
0 0 6.5 1 -0.0259781 0.455432 8.81214 
10 0 0 1 -0.246885 -0.0593471 18.6547 
10 0 6.5 1 -0.281211 0.301467 17.5437 
10 10 0 1 0.181065 0.00592246 23.2196 
10 10 6.5 1 0.175331 0.295517 22.1086 
0 10 0 1 0.614907 -0.0785474 14.488 
0 10 6.5 1 0.641464 0.393058 13.377 
0 5 10 1 0.381029 0.769754 10.4963 
10 5 10 1 -0.036673 0.486539 19.2279 
0 6 0 1 0.425276 -0.129192 12.6621 
0 8 0 1 0.526468 -0.102167 13.5751 
0 8 5 1 0.542009 0.277745 12.7204 
0 6 5 1 0.434694 0.278139 11.8075 
0 2 2.5 1 0.16667 0.0313471 10.4088 
0 4 2.5 1 0.308855 0.0508056 11.3218 
0 4 5 1 0.309393 0.278599 10.8945 
0 2 5 1 0.161169 0.279143 9.9815 
0.5 0.5 -0.5 1 0.0308694 -0.257519 10.6734 
0.5 0.5 6 1 0.000163632 0.381424 9.56242 
10.5 0.5 -0.5 1 -0.225461 -0.075913 19.405 
10.5 0.5 6 1 -0.257078 0.269097 18.294 
10.5 10.5 -0.5 1 0.185013 -0.00953163 23.9699 
10.5 10.5 6 1 0.17966 0.269807 22.8589 
0.5 10.5 -0.5 1 0.599757 -0.0986977 15.2383 
0.5 10.5 6 1 0.623712 0.346277 14.1273 
0.5 5.5 9.5 1 0.376103 0.68586 11.2466 
10.5 5.5 9.5 1 -0.0237588 0.449947 19.9782 
0.5 6.5 -0.5 1 0.418671 -0.149253 13.4124 
0.5 8.5 -0.5 1 0.514984 -0.122364 14.3253 
0.5 8.5 4.5 1 0.528931 0.235106 13.4707 
0.5 6.5 4.5 1 0.427077 0.232376 12.5577 
0.5 2.5 2 1 0.176118 -0.00355793 11.1591 
0.5 4.5 2 1 0.308752 0.017331 12.0721 
0.5 4.5 4.5 1 0.309251 0.229219 11.6448 
0.5 2.5 4.5 1 0.171379 0.225524 10.7318 
