0 0 0 1 0.288947 -0.270171 18.5799 
0 0 6.5 1 0.253173 0.0776333 18.6456 
10 0 0 1 0.216845 -0.573837 9.17156 
10 0 6.5 1 0.145147 0.130375 9.23718 
10 10 0 1 -0.58683 -0.496483 12.5586 
10 10 6.5 1 -0.635114 0.0183893 12.6242 
0 10 0 1 -0.181634 -0.272769 21.967 
0 10 6.5 1 -0.210507 0.0215755 22.0326 
0 5 10 1 -0.0151016 0.218108 20.3744 
10 5 10 1 -0.336265 0.383056 10.966 
0 6 0 1 -0.0119604 -0.271832 20.6122 
0 8 0 1 -0.0994967 -0.272316 21.2896 
0 8 5 1 -0.122622 -0.0385497 21.3401 
0 6 5 1 -0.0360572 -0.0304038 20.6626 
0 2 2.5 1 0.168424 -0.141411 19.2826 
0 4 2.5 1 0.0689344 -0.146353 19.96 
0 4 5 1 0.0563755 -0.0217057 19.9852 
0 2 5 1 0.155294 -0.0123972 19.3078 
0.5 0.5 -0.5 1 0.261661 -0.305246 18.2738 
0.5 0.5 6 1 0.225388 0.0484892 18.3395 
10.5 0.5 -0.5 1 0.158113 -0.65662 8.86544 
10.5 0.5 6 1 0.0843884 0.0723373 8.93106 
10.5 10.5 -0.5 1 -0.649406 -0.554449 12.2525 
10.5 10.5 6 1 -0.698557 -0.0264733 12.3181 
0.5 10.5 -0.5 1 -0.211304 -0.302396 21.6609 
0.5 10.5 6 1 -0.240494 -0.00381497 21.7265 
0.5 5.5 9.5 1 -0.0445855 0.193617 20.0683 
10.5 5.5 9.5 1 -0.400994 0.341687 10.6599 
0.5 6.5 -0.5 1 -0.0410517 -0.303422 20.3061 
0.5 8.5 -0.5 1 -0.128926 -0.302893 20.9835 
0.5 8.5 4.5 1 -0.152317 -0.0656513 21.0339 
0.5 6.5 4.5 1 -0.0654387 -0.0582847 20.3565 
0.5 2.5 2 1 0.140204 -0.173111 18.9765 
0.5 4.5 2 1 0.0401378 -0.177037 19.6539 
0.5 4.5 4.5 1 0.0274204 -0.050411 19.6791 
0.5 2.5 4.5 1 0.1269 -0.0419759 19.0017 
