0 0 0 1 -0.556097 -0.454922 16.6375 
0 0 6.5 1 -0.532306 -0.0664152 17.8344 
10 0 0 1 -0.0877666 -0.36515 23.5145 
10 0 6.5 1 -0.0932788 -0.0891101 24.7114 
10 10 0 1 0.295791 -0.424906 16.4919 
10 10 6.5 1 0.262138 -0.0352323 17.6888 
0 10 0 1 -0.240264 -0.622985 9.61495 
0 10 6.5 1 -0.235982 0.0364734 10.8118 
0 5 10 1 -0.411041 0.203283 14.9675 
10 5 10 1 0.0474272 0.0927043 21.8445 
0 6 0 1 -0.409443 -0.532961 12.424 
0 8 0 1 -0.335635 -0.572235 11.0195 
0 8 5 1 -0.325299 -0.11681 11.9401 
0 6 5 1 -0.395102 -0.128178 13.3446 
0 2 2.5 1 -0.506997 -0.305704 15.6933 
0 4 2.5 1 -0.459666 -0.313655 14.2888 
0 4 5 1 -0.451611 -0.137381 14.7491 
0 2 5 1 -0.498294 -0.144983 16.1537 
0.5 0.5 -0.5 1 -0.515595 -0.485653 16.5382 
0.5 0.5 6 1 -0.494404 -0.0928959 17.735 
10.5 0.5 -0.5 1 -0.0571731 -0.386475 23.4152 
10.5 0.5 6 1 -0.0641953 -0.108283 24.612 
10.5 10.5 -0.5 1 0.341815 -0.455728 16.3926 
10.5 10.5 6 1 0.304841 -0.061756 17.5894 
0.5 10.5 -0.5 1 -0.166574 -0.678149 9.51561 
0.5 10.5 6 1 -0.170485 -0.00641269 10.7124 
0.5 5.5 9.5 1 -0.365021 0.173498 14.8682 
10.5 5.5 9.5 1 0.0809879 0.071834 21.7452 
0.5 6.5 -0.5 1 -0.353912 -0.574827 12.3246 
0.5 8.5 -0.5 1 -0.272291 -0.619843 10.9201 
0.5 8.5 4.5 1 -0.266793 -0.156895 11.8408 
0.5 6.5 4.5 1 -0.343324 -0.164098 13.2453 
0.5 2.5 2 1 -0.463731 -0.337345 15.594 
0.5 4.5 2 1 -0.411785 -0.348483 14.1895 
0.5 4.5 4.5 1 -0.40518 -0.16992 14.6498 
0.5 2.5 4.5 1 -0.456214 -0.174723 16.0543 
