0 0 0 1 -0.471525 -0.352097 10.4854 
0 0 6.5 1 -0.459048 0.282972 9.67494 
10 0 0 1 -0.252919 -0.118852 20.4025 
10 0 6.5 1 -0.237714 0.204407 19.592 
10 10 0 1 0.232087 -0.152804 20.7142 
10 10 6.5 1 0.266804 0.164011 19.9037 
0 10 0 1 0.465264 -0.410498 10.7972 
0 10 6.5 1 0.55338 0.200008 9.98666 
0 5 10 1 0.0865804 0.620551 9.39438 
10 5 10 1 0.0309315 0.367487 19.3114 
0 6 0 1 0.0971154 -0.387547 10.6725 
0 8 0 1 0.282259 -0.399089 10.7348 
0 8 5 1 0.337921 0.0654432 10.1114 
0 6 5 1 0.141636 0.0805835 10.049 
0 2 2.5 1 -0.269361 -0.13355 10.2361 
0 4 2.5 1 -0.074153 -0.147119 10.2984 
0 4 5 1 -0.0570999 0.0959127 9.98667 
0 2 5 1 -0.258332 0.111435 9.92432 
0.5 0.5 -0.5 1 -0.406471 -0.37617 11.0592 
0.5 0.5 6 1 -0.389547 0.221441 10.2487 
10.5 0.5 -0.5 1 -0.224601 -0.137924 20.9763 
10.5 0.5 6 1 -0.20869 0.175371 20.1658 
10.5 10.5 -0.5 1 0.246918 -0.170681 21.288 
10.5 10.5 6 1 0.281249 0.136549 20.4775 
0.5 10.5 -0.5 1 0.481265 -0.430964 11.3709 
0.5 10.5 6 1 0.565821 0.144801 10.5604 
0.5 5.5 9.5 1 0.12663 0.537856 9.96817 
10.5 5.5 9.5 1 0.0526135 0.333335 19.8852 
0.5 6.5 -0.5 1 0.132076 -0.409411 11.2463 
0.5 8.5 -0.5 1 0.307633 -0.420247 11.3086 
0.5 8.5 4.5 1 0.361786 0.0181062 10.6851 
0.5 6.5 4.5 1 0.176243 0.0321508 10.6228 
0.5 2.5 2 1 -0.213537 -0.169778 10.8098 
0.5 4.5 2 1 -0.0289508 -0.182423 10.8722 
0.5 4.5 4.5 1 -0.0114899 0.0463612 10.5605 
0.5 2.5 4.5 1 -0.201453 0.0607405 10.4981 
