0 0 0 1 0.256973 -0.0669616 18.2753 
0 0 6.5 1 0.253793 0.301222 17.1755 
10 0 0 1 -0.143072 -0.270176 10.6158 
10 0 6.5 1 -0.195045 0.370877 9.516 
10 10 0 1 -0.555098 -0.13164 16.8181 
10 10 6.5 1 -0.615393 0.266153 15.7183 
0 10 0 1 -0.127488 -0.0232678 24.4776 
0 10 6.5 1 -0.147911 0.24929 23.3778 
0 5 10 1 0.0136664 0.454444 19.6845 
10 5 10 1 -0.494478 0.607164 12.0249 
0 6 0 1 0.000279039 -0.0377885 21.9967 
0 8 0 1 -0.0670149 -0.0301405 23.2372 
0 8 5 1 -0.081132 0.188498 22.3912 
0 6 5 1 -0.0119744 0.193367 21.1507 
0 2 2.5 1 0.157294 0.0716308 19.0928 
0 4 2.5 1 0.0708106 0.0736957 20.3333 
0 4 5 1 0.0658007 0.198843 19.9103 
0 2 5 1 0.153911 0.205046 18.6698 
0.5 0.5 -0.5 1 0.21986 -0.0965361 18.2871 
0.5 0.5 6 1 0.214308 0.269504 17.1873 
10.5 0.5 -0.5 1 -0.20649 -0.320842 10.6275 
10.5 0.5 6 1 -0.265719 0.313573 9.52774 
10.5 10.5 -0.5 1 -0.594858 -0.16373 16.8298 
10.5 10.5 6 1 -0.657887 0.231522 15.73 
0.5 10.5 -0.5 1 -0.155017 -0.045373 24.4894 
0.5 10.5 6 1 -0.176724 0.226008 23.3896 
0.5 5.5 9.5 1 -0.0206456 0.426675 19.6962 
10.5 5.5 9.5 1 -0.550129 0.561575 12.0367 
0.5 6.5 -0.5 1 -0.030421 -0.0623778 22.0085 
0.5 8.5 -0.5 1 -0.096043 -0.0534218 23.2489 
0.5 8.5 4.5 1 -0.111249 0.164223 22.4029 
0.5 6.5 4.5 1 -0.0438949 0.167667 21.1625 
0.5 2.5 2 1 0.121831 0.0432367 19.1045 
0.5 4.5 2 1 0.0375598 0.0470316 20.345 
0.5 4.5 4.5 1 0.0318468 0.171539 19.922 
0.5 2.5 4.5 1 0.117647 0.175925 18.6815 
