0 0 0 1 0.258107 -0.0478911 17.8901 
0 0 6.5 1 0.279905 0.332158 16.6001 
10 0 0 1 -0.261675 -0.181879 11.5638 
10 0 6.5 1 -0.291722 0.415372 10.2737 
10 10 0 1 -0.497321 -0.0292975 19.0496 
10 10 6.5 1 -0.53182 0.327289 17.7596 
0 10 0 1 -0.0721257 0.0271249 25.376 
0 10 6.5 1 -0.0747898 0.293073 24.086 
0 5 10 1 0.0731909 0.494531 19.6484 
10 5 10 1 -0.465803 0.635813 13.322 
0 6 0 1 0.0334592 0.00314013 22.3817 
0 8 0 1 -0.0226433 0.0158844 23.8788 
0 8 5 1 -0.0226544 0.230695 22.8865 
0 6 5 1 0.03605 0.232395 21.3893 
0 2 2.5 1 0.176755 0.100708 18.8911 
0 4 2.5 1 0.100525 0.108469 20.3883 
0 4 5 1 0.103591 0.234351 19.8921 
0 2 5 1 0.182127 0.236626 18.395 
0.5 0.5 -0.5 1 0.216696 -0.0738 18.0473 
0.5 0.5 6 1 0.235101 0.300689 16.7573 
10.5 0.5 -0.5 1 -0.318467 -0.219975 11.721 
10.5 0.5 6 1 -0.355084 0.363564 10.4309 
10.5 10.5 -0.5 1 -0.530049 -0.0537945 19.2068 
10.5 10.5 6 1 -0.566602 0.2979 17.9168 
0.5 10.5 -0.5 1 -0.0993628 0.00835017 25.5332 
0.5 10.5 6 1 -0.103459 0.271575 24.2432 
0.5 5.5 9.5 1 0.0369236 0.466617 19.8056 
10.5 5.5 9.5 1 -0.512806 0.59315 13.4792 
0.5 6.5 -0.5 1 0.0018671 -0.0179616 22.5389 
0.5 8.5 -0.5 1 -0.0519006 -0.00398625 24.036 
0.5 8.5 4.5 1 -0.0531716 0.208503 23.0437 
0.5 6.5 4.5 1 0.00298408 0.208649 21.5465 
0.5 2.5 2 1 0.138192 0.074934 19.0484 
0.5 4.5 2 1 0.0653552 0.0845142 20.5455 
0.5 4.5 4.5 1 0.0675265 0.208816 20.0494 
0.5 2.5 4.5 1 0.142486 0.209011 18.5522 
