0 0 0 1 0.404164 -0.559613 11.8273 
0 0 6.5 1 0.350202 -0.0182127 13.0468 
10 0 0 1 -0.290732 -0.493199 15.4429 
10 0 6.5 1 -0.282124 -0.0741404 16.6625 
10 10 0 1 -0.0306419 -0.375911 24.5757 
10 10 6.5 1 -0.0373781 -0.110764 25.7952 
0 10 0 1 0.40634 -0.393155 20.96 
0 10 6.5 1 0.374478 -0.083836 22.1796 
0 5 10 1 0.346127 0.130676 18.2699 
10 5 10 1 -0.134619 0.0634978 21.8856 
0 6 0 1 0.405745 -0.438657 17.3069 
0 8 0 1 0.406071 -0.413734 19.1335 
0 8 5 1 0.379 -0.149846 20.0716 
0 6 5 1 0.375981 -0.147069 18.245 
0 2 2.5 1 0.385637 -0.317839 14.1229 
0 4 2.5 1 0.38833 -0.301777 15.9494 
0 4 5 1 0.37229 -0.143674 16.4185 
0 2 5 1 0.367675 -0.139429 14.5919 
0.5 0.5 -0.5 1 0.365353 -0.585287 12.3709 
0.5 0.5 6 1 0.317033 -0.0632392 13.5904 
10.5 0.5 -0.5 1 -0.297136 -0.515325 15.9865 
10.5 0.5 6 1 -0.288346 -0.107938 17.2061 
10.5 10.5 -0.5 1 -0.0403461 -0.392531 25.1193 
10.5 10.5 6 1 -0.0464939 -0.132087 26.3388 
0.5 10.5 -0.5 1 0.383957 -0.412133 21.5036 
0.5 10.5 6 1 0.354058 -0.109196 22.7232 
0.5 5.5 9.5 1 0.322284 0.0938475 18.8135 
10.5 5.5 9.5 1 -0.142967 0.0342346 22.4292 
0.5 6.5 -0.5 1 0.3788 -0.460133 17.8505 
0.5 8.5 -0.5 1 0.381618 -0.433906 19.6771 
0.5 8.5 4.5 1 0.356374 -0.176058 20.6152 
0.5 6.5 4.5 1 0.351242 -0.17591 18.7886 
0.5 2.5 2 1 0.353587 -0.348456 14.6665 
0.5 4.5 2 1 0.359741 -0.329533 16.493 
0.5 4.5 4.5 1 0.345006 -0.175729 16.9621 
0.5 2.5 4.5 1 0.337264 -0.175505 15.1356 
