0 0 0 1 0.184709 -0.395631 21.7982 
0 0 6.5 1 0.176122 -0.0975974 23.0871 
10 0 0 1 0.674712 -0.522454 13.2591 
10 0 6.5 1 0.617674 -0.0382499 14.5479 
10 10 0 1 0.0284323 -0.698364 8.44752 
10 10 6.5 1 0.0287579 0.0484127 9.73638 
0 10 0 1 -0.275484 -0.447188 16.9867 
0 10 6.5 1 -0.253877 -0.0670524 18.2755 
0 5 10 1 -0.0124142 0.079115 21.3753 
10 5 10 1 0.362599 0.263933 12.8362 
0 6 0 1 -0.0633061 -0.423417 18.9113 
0 8 0 1 -0.163707 -0.434665 17.949 
0 8 5 1 -0.153521 -0.153174 18.9404 
0 6 5 1 -0.0586137 -0.156096 19.9027 
0 2 2.5 1 0.107843 -0.27978 21.3316 
0 4 2.5 1 0.0274574 -0.282906 20.3693 
0 4 5 1 0.027539 -0.158749 20.865 
0 2 5 1 0.106095 -0.161168 21.8274 
0.5 0.5 -0.5 1 0.182296 -0.426877 21.0316 
0.5 0.5 6 1 0.173553 -0.116802 22.3204 
10.5 0.5 -0.5 1 0.700721 -0.582842 12.4924 
10.5 0.5 6 1 0.638077 -0.0660527 13.7813 
10.5 10.5 -0.5 1 0.00622485 -0.81414 7.68085 
10.5 10.5 6 1 0.00976929 0.0131032 8.96971 
0.5 10.5 -0.5 1 -0.300365 -0.49014 16.22 
0.5 10.5 6 1 -0.275981 -0.0901973 17.5089 
0.5 5.5 9.5 1 -0.0222105 0.0648891 20.6086 
10.5 5.5 9.5 1 0.369693 0.251383 12.0695 
0.5 6.5 -0.5 1 -0.0765831 -0.460808 18.1446 
0.5 8.5 -0.5 1 -0.182208 -0.474653 17.1823 
0.5 8.5 4.5 1 -0.170582 -0.179105 18.1737 
0.5 6.5 4.5 1 -0.0710148 -0.18084 19.1361 
0.5 2.5 2 1 0.102509 -0.307416 20.565 
0.5 4.5 2 1 0.0187179 -0.312021 19.6027 
0.5 4.5 4.5 1 0.0190181 -0.182409 20.0984 
0.5 2.5 4.5 1 0.100823 -0.183835 21.0607 
