0 0 0 1 -0.304273 -0.145376 23.4553 
0 0 6.5 1 -0.337047 0.132657 22.9299 
10 0 0 1 0.0931573 -0.0885302 26.1357 
10 0 6.5 1 0.0719661 0.16157 25.6103 
10 10 0 1 0.313492 -0.171961 16.5356 
10 10 6.5 1 0.286825 0.225369 16.0102 
0 10 0 1 -0.316687 -0.284335 13.8552 
0 10 6.5 1 -0.373555 0.188461 13.3298 
0 5 10 1 -0.373875 0.350254 17.8469 
10 5 10 1 0.141227 0.357913 20.5273 
0 6 0 1 -0.310105 -0.210658 17.6952 
0 8 0 1 -0.312996 -0.243013 15.7752 
0 8 5 1 -0.350834 0.0734654 15.3711 
0 6 5 1 -0.343674 0.0714342 17.2911 
0 2 2.5 1 -0.319434 -0.0484862 21.3332 
0 4 2.5 1 -0.322706 -0.0587384 19.4132 
0 4 5 1 -0.337946 0.0698091 19.2111 
0 2 5 1 -0.333258 0.0684792 21.1311 
0.5 0.5 -0.5 1 -0.279712 -0.16751 23.1497 
0.5 0.5 6 1 -0.312359 0.113765 22.6243 
10.5 0.5 -0.5 1 0.119871 -0.107695 25.8301 
10.5 0.5 6 1 0.0989781 0.145028 25.3047 
10.5 10.5 -0.5 1 0.360155 -0.204032 16.23 
10.5 10.5 6 1 0.33453 0.199956 15.7046 
0.5 10.5 -0.5 1 -0.275006 -0.325284 13.5496 
0.5 10.5 6 1 -0.331527 0.156953 13.0242 
0.5 5.5 9.5 1 -0.342674 0.329677 17.5414 
10.5 5.5 9.5 1 0.176075 0.34018 20.2218 
0.5 6.5 -0.5 1 -0.277512 -0.24127 17.3896 
0.5 8.5 -0.5 1 -0.276414 -0.278064 15.4696 
0.5 8.5 4.5 1 -0.314039 0.0438935 15.0655 
0.5 6.5 4.5 1 -0.31091 0.0451686 16.9855 
0.5 2.5 2 1 -0.292616 -0.0714454 21.0276 
0.5 4.5 2 1 -0.293245 -0.0841687 19.1076 
0.5 4.5 4.5 1 -0.308416 0.0461847 18.9055 
0.5 2.5 4.5 1 -0.306382 0.0470134 20.8255 
