0 0 0 1 0.278374 -0.270908 20.1129 
0 0 6.5 1 0.244308 0.0501376 20.2857 
10 0 0 1 0.591527 -0.507941 10.1252 
10 0 6.5 1 0.519166 0.128454 10.298 
10 10 0 1 -0.407351 -0.630557 9.70657 
10 10 6.5 1 -0.465306 0.0349479 9.87937 
0 10 0 1 -0.220592 -0.326303 19.6943 
0 10 6.5 1 -0.251036 0.00198915 19.8671 
0 5 10 1 -0.0179432 0.19881 20.1694 
10 5 10 1 0.0028006 0.423861 10.1817 
0 6 0 1 -0.0184818 -0.303865 19.8617 
0 8 0 1 -0.119109 -0.315036 19.778 
0 8 5 1 -0.143153 -0.0631353 19.9109 
0 6 5 1 -0.0430944 -0.0530927 19.9946 
0 2 2.5 1 0.167347 -0.157119 20.0956 
0 4 2.5 1 0.0686737 -0.167546 20.0119 
0 4 5 1 0.0561302 -0.0431339 20.0784 
0 2 5 1 0.154531 -0.0332578 20.1621 
0.5 0.5 -0.5 1 0.264091 -0.30541 19.5793 
0.5 0.5 6 1 0.22923 0.0246108 19.7521 
10.5 0.5 -0.5 1 0.579793 -0.591556 9.59158 
10.5 0.5 6 1 0.503686 0.0810968 9.76438 
10.5 10.5 -0.5 1 -0.477726 -0.725121 9.17297 
10.5 10.5 6 1 -0.537689 -0.0198696 9.34577 
0.5 10.5 -0.5 1 -0.249082 -0.363101 19.1607 
0.5 10.5 6 1 -0.280112 -0.0254193 19.3335 
0.5 5.5 9.5 1 -0.0402372 0.177173 19.6358 
10.5 5.5 9.5 1 -0.0414248 0.392271 9.64812 
0.5 6.5 -0.5 1 -0.0411456 -0.339725 19.3281 
0.5 8.5 -0.5 1 -0.144662 -0.351362 19.2444 
0.5 8.5 4.5 1 -0.169193 -0.092275 19.3773 
0.5 6.5 4.5 1 -0.0662783 -0.0818318 19.461 
0.5 2.5 2 1 0.150024 -0.188547 19.562 
0.5 4.5 2 1 0.0485722 -0.199395 19.4783 
0.5 4.5 4.5 1 0.0357546 -0.071478 19.5448 
0.5 2.5 4.5 1 0.136917 -0.0612125 19.6285 
