0 0 0 1 -0.549918 -0.452548 16.7776 
0 0 6.5 1 -0.528312 -0.067159 17.9577 
10 0 0 1 -0.0832518 -0.362685 23.584 
10 0 6.5 1 -0.089822 -0.0875023 24.7641 
10 10 0 1 0.29714 -0.422273 16.4863 
10 10 6.5 1 0.262521 -0.0325517 17.6664 
0 10 0 1 -0.244233 -0.619925 9.67992 
0 10 6.5 1 -0.241722 0.035527 10.86 
0 5 10 1 -0.411897 0.20133 15.0443 
10 5 10 1 0.0487952 0.0946411 21.8507 
0 6 0 1 -0.408101 -0.5302 12.519 
0 8 0 1 -0.336646 -0.569325 11.0995 
0 8 5 1 -0.327912 -0.117129 12.0072 
0 6 5 1 -0.39546 -0.128457 13.4268 
0 2 2.5 1 -0.503053 -0.3047 15.8119 
0 4 2.5 1 -0.457311 -0.312632 14.3924 
0 4 5 1 -0.450091 -0.137619 14.8463 
0 2 5 1 -0.495186 -0.145181 16.2658 
0.5 0.5 -0.5 1 -0.509828 -0.482982 16.6723 
0.5 0.5 6 1 -0.490744 -0.0933072 17.8523 
10.5 0.5 -0.5 1 -0.0526898 -0.383893 23.4786 
10.5 0.5 6 1 -0.0607506 -0.10652 24.6587 
10.5 10.5 -0.5 1 0.34339 -0.453053 16.381 
10.5 10.5 6 1 0.305455 -0.0589261 17.5611 
0.5 10.5 -0.5 1 -0.17106 -0.674761 9.57459 
0.5 10.5 6 1 -0.176554 -0.00687237 10.7547 
0.5 5.5 9.5 1 -0.366182 0.171976 14.9389 
10.5 5.5 9.5 1 0.082433 0.0739579 21.7453 
0.5 6.5 -0.5 1 -0.353054 -0.571733 12.4137 
0.5 8.5 -0.5 1 -0.273806 -0.616596 10.9941 
0.5 8.5 4.5 1 -0.269788 -0.156792 11.9019 
0.5 6.5 4.5 1 -0.344064 -0.163983 13.3214 
0.5 2.5 2 1 -0.460183 -0.336014 15.7066 
0.5 4.5 2 1 -0.409845 -0.347115 14.2871 
0.5 4.5 4.5 1 -0.404034 -0.16979 14.7409 
0.5 2.5 4.5 1 -0.453469 -0.174576 16.1605 
