0 0 0 1 0.0622906 -0.351521 24.1321 
0 0 6.5 1 0.0834942 -0.082313 24.7638 
10 0 0 1 0.511255 -0.486905 17.3954 
10 0 6.5 1 0.524651 -0.11235 18.0271 
10 10 0 1 0.219773 -0.711744 10.0693 
10 10 6.5 1 0.259546 -0.0674883 10.7009 
0 10 0 1 -0.308065 -0.427216 16.806 
0 10 6.5 1 -0.264537 -0.042163 17.4377 
0 5 10 1 -0.0451807 0.0971672 21.4409 
10 5 10 1 0.436719 0.142571 14.7041 
0 6 0 1 -0.126929 -0.390194 19.7365 
0 8 0 1 -0.210234 -0.407221 18.2712 
0 8 5 1 -0.18164 -0.13238 18.7571 
0 6 5 1 -0.102409 -0.135676 20.2223 
0 2 2.5 1 0.0167694 -0.250706 22.9099 
0 4 2.5 1 -0.0443898 -0.255682 21.4446 
0 4 5 1 -0.0338828 -0.138528 21.6876 
0 2 5 1 0.0259698 -0.141018 23.1528 
0.5 0.5 -0.5 1 0.0639542 -0.381211 23.3804 
0.5 0.5 6 1 0.0857779 -0.102795 24.0121 
10.5 0.5 -0.5 1 0.53387 -0.534728 16.6437 
10.5 0.5 6 1 0.547022 -0.142126 17.2753 
10.5 10.5 -0.5 1 0.236653 -0.815309 9.31755 
10.5 10.5 6 1 0.278359 -0.1158 9.94921 
0.5 10.5 -0.5 1 -0.322983 -0.473999 16.0543 
0.5 10.5 6 1 -0.27693 -0.0698283 16.6859 
0.5 5.5 9.5 1 -0.0472056 0.0799174 20.6891 
10.5 5.5 9.5 1 0.459681 0.119439 13.9524 
0.5 6.5 -0.5 1 -0.132372 -0.428291 18.9847 
0.5 8.5 -0.5 1 -0.219707 -0.449234 17.5195 
0.5 8.5 4.5 1 -0.189664 -0.161784 18.0054 
0.5 6.5 4.5 1 -0.10677 -0.162995 19.4706 
0.5 2.5 2 1 0.0169804 -0.278614 22.1581 
0.5 4.5 2 1 -0.0463856 -0.285747 20.6929 
0.5 4.5 4.5 1 -0.0354782 -0.164037 20.9358 
0.5 2.5 4.5 1 0.0264872 -0.164942 22.4011 
