0 0 0 1 0.279945 -0.365954 20.2107 
0 0 6.5 1 0.244316 -0.0456024 20.7948 
10 0 0 1 0.67905 -0.615994 10.358 
10 0 6.5 1 0.590036 0.00616176 10.9421 
10 10 0 1 -0.318023 -0.801075 8.9031 
10 10 6.5 1 -0.359302 -0.0721127 9.4872 
0 10 0 1 -0.22431 -0.434413 18.7558 
0 10 6.5 1 -0.24739 -0.0878942 19.3399 
0 5 10 1 -0.00799168 0.105381 20.3819 
10 5 10 1 0.115188 0.300459 10.5292 
0 6 0 1 -0.0135025 -0.405793 19.3378 
0 8 0 1 -0.117296 -0.419885 19.0468 
0 8 5 1 -0.137374 -0.155802 19.4961 
0 6 5 1 -0.0356418 -0.145914 19.7871 
0 2 2.5 1 0.1719 -0.251512 20.1444 
0 4 2.5 1 0.0750412 -0.262769 19.8534 
0 4 5 1 0.0631413 -0.136313 20.0781 
0 2 5 1 0.159102 -0.126986 20.369 
0.5 0.5 -0.5 1 0.269272 -0.401981 19.6004 
0.5 0.5 6 1 0.232875 -0.0708999 20.1845 
10.5 0.5 -0.5 1 0.682578 -0.70409 9.74771 
10.5 0.5 6 1 0.588105 -0.0402023 10.3318 
10.5 10.5 -0.5 1 -0.387257 -0.918248 8.29279 
10.5 10.5 6 1 -0.426819 -0.131457 8.87689 
0.5 10.5 -0.5 1 -0.252799 -0.475631 18.1455 
0.5 10.5 6 1 -0.275742 -0.116535 18.7296 
0.5 5.5 9.5 1 -0.0274604 0.0842161 19.7716 
10.5 5.5 9.5 1 0.08396 0.270273 9.91886 
0.5 6.5 -0.5 1 -0.0342363 -0.444797 18.7275 
0.5 8.5 -0.5 1 -0.141793 -0.459971 18.4365 
0.5 8.5 4.5 1 -0.161937 -0.1864 18.8858 
0.5 6.5 4.5 1 -0.0565944 -0.175733 19.1768 
0.5 2.5 2 1 0.157815 -0.284085 19.5341 
0.5 4.5 2 1 0.0576713 -0.296192 19.2431 
0.5 4.5 4.5 1 0.0455987 -0.165386 19.4677 
0.5 2.5 4.5 1 0.144782 -0.155343 19.7587 
