0 0 0 1 -0.606089 -0.489967 15.5009 
0 0 6.5 1 -0.564358 -0.0728759 16.7829 
10 0 0 1 -0.124037 -0.39304 22.9221 
10 0 6.5 1 -0.120635 -0.108967 24.2042 
10 10 0 1 0.285217 -0.461936 16.5162 
10 10 6.5 1 0.260362 -0.0706579 17.7983 
0 10 0 1 -0.202421 -0.683349 9.095 
0 10 6.5 1 -0.184803 0.0151085 10.3771 
0 5 10 1 -0.401948 0.203067 14.2704 
10 5 10 1 0.0376076 0.0683893 21.6916 
0 6 0 1 -0.417125 -0.580493 11.6573 
0 8 0 1 -0.323028 -0.625571 10.3762 
0 8 5 1 -0.300182 -0.139901 11.3624 
0 6 5 1 -0.389255 -0.147552 12.6436 
0 2 2.5 1 -0.537873 -0.330884 14.7128 
0 4 2.5 1 -0.476699 -0.341899 13.4316 
0 4 5 1 -0.461936 -0.153795 13.9247 
0 2 5 1 -0.52237 -0.158986 15.2059 
0.5 0.5 -0.5 1 -0.561944 -0.523315 15.453 
0.5 0.5 6 1 -0.523476 -0.102476 16.7351 
10.5 0.5 -0.5 1 -0.0932052 -0.415365 22.8742 
10.5 0.5 6 1 -0.0914334 -0.129544 24.1563 
10.5 10.5 -0.5 1 0.32923 -0.493145 16.4684 
10.5 10.5 6 1 0.301129 -0.0985585 17.7505 
0.5 10.5 -0.5 1 -0.124883 -0.74133 9.04715 
0.5 10.5 6 1 -0.116808 -0.0324405 10.3292 
0.5 5.5 9.5 1 -0.353297 0.169167 14.2225 
10.5 5.5 9.5 1 0.0705491 0.0458149 21.6437 
0.5 6.5 -0.5 1 -0.357586 -0.625253 11.6095 
0.5 8.5 -0.5 1 -0.255667 -0.676092 10.3283 
0.5 8.5 4.5 1 -0.238596 -0.183965 11.3145 
0.5 6.5 4.5 1 -0.334271 -0.187163 12.5957 
0.5 2.5 2 1 -0.491133 -0.365505 14.6649 
0.5 4.5 2 1 -0.425266 -0.379873 13.3838 
0.5 4.5 4.5 1 -0.41228 -0.189771 13.8769 
0.5 2.5 4.5 1 -0.477102 -0.191937 15.1581 
