0 0 0 1 -0.531402 -0.447661 17.1956 
0 0 6.5 1 -0.51623 -0.0711492 18.3176 
10 0 0 1 -0.069706 -0.356588 23.7864 
10 0 6.5 1 -0.0793469 -0.0838048 24.9085 
10 10 0 1 0.301289 -0.417084 16.4665 
10 10 6.5 1 0.263967 -0.0269167 17.5886 
0 10 0 1 -0.255024 -0.616035 9.87566 
0 10 6.5 1 -0.257952 0.0282545 10.9978 
0 5 10 1 -0.413967 0.19309 15.2619 
10 5 10 1 0.0531641 0.0989693 21.8527 
0 6 0 1 -0.403497 -0.525583 12.8036 
0 8 0 1 -0.338845 -0.56497 11.3396 
0 8 5 1 -0.334945 -0.121916 12.2028 
0 6 5 1 -0.395932 -0.132476 13.6668 
0 2 2.5 1 -0.491016 -0.304121 16.1632 
0 4 2.5 1 -0.449856 -0.31245 14.6992 
0 4 5 1 -0.445117 -0.140993 15.1307 
0 2 5 1 -0.485624 -0.148007 16.5947 
0.5 0.5 -0.5 1 -0.492499 -0.477261 17.0728 
0.5 0.5 6 1 -0.479623 -0.096383 18.1949 
10.5 0.5 -0.5 1 -0.0392425 -0.377471 23.6636 
10.5 0.5 6 1 -0.0503102 -0.102391 24.7857 
10.5 10.5 -0.5 1 0.348183 -0.447775 16.3437 
10.5 10.5 6 1 0.307586 -0.0528929 17.4658 
0.5 10.5 -0.5 1 -0.183443 -0.66997 9.7529 
0.5 10.5 6 1 -0.193789 -0.0128418 10.875 
0.5 5.5 9.5 1 -0.369142 0.164905 15.1391 
10.5 5.5 9.5 1 0.0870326 0.0788017 21.73 
0.5 6.5 -0.5 1 -0.349881 -0.566189 12.6809 
0.5 8.5 -0.5 1 -0.277523 -0.611307 11.2169 
0.5 8.5 4.5 1 -0.277966 -0.160439 12.08 
0.5 6.5 4.5 1 -0.345664 -0.166931 13.544 
0.5 2.5 2 1 -0.449299 -0.334527 16.0404 
0.5 4.5 2 1 -0.403603 -0.34598 14.5764 
0.5 4.5 4.5 1 -0.400155 -0.172157 15.008 
0.5 2.5 4.5 1 -0.44496 -0.176453 16.472 
