0 0 0 1 -0.574706 -0.464656 16.2143 
0 0 6.5 1 -0.544265 -0.0662241 17.4534 
10 0 0 1 -0.101324 -0.373968 23.2995 
10 0 6.5 1 -0.103576 -0.0951576 24.5386 
10 10 0 1 0.29182 -0.435618 16.505 
10 10 6.5 1 0.261253 -0.0457415 17.7441 
0 10 0 1 -0.227304 -0.638092 9.41978 
0 10 6.5 1 -0.217842 0.0344841 10.6589 
0 5 10 1 -0.408057 0.206496 14.7233 
10 5 10 1 0.043547 0.0853381 21.8086 
0 6 0 1 -0.412938 -0.545417 12.1376 
0 8 0 1 -0.331823 -0.585912 10.7787 
0 8 5 1 -0.316719 -0.120102 11.7318 
0 6 5 1 -0.393496 -0.130909 13.0907 
0 2 2.5 1 -0.51869 -0.311521 15.332 
0 4 2.5 1 -0.466403 -0.320012 13.9731 
0 4 5 1 -0.455832 -0.139684 14.4496 
0 2 5 1 -0.507452 -0.14695 15.8085 
0.5 0.5 -0.5 1 -0.532915 -0.496327 16.1335 
0.5 0.5 6 1 -0.505313 -0.0937832 17.3726 
10.5 0.5 -0.5 1 -0.0706391 -0.395659 23.2188 
10.5 0.5 6 1 -0.0744526 -0.114829 24.4578 
10.5 10.5 -0.5 1 0.337133 -0.466585 16.4242 
10.5 10.5 6 1 0.303248 -0.0727534 17.6633 
0.5 10.5 -0.5 1 -0.152104 -0.694304 9.339 
0.5 10.5 6 1 -0.151378 -0.0100078 10.5781 
0.5 5.5 9.5 1 -0.361092 0.175303 14.6425 
10.5 5.5 9.5 1 0.0768763 0.0638664 21.7278 
0.5 6.5 -0.5 1 -0.355933 -0.588337 12.0568 
0.5 8.5 -0.5 1 -0.266964 -0.63459 10.6979 
0.5 8.5 4.5 1 -0.257061 -0.161569 11.651 
0.5 6.5 4.5 1 -0.340547 -0.168112 13.0099 
0.5 2.5 2 1 -0.474185 -0.344213 15.2512 
0.5 4.5 2 1 -0.41724 -0.355951 13.8923 
0.5 4.5 4.5 1 -0.408241 -0.173417 14.3689 
0.5 2.5 4.5 1 -0.464238 -0.177806 15.7278 
