0 0 0 1 -0.638474 -0.313952 11.284 
0 0 6.5 1 -0.577206 0.257455 11.3595 
10 0 0 1 -0.248942 -0.182723 21.0861 
10 0 6.5 1 -0.217443 0.12354 21.1616 
10 10 0 1 0.235848 -0.251551 19.1097 
10 10 6.5 1 0.268685 0.0865324 19.1852 
0 10 0 1 0.274145 -0.48313 9.30762 
0 10 6.5 1 0.340977 0.209995 9.38311 
0 5 10 1 -0.127726 0.56952 10.412 
10 5 10 1 0.0309428 0.278003 20.214 
0 6 0 1 -0.133771 -0.407512 10.0982 
0 8 0 1 0.0618783 -0.443781 9.7029 
0 8 5 1 0.11256 0.0685182 9.76097 
0 6 5 1 -0.083943 0.0846409 10.1563 
0 2 2.5 1 -0.458351 -0.114134 10.9178 
0 4 2.5 1 -0.290134 -0.136557 10.5225 
0 4 5 1 -0.265723 0.0995557 10.5515 
0 2 5 1 -0.434375 0.113393 10.9468 
0.5 0.5 -0.5 1 -0.571474 -0.351629 11.6695 
0.5 0.5 6 1 -0.512647 0.201265 11.745 
10.5 0.5 -0.5 1 -0.219521 -0.205556 21.4716 
10.5 0.5 6 1 -0.188689 0.0953074 21.547 
10.5 10.5 -0.5 1 0.258666 -0.275338 19.4952 
10.5 10.5 6 1 0.290768 0.056178 19.5706 
0.5 10.5 -0.5 1 0.318514 -0.521762 9.6931 
0.5 10.5 6 1 0.382365 0.14431 9.76858 
0.5 5.5 9.5 1 -0.0735475 0.497259 10.7974 
10.5 5.5 9.5 1 0.0563716 0.245582 20.5995 
0.5 6.5 -0.5 1 -0.0777488 -0.446011 10.4837 
0.5 8.5 -0.5 1 0.112619 -0.482403 10.0884 
0.5 8.5 4.5 1 0.161085 0.0106546 10.1464 
0.5 6.5 4.5 1 -0.0300519 0.0283575 10.5417 
0.5 2.5 2 1 -0.395322 -0.159847 11.3033 
0.5 4.5 2 1 -0.230766 -0.183134 10.908 
0.5 4.5 4.5 1 -0.207373 0.0447807 10.937 
0.5 2.5 4.5 1 -0.372324 0.0600583 11.3323 
