0 0 0 1 0.256031 -0.162543 17.7727 
0 0 6.5 1 0.292209 0.21057 16.6451 
10 0 0 1 -0.316544 -0.269071 12.5828 
10 0 6.5 1 -0.320335 0.262597 11.4552 
10 10 0 1 -0.437856 -0.0789906 20.9527 
10 10 6.5 1 -0.446946 0.239025 19.8251 
0 10 0 1 -0.0245161 -0.0443039 26.1426 
0 10 6.5 1 -0.0130888 0.209296 25.015 
0 5 10 1 0.120508 0.386346 20.2229 
10 5 10 1 -0.405529 0.486675 15.033 
0 6 0 1 0.0629794 -0.0811796 22.7946 
0 8 0 1 0.0162387 -0.0614803 24.4686 
0 8 5 1 0.0270532 0.144651 23.6013 
0 6 5 1 0.0764684 0.139909 21.9273 
0 2 2.5 1 0.191063 -0.00439463 19.013 
0 4 2.5 1 0.125413 0.0126923 20.687 
0 4 5 1 0.134052 0.134383 20.2533 
0 2 5 1 0.202013 0.127862 18.5793 
0.5 0.5 -0.5 1 0.213116 -0.184198 18.0184 
0.5 0.5 6 1 0.245903 0.18204 16.8908 
10.5 0.5 -0.5 1 -0.365853 -0.297447 12.8285 
10.5 0.5 6 1 -0.374315 0.220321 11.701 
10.5 10.5 -0.5 1 -0.46629 -0.098366 21.1984 
10.5 10.5 6 1 -0.476866 0.214667 20.0709 
0.5 10.5 -0.5 1 -0.0512068 -0.0601917 26.3883 
0.5 10.5 6 1 -0.041082 0.190232 25.2608 
0.5 5.5 9.5 1 0.0843571 0.360693 20.4687 
10.5 5.5 9.5 1 -0.445499 0.450695 15.2788 
0.5 6.5 -0.5 1 0.0314772 -0.0989828 23.0404 
0.5 8.5 -0.5 1 -0.012665 -0.0782735 24.7144 
0.5 8.5 4.5 1 -0.00301319 0.125123 23.847 
0.5 6.5 4.5 1 0.0435844 0.118959 22.173 
0.5 2.5 2 1 0.151741 -0.0266734 19.2587 
0.5 4.5 2 1 0.0900063 -0.00800548 20.9327 
0.5 4.5 4.5 1 0.0977925 0.111789 20.499 
0.5 2.5 4.5 1 0.161641 0.103344 18.825 
