0 0 0 1 0.263547 -0.405318 20.4627 
0 0 6.5 1 0.231587 -0.0877405 21.4215 
10 0 0 1 0.722285 -0.61403 10.9091 
10 0 6.5 1 0.627539 -0.0239429 11.8678 
10 10 0 1 -0.213621 -0.834406 8.34924 
10 10 6.5 1 -0.238026 -0.0593339 9.30796 
0 10 0 1 -0.23852 -0.47825 17.9029 
0 10 6.5 1 -0.249298 -0.113864 18.8616 
0 5 10 1 -0.00499616 0.0697222 20.6577 
10 5 10 1 0.214641 0.273383 11.1041 
0 6 0 1 -0.0213961 -0.446709 18.9268 
0 8 0 1 -0.12694 -0.462041 18.4148 
0 8 5 1 -0.139401 -0.186624 19.1523 
0 6 5 1 -0.0374913 -0.179038 19.6643 
0 2 2.5 1 0.162117 -0.2894 20.3195 
0 4 2.5 1 0.0687373 -0.299588 19.8075 
0 4 5 1 0.0592467 -0.171837 20.1763 
0 2 5 1 0.151197 -0.164992 20.6882 
0.5 0.5 -0.5 1 0.25614 -0.440824 19.7833 
0.5 0.5 6 1 0.223475 -0.111203 20.742 
10.5 0.5 -0.5 1 0.738429 -0.696558 10.2297 
10.5 0.5 6 1 0.636546 -0.0635659 11.1884 
10.5 10.5 -0.5 1 -0.274996 -0.964 7.66982 
10.5 10.5 6 1 -0.294503 -0.113499 8.62854 
0.5 10.5 -0.5 1 -0.266833 -0.52191 17.2234 
0.5 10.5 6 1 -0.276521 -0.141606 18.1822 
0.5 5.5 9.5 1 -0.0214635 0.0507176 19.9783 
10.5 5.5 9.5 1 0.197397 0.250235 10.4247 
0.5 6.5 -0.5 1 -0.0400362 -0.486746 18.2474 
0.5 8.5 -0.5 1 -0.150161 -0.50382 17.7354 
0.5 8.5 4.5 1 -0.162154 -0.216605 18.4729 
0.5 6.5 4.5 1 -0.0559833 -0.207939 18.9849 
0.5 2.5 2 1 0.151147 -0.321155 19.6401 
0.5 4.5 2 1 0.054157 -0.332555 19.1281 
0.5 4.5 4.5 1 0.0446114 -0.199728 19.4968 
0.5 2.5 4.5 1 0.140058 -0.191938 20.0088 
