0 0 0 1 -0.180716 -0.318463 10.0615 
0 0 6.5 1 -0.205215 0.361006 8.77072 
10 0 0 1 -0.247416 -0.0669938 19.4139 
10 0 6.5 1 -0.264024 0.279749 18.123 
10 10 0 1 0.212163 -0.0328615 22.3448 
10 10 6.5 1 0.226044 0.267704 21.054 
0 10 0 1 0.594634 -0.203033 12.9925 
0 10 6.5 1 0.6618 0.318981 11.7017 
0 5 10 1 0.312546 0.721059 9.54114 
10 5 10 1 -0.000157858 0.464888 18.8935 
0 6 0 1 0.330636 -0.242336 11.8201 
0 8 0 1 0.468872 -0.221756 12.4063 
0 8 5 1 0.510902 0.188308 11.4134 
0 6 5 1 0.362264 0.188042 10.8272 
0 2 2.5 1 0.00961515 -0.0631221 10.1513 
0 4 2.5 1 0.186861 -0.0491275 10.7375 
0 4 5 1 0.196611 0.187745 10.241 
0 2 5 1 0.0108423 0.187412 9.65479 
0.5 0.5 -0.5 1 -0.138445 -0.331394 10.775 
0.5 0.5 6 1 -0.155348 0.295201 9.48418 
10.5 0.5 -0.5 1 -0.222422 -0.0828303 20.1273 
10.5 0.5 6 1 -0.236688 0.249694 18.8365 
10.5 10.5 -0.5 1 0.21976 -0.047741 23.0583 
10.5 10.5 6 1 0.233637 0.24209 21.7674 
0.5 10.5 -0.5 1 0.587505 -0.219208 13.7059 
0.5 10.5 6 1 0.65007 0.271126 12.4151 
0.5 5.5 9.5 1 0.322643 0.635147 10.2546 
10.5 5.5 9.5 1 0.016502 0.429277 19.6069 
0.5 6.5 -0.5 1 0.337868 -0.257786 12.5336 
0.5 8.5 -0.5 1 0.468263 -0.237635 13.1198 
0.5 8.5 4.5 1 0.507771 0.147003 12.1268 
0.5 6.5 4.5 1 0.368163 0.144656 11.5406 
0.5 2.5 2 1 0.0390385 -0.092714 10.8647 
0.5 4.5 2 1 0.203735 -0.0780764 11.4509 
0.5 4.5 4.5 1 0.213614 0.142057 10.9544 
0.5 2.5 4.5 1 0.0415901 0.139164 10.3682 
