0 0 0 1 0.19606 -0.391778 21.6212 
0 0 6.5 1 0.183976 -0.0916626 22.9117 
10 0 0 1 0.685348 -0.517485 12.9356 
10 0 6.5 1 0.621502 -0.0227337 14.2261 
10 10 0 1 -3.15708e-06 -0.691778 8.39487 
10 10 6.5 1 -0.00246633 0.0581478 9.68533 
0 10 0 1 -0.270856 -0.444022 17.0805 
0 10 6.5 1 -0.253129 -0.0660584 18.371 
0 5 10 1 -0.0107969 0.0831196 21.3362 
10 5 10 1 0.347493 0.280635 12.6506 
0 6 0 1 -0.057163 -0.420111 18.8968 
0 8 0 1 -0.158616 -0.431463 17.9886 
0 8 5 1 -0.151288 -0.150727 18.9813 
0 6 5 1 -0.0552328 -0.152761 19.8895 
0 2 2.5 1 0.115835 -0.275499 21.2094 
0 4 2.5 1 0.0336782 -0.279089 20.3013 
0 4 5 1 0.0324332 -0.154616 20.7976 
0 2 5 1 0.112763 -0.156316 21.7058 
0.5 0.5 -0.5 1 0.193136 -0.42317 20.8607 
0.5 0.5 6 1 0.180807 -0.110921 22.1511 
10.5 0.5 -0.5 1 0.710904 -0.579125 12.175 
10.5 0.5 6 1 0.641003 -0.0505209 13.4655 
10.5 10.5 -0.5 1 -0.0275265 -0.807445 7.63429 
10.5 10.5 6 1 -0.0262199 0.0231159 8.92474 
0.5 10.5 -0.5 1 -0.296355 -0.486583 16.3199 
0.5 10.5 6 1 -0.275993 -0.0891766 17.6104 
0.5 5.5 9.5 1 -0.021408 0.0688475 20.5756 
10.5 5.5 9.5 1 0.352049 0.268572 11.89 
0.5 6.5 -0.5 1 -0.0711458 -0.457407 18.1362 
0.5 8.5 -0.5 1 -0.177814 -0.471226 17.2281 
0.5 8.5 4.5 1 -0.169135 -0.176606 18.2207 
0.5 6.5 4.5 1 -0.0684133 -0.177491 19.1289 
0.5 2.5 2 1 0.109868 -0.303198 20.4488 
0.5 4.5 2 1 0.0242362 -0.308215 19.5407 
0.5 4.5 4.5 1 0.0231778 -0.178296 20.037 
0.5 2.5 4.5 1 0.106826 -0.179031 20.9452 
