0 0 0 1 0.264462 -0.154053 18.5529 
0 0 6.5 1 0.248482 0.201344 17.7348 
10 0 0 1 -0.0431464 -0.423409 10.2327 
10 0 6.5 1 -0.0999785 0.222662 9.41463 
10 10 0 1 -0.566413 -0.274962 15.6356 
10 10 6.5 1 -0.631413 0.143729 14.8175 
0 10 0 1 -0.146445 -0.117914 23.9558 
0 10 6.5 1 -0.173222 0.155772 23.1377 
0 5 10 1 -0.00348548 0.352537 19.9957 
10 5 10 1 -0.464022 0.477469 11.6756 
0 6 0 1 -0.00652975 -0.130219 21.7946 
0 8 0 1 -0.079792 -0.123776 22.8752 
0 8 5 1 -0.0993301 0.0950255 22.2459 
0 6 5 1 -0.024887 0.0995611 21.1653 
0 2 2.5 1 0.156913 -0.0196072 19.3188 
0 4 2.5 1 0.0661009 -0.0182409 20.3994 
0 4 5 1 0.0575664 0.104585 20.0847 
0 2 5 1 0.149396 0.11018 19.0041 
0.5 0.5 -0.5 1 0.230473 -0.185421 18.4699 
0.5 0.5 6 1 0.212843 0.170192 17.6518 
10.5 0.5 -0.5 1 -0.107509 -0.482691 10.1498 
10.5 0.5 6 1 -0.170489 0.163925 9.3317 
10.5 10.5 -0.5 1 -0.611207 -0.312859 15.5527 
10.5 10.5 6 1 -0.67906 0.106085 14.7346 
0.5 10.5 -0.5 1 -0.174168 -0.142057 23.8728 
0.5 10.5 6 1 -0.202026 0.131757 23.0547 
0.5 5.5 9.5 1 -0.036127 0.325552 19.9128 
10.5 5.5 9.5 1 -0.523385 0.43201 11.5926 
0.5 6.5 -0.5 1 -0.0364784 -0.156813 21.7117 
0.5 8.5 -0.5 1 -0.108587 -0.149085 22.7923 
0.5 8.5 4.5 1 -0.129016 0.0698165 22.1629 
0.5 6.5 4.5 1 -0.0558018 0.0730779 21.0824 
0.5 2.5 2 1 0.123814 -0.0491464 19.2359 
0.5 4.5 2 1 0.034392 -0.0462034 20.3164 
0.5 4.5 4.5 1 0.0253232 0.0766917 20.0018 
0.5 2.5 4.5 1 0.115714 0.0807183 18.9212 
