0 0 0 1 -0.580944 -0.468818 16.0722 
0 0 6.5 1 -0.548259 -0.0668698 17.3227 
10 0 0 1 -0.105852 -0.377378 23.2257 
10 0 6.5 1 -0.106992 -0.0975765 24.4762 
10 10 0 1 0.290511 -0.440101 16.5081 
10 10 6.5 1 0.261031 -0.0500411 17.7586 
0 10 0 1 -0.222646 -0.645169 9.3546 
0 10 6.5 1 -0.211505 0.0321808 10.605 
0 5 10 1 -0.40694 0.206665 14.6372 
10 5 10 1 0.0423163 0.0823774 21.7907 
0 6 0 1 -0.413937 -0.551017 12.0416 
0 8 0 1 -0.330303 -0.592181 10.6981 
0 8 5 1 -0.313627 -0.122656 11.66 
0 6 5 1 -0.392798 -0.133048 13.0035 
0 2 2.5 1 -0.522552 -0.314438 15.2096 
0 4 2.5 1 -0.468551 -0.323274 13.8661 
0 4 5 1 -0.45714 -0.141494 14.3471 
0 2 5 1 -0.510464 -0.148494 15.6906 
0.5 0.5 -0.5 1 -0.538704 -0.500816 15.9978 
0.5 0.5 6 1 -0.50894 -0.0948144 17.2483 
10.5 0.5 -0.5 1 -0.0751373 -0.399195 23.1513 
10.5 0.5 6 1 -0.0778543 -0.117423 24.4018 
10.5 10.5 -0.5 1 0.335576 -0.47112 16.4337 
10.5 10.5 6 1 0.302785 -0.0772261 17.6842 
0.5 10.5 -0.5 1 -0.146958 -0.701743 9.2802 
0.5 10.5 6 1 -0.144725 -0.0128902 10.5307 
0.5 5.5 9.5 1 -0.359649 0.174965 14.5628 
10.5 5.5 9.5 1 0.0755686 0.0606936 21.7163 
0.5 6.5 -0.5 1 -0.356432 -0.594303 11.9673 
0.5 8.5 -0.5 1 -0.26494 -0.641229 10.6237 
0.5 8.5 4.5 1 -0.253584 -0.164617 11.5856 
0.5 6.5 4.5 1 -0.339449 -0.170709 12.9291 
0.5 2.5 2 1 -0.477618 -0.3475 15.1352 
0.5 4.5 2 1 -0.418947 -0.359605 13.7917 
0.5 4.5 4.5 1 -0.409149 -0.175654 14.2727 
0.5 2.5 4.5 1 -0.466855 -0.179748 15.6162 
