0 0 0 1 -0.364762 -0.397981 10.3814 
0 0 6.5 1 -0.370998 0.244052 9.28676 
10 0 0 1 -0.25081 -0.118783 20.1474 
10 0 6.5 1 -0.247302 0.210201 19.0527 
10 10 0 1 0.225849 -0.125332 21.4852 
10 10 6.5 1 0.254715 0.181715 20.3906 
0 10 0 1 0.522116 -0.378116 11.7193 
0 10 6.5 1 0.608041 0.185119 10.6246 
0 5 10 1 0.180567 0.593807 9.36625 
10 5 10 1 0.0222048 0.381566 19.1322 
0 6 0 1 0.192826 -0.385492 11.1841 
0 8 0 1 0.361318 -0.381717 11.4517 
0 8 5 1 0.414746 0.0518652 10.6097 
0 6 5 1 0.233917 0.0590015 10.3421 
0 2 2.5 1 -0.163702 -0.169217 10.228 
0 4 2.5 1 0.0292295 -0.170612 10.4955 
0 4 5 1 0.0434839 0.0665169 10.0745 
0 2 5 1 -0.157341 0.0744424 9.80694 
0.5 0.5 -0.5 1 -0.306788 -0.413021 11.0208 
0.5 0.5 6 1 -0.306229 0.185997 9.92615 
10.5 0.5 -0.5 1 -0.223578 -0.135344 20.7868 
10.5 0.5 6 1 -0.21867 0.182037 19.6921 
10.5 10.5 -0.5 1 0.237659 -0.140703 22.1246 
10.5 10.5 6 1 0.266263 0.156208 21.03 
0.5 10.5 -0.5 1 0.527931 -0.392555 12.3587 
0.5 10.5 6 1 0.609543 0.137305 11.264 
0.5 5.5 9.5 1 0.209575 0.513863 10.0056 
10.5 5.5 9.5 1 0.0420059 0.347973 19.7716 
0.5 6.5 -0.5 1 0.216711 -0.400186 11.8235 
0.5 8.5 -0.5 1 0.375765 -0.396286 12.0911 
0.5 8.5 4.5 1 0.427237 0.0115614 11.249 
0.5 6.5 4.5 1 0.257242 0.0173001 10.9815 
0.5 2.5 2 1 -0.116738 -0.197928 10.8674 
0.5 4.5 2 1 0.0639858 -0.198554 11.1349 
0.5 4.5 4.5 1 0.0787554 0.0233255 10.7139 
0.5 2.5 4.5 1 -0.108874 0.0296596 10.4463 
