0 0 0 1 0.403939 -0.540674 11.7596 
0 0 6.5 1 0.34747 0.00210927 12.9484 
10 0 0 1 -0.284766 -0.477116 15.5692 
10 0 6.5 1 -0.279544 -0.0622329 16.758 
10 10 0 1 -0.0201119 -0.363779 24.6325 
10 10 6.5 1 -0.0289068 -0.0997373 25.8212 
0 10 0 1 0.417251 -0.378938 20.8229 
0 10 6.5 1 0.383314 -0.0683789 22.0116 
0 5 10 1 0.349508 0.148973 18.1201 
10 5 10 1 -0.129991 0.0742919 21.9297 
0 6 0 1 0.41361 -0.423176 17.1976 
0 8 0 1 0.415604 -0.398948 19.0102 
0 8 5 1 0.38684 -0.134116 19.9246 
0 6 5 1 0.382068 -0.130616 18.112 
0 2 2.5 1 0.387845 -0.299988 14.0295 
0 4 2.5 1 0.393186 -0.28501 15.8421 
0 4 5 1 0.376234 -0.126338 16.2994 
0 2 5 1 0.368941 -0.12099 14.4867 
0.5 0.5 -0.5 1 0.366087 -0.566889 12.3118 
0.5 0.5 6 1 0.315261 -0.0439988 13.5006 
10.5 0.5 -0.5 1 -0.290083 -0.499314 16.1214 
10.5 0.5 6 1 -0.284663 -0.096141 17.3102 
10.5 10.5 -0.5 1 -0.0293185 -0.380473 25.1847 
10.5 10.5 6 1 -0.0375143 -0.121208 26.3734 
0.5 10.5 -0.5 1 0.395104 -0.398216 21.3751 
0.5 10.5 6 1 0.363165 -0.0942416 22.5638 
0.5 5.5 9.5 1 0.326159 0.111293 18.6723 
10.5 5.5 9.5 1 -0.137605 0.0448307 22.4819 
0.5 6.5 -0.5 1 0.387053 -0.445015 17.7498 
0.5 8.5 -0.5 1 0.391452 -0.419447 19.5624 
0.5 8.5 4.5 1 0.364542 -0.160841 20.4768 
0.5 6.5 4.5 1 0.357746 -0.160041 18.6642 
0.5 2.5 2 1 0.356495 -0.331237 14.5817 
0.5 4.5 2 1 0.365122 -0.313309 16.3943 
0.5 4.5 4.5 1 0.349487 -0.159068 16.8516 
0.5 2.5 4.5 1 0.339238 -0.157861 15.0389 
