0 0 0 1 0.269716 -0.273903 16.5561 
0 0 6.5 1 0.313865 0.118741 16.2236 
10 0 0 1 -0.371946 -0.277541 13.5694 
10 0 6.5 1 -0.333956 0.203608 13.2368 
10 10 0 1 -0.345324 -0.129506 23.0992 
10 10 6.5 1 -0.322847 0.152403 22.7666 
0 10 0 1 0.058876 -0.144146 26.086 
0 10 6.5 1 0.0839652 0.104879 25.7534 
0 5 10 1 0.190518 0.278373 20.8094 
10 5 10 1 -0.311287 0.368156 17.8226 
0 6 0 1 0.121562 -0.182725 22.274 
0 8 0 1 0.0877486 -0.161915 24.18 
0 8 5 1 0.108832 0.044099 23.9242 
0 6 5 1 0.144864 0.0408804 22.0182 
0 2 2.5 1 0.224745 -0.103347 18.3342 
0 4 2.5 1 0.174633 -0.0859614 20.2402 
0 4 5 1 0.187725 0.0370518 20.1123 
0 2 5 1 0.23956 0.0324217 18.2063 
0.5 0.5 -0.5 1 0.224448 -0.293019 16.9089 
0.5 0.5 6 1 0.266749 0.0908859 16.5763 
10.5 0.5 -0.5 1 -0.410669 -0.300667 13.9221 
10.5 0.5 6 1 -0.374613 0.167428 13.5895 
10.5 10.5 -0.5 1 -0.368712 -0.14546 23.4519 
10.5 10.5 6 1 -0.346915 0.131918 23.1193 
0.5 10.5 -0.5 1 0.0327373 -0.158103 26.4387 
0.5 10.5 6 1 0.0571546 0.0873795 26.1061 
0.5 5.5 9.5 1 0.155668 0.253894 21.1622 
10.5 5.5 9.5 1 -0.342125 0.337911 18.1754 
0.5 6.5 -0.5 1 0.090043 -0.198432 22.6268 
0.5 8.5 -0.5 1 0.0591641 -0.176701 24.5327 
0.5 8.5 4.5 1 0.0796403 0.0261641 24.2769 
0.5 6.5 4.5 1 0.112617 0.0214683 22.371 
0.5 2.5 2 1 0.184632 -0.123864 18.6869 
0.5 4.5 2 1 0.139091 -0.104877 20.5929 
0.5 4.5 4.5 1 0.151736 0.0158978 20.465 
0.5 2.5 4.5 1 0.198889 0.00918312 18.559 
