0 0 0 1 0.258722 -0.251905 17.2022 
0 0 6.5 1 0.30258 0.127686 16.4781 
10 0 0 1 -0.356989 -0.302795 13.2551 
10 0 6.5 1 -0.334893 0.193418 12.5311 
10 10 0 1 -0.384587 -0.119131 22.3754 
10 10 6.5 1 -0.372721 0.174202 21.6514 
0 10 0 1 0.0219289 -0.113414 26.3225 
0 10 6.5 1 0.0434633 0.134852 25.5984 
0 5 10 1 0.161637 0.302409 20.6484 
10 5 10 1 -0.34997 0.393021 16.7013 
0 6 0 1 0.0937873 -0.155441 22.6744 
0 8 0 1 0.055183 -0.132863 24.4984 
0 8 5 1 0.073668 0.0708755 23.9414 
0 6 5 1 0.114769 0.0645314 22.1174 
0 2 2.5 1 0.207055 -0.0846938 18.7477 
0 4 2.5 1 0.151039 -0.0640791 20.5718 
0 4 5 1 0.163259 0.0570469 20.2933 
0 2 5 1 0.221326 0.048084 18.4693 
0.5 0.5 -0.5 1 0.214461 -0.270893 17.5165 
0.5 0.5 6 1 0.255589 0.100773 16.7925 
10.5 0.5 -0.5 1 -0.399861 -0.326127 13.5695 
10.5 0.5 6 1 -0.380723 0.156627 12.8454 
10.5 10.5 -0.5 1 -0.409844 -0.135629 22.6898 
10.5 10.5 6 1 -0.398981 0.152962 21.9657 
0.5 10.5 -0.5 1 -0.00438312 -0.127535 26.6368 
0.5 10.5 6 1 0.0161548 0.117324 25.9128 
0.5 5.5 9.5 1 0.126108 0.27823 20.9627 
10.5 5.5 9.5 1 -0.384289 0.361559 17.0157 
0.5 6.5 -0.5 1 0.0623171 -0.171228 22.9887 
0.5 8.5 -0.5 1 0.0265153 -0.147775 24.8128 
0.5 8.5 4.5 1 0.0441025 0.0529798 24.2558 
0.5 6.5 4.5 1 0.0822233 0.0452694 22.4317 
0.5 2.5 2 1 0.167235 -0.1049 19.0621 
0.5 4.5 2 1 0.115539 -0.0828307 20.8862 
0.5 4.5 4.5 1 0.127093 0.0361941 20.6077 
0.5 2.5 4.5 1 0.180676 0.0253562 18.7836 
