0 0 0 1 0.279574 -0.290551 16.0847 
0 0 6.5 1 0.320564 0.111766 16.0516 
10 0 0 1 -0.376163 -0.269066 13.801 
10 0 6.5 1 -0.32995 0.200038 13.7678 
10 10 0 1 -0.316905 -0.145991 23.5365 
10 10 6.5 1 -0.289752 0.128975 23.5034 
0 10 0 1 0.0863434 -0.17026 25.8203 
0 10 6.5 1 0.11161 0.0803223 25.7872 
0 5 10 1 0.208651 0.259078 20.9016 
10 5 10 1 -0.286131 0.342425 18.6178 
0 6 0 1 0.143044 -0.205558 21.9261 
0 8 0 1 0.112381 -0.18647 23.8732 
0 8 5 1 0.133426 0.0219453 23.8477 
0 6 5 1 0.165995 0.0213644 21.9006 
0 2 2.5 1 0.23824 -0.118235 18.0191 
0 4 2.5 1 0.192294 -0.103928 19.9662 
0 4 5 1 0.204921 0.0206701 19.9535 
0 2 5 1 0.252265 0.0198257 18.0064 
0.5 0.5 -0.5 1 0.233853 -0.310395 16.4599 
0.5 0.5 6 1 0.273814 0.0826942 16.4268 
10.5 0.5 -0.5 1 -0.411897 -0.292676 14.1761 
10.5 0.5 6 1 -0.366994 0.16393 14.143 
10.5 10.5 -0.5 1 -0.33902 -0.161918 23.9117 
10.5 10.5 6 1 -0.312324 0.108705 23.8786 
0.5 10.5 -0.5 1 0.0603818 -0.184452 26.1955 
0.5 10.5 6 1 0.0852533 0.0625195 26.1624 
0.5 5.5 9.5 1 0.174531 0.234035 21.2767 
10.5 5.5 9.5 1 -0.314581 0.312725 18.993 
0.5 6.5 -0.5 1 0.111595 -0.221634 22.3012 
0.5 8.5 -0.5 1 0.0839323 -0.20155 24.2483 
0.5 8.5 4.5 1 0.104621 0.00362112 24.2229 
0.5 6.5 4.5 1 0.134124 0.0014483 22.2758 
0.5 2.5 2 1 0.19817 -0.139507 18.3943 
0.5 4.5 2 1 0.156907 -0.123427 20.3414 
0.5 4.5 4.5 1 0.169278 -0.00114076 20.3286 
0.5 2.5 4.5 1 0.211881 -0.00427833 18.3815 
