0 0 0 1 0.265615 -0.163057 18.571 
0 0 6.5 1 0.248467 0.191375 17.7867 
10 0 0 1 -0.0321237 -0.43869 10.1893 
10 0 6.5 1 -0.0893831 0.208624 9.405 
10 10 0 1 -0.567142 -0.289987 15.5082 
10 10 6.5 1 -0.632216 0.131409 14.7239 
0 10 0 1 -0.147984 -0.127894 23.8899 
0 10 6.5 1 -0.175223 0.146141 23.1056 
0 5 10 1 -0.00454596 0.342278 20.0239 
10 5 10 1 -0.45963 0.464854 11.6422 
0 6 0 1 -0.00680513 -0.139896 21.7624 
0 8 0 1 -0.0806841 -0.133615 22.8262 
0 8 5 1 -0.100643 0.0853992 22.2229 
0 6 5 1 -0.0256611 0.0899503 21.1591 
0 2 2.5 1 0.157331 -0.0289505 19.3331 
0 4 2.5 1 0.0660924 -0.0277078 20.3969 
0 4 5 1 0.0572596 0.0949832 20.0953 
0 2 5 1 0.14945 0.100579 19.0315 
0.5 0.5 -0.5 1 0.231939 -0.194627 18.4782 
0.5 0.5 6 1 0.213209 0.160265 17.6939 
10.5 0.5 -0.5 1 -0.0964926 -0.499002 10.0965 
10.5 0.5 6 1 -0.159744 0.149683 9.3122 
10.5 10.5 -0.5 1 -0.612522 -0.328594 15.4154 
10.5 10.5 6 1 -0.680441 0.0934058 14.6311 
0.5 10.5 -0.5 1 -0.175745 -0.15227 23.7971 
0.5 10.5 6 1 -0.204041 0.122039 23.0128 
0.5 5.5 9.5 1 -0.037025 0.315362 19.9311 
10.5 5.5 9.5 1 -0.519337 0.419389 11.5494 
0.5 6.5 -0.5 1 -0.0366881 -0.166718 21.6696 
0.5 8.5 -0.5 1 -0.10947 -0.159156 22.7334 
0.5 8.5 4.5 1 -0.130298 0.0600806 22.13 
0.5 6.5 4.5 1 -0.0564829 0.0633732 21.0663 
0.5 2.5 2 1 0.124466 -0.0586233 19.2403 
0.5 4.5 2 1 0.034533 -0.0558203 20.3041 
0.5 4.5 4.5 1 0.0251833 0.0670161 20.0025 
0.5 2.5 4.5 1 0.116024 0.0710681 18.9387 
