0 0 0 1 0.257195 -0.117598 17.8413 
0 0 6.5 1 0.289007 0.257648 16.6253 
10 0 0 1 -0.298663 -0.235994 12.2347 
10 0 6.5 1 -0.312011 0.31712 11.0187 
10 10 0 1 -0.458407 -0.0570826 20.3011 
10 10 6.5 1 -0.476292 0.273656 19.0851 
0 10 0 1 -0.0410452 -0.0142667 25.9077 
0 10 6.5 1 -0.0343143 0.243482 24.6916 
0 5 10 1 0.104738 0.429119 20.0037 
10 5 10 1 -0.427006 0.54141 14.3971 
0 6 0 1 0.052795 -0.0467795 22.6811 
0 8 0 1 0.00275914 -0.0294436 24.2944 
0 8 5 1 0.00998633 0.179528 23.359 
0 6 5 1 0.0627107 0.176949 21.7457 
0 2 2.5 1 0.186519 0.0369753 18.9869 
0 4 2.5 1 0.117037 0.0508609 20.6002 
0 4 5 1 0.123885 0.173958 20.1324 
0 2 5 1 0.195717 0.170445 18.5192 
0.5 0.5 -0.5 1 0.214718 -0.140772 18.0578 
0.5 0.5 6 1 0.243053 0.227977 16.8418 
10.5 0.5 -0.5 1 -0.350602 -0.267544 12.4513 
10.5 0.5 6 1 -0.369314 0.271496 11.2352 
10.5 10.5 -0.5 1 -0.48824 -0.0781166 20.5176 
10.5 10.5 6 1 -0.507804 0.247587 19.3016 
0.5 10.5 -0.5 1 -0.0679352 -0.0311414 26.1242 
0.5 10.5 6 1 -0.0625756 0.223543 24.9082 
0.5 5.5 9.5 1 0.068435 0.402569 20.2202 
10.5 5.5 9.5 1 -0.469357 0.503011 14.6136 
0.5 6.5 -0.5 1 0.0212285 -0.0657246 22.8977 
0.5 8.5 -0.5 1 -0.0262877 -0.0472949 24.5109 
0.5 8.5 4.5 1 -0.0202794 0.159049 23.5755 
0.5 6.5 4.5 1 0.029702 0.154992 21.9622 
0.5 2.5 2 1 0.147372 0.0134412 19.2034 
0.5 4.5 2 1 0.0816471 0.0290063 20.8167 
0.5 4.5 4.5 1 0.0876084 0.150291 20.349 
0.5 2.5 4.5 1 0.155487 0.144781 18.7357 
