0 0 0 1 0.11798 -0.419458 22.828 
0 0 6.5 1 0.12774 -0.132823 23.8991 
10 0 0 1 0.596747 -0.570465 15.1628 
10 0 6.5 1 0.579529 -0.138526 16.2339 
10 10 0 1 0.150443 -0.801572 8.95563 
10 10 6.5 1 0.170239 -0.0775465 10.0267 
0 10 0 1 -0.301297 -0.487588 16.6209 
0 10 6.5 1 -0.26273 -0.0962626 17.6919 
0 5 10 1 -0.0282619 0.0471648 21.3722 
10 5 10 1 0.419574 0.141063 13.707 
0 6 0 1 -0.100891 -0.455023 19.1037 
0 8 0 1 -0.19413 -0.470173 17.8623 
0 8 5 1 -0.170766 -0.185939 18.6862 
0 6 5 1 -0.0828378 -0.189122 19.9276 
0 2 2.5 1 0.0587014 -0.309984 21.9986 
0 4 2.5 1 -0.0119894 -0.314347 20.7571 
0 4 5 1 -0.00522216 -0.191931 21.1691 
0 2 5 1 0.0637944 -0.194429 22.4105 
0.5 0.5 -0.5 1 0.117825 -0.451112 22.052 
0.5 0.5 6 1 0.12792 -0.153392 23.1231 
10.5 0.5 -0.5 1 0.622335 -0.627131 14.3868 
10.5 0.5 6 1 0.602479 -0.169581 15.4579 
10.5 10.5 -0.5 1 0.153106 -0.923164 8.17963 
10.5 10.5 6 1 0.174255 -0.124324 9.25068 
0.5 10.5 -0.5 1 -0.322046 -0.53498 15.8449 
0.5 10.5 6 1 -0.280396 -0.122702 16.9159 
0.5 5.5 9.5 1 -0.0339373 0.0308536 20.5962 
10.5 5.5 9.5 1 0.43741 0.120718 12.931 
0.5 6.5 -0.5 1 -0.110344 -0.494616 18.3277 
0.5 8.5 -0.5 1 -0.208504 -0.513331 17.0863 
0.5 8.5 4.5 1 -0.183467 -0.214796 17.9102 
0.5 6.5 4.5 1 -0.0911526 -0.216237 19.1516 
0.5 2.5 2 1 0.0563734 -0.338873 21.2225 
0.5 4.5 2 1 -0.0172075 -0.345201 19.9811 
0.5 4.5 4.5 1 -0.0100774 -0.217503 20.3931 
0.5 2.5 4.5 1 0.0616933 -0.218623 21.6345 
