0 0 0 1 -0.362641 -0.330416 21.5467 
0 0 6.5 1 -0.390684 -0.0301331 21.6551 
10 0 0 1 0.0482493 -0.244424 25.7089 
10 0 6.5 1 0.0230025 0.00708693 25.8173 
10 10 0 1 0.322996 -0.344141 16.6178 
10 10 6.5 1 0.282247 0.0447186 16.7262 
0 10 0 1 -0.295984 -0.526218 12.4556 
0 10 6.5 1 -0.344893 -0.00696645 12.564 
0 5 10 1 -0.392879 0.181275 17.1679 
10 5 10 1 0.108262 0.185072 21.3301 
0 6 0 1 -0.331685 -0.421349 16.0921 
0 8 0 1 -0.316108 -0.467105 14.2738 
0 8 5 1 -0.348915 -0.117911 14.3572 
0 6 5 1 -0.360723 -0.111643 16.1754 
0 2 2.5 1 -0.366056 -0.228583 19.7702 
0 4 2.5 1 -0.357152 -0.24544 17.952 
0 4 5 1 -0.370145 -0.106642 17.9937 
0 2 5 1 -0.377838 -0.102559 19.8119 
0.5 0.5 -0.5 1 -0.333691 -0.354444 21.2919 
0.5 0.5 6 1 -0.362214 -0.0504646 21.4003 
10.5 0.5 -0.5 1 0.0765783 -0.263663 25.4542 
10.5 0.5 6 1 0.0509597 -0.00956318 25.5626 
10.5 10.5 -0.5 1 0.371342 -0.375621 16.3631 
10.5 10.5 6 1 0.329644 0.0194609 16.4715 
0.5 10.5 -0.5 1 -0.244071 -0.572239 12.2008 
0.5 10.5 6 1 -0.294449 -0.0418346 12.3092 
0.5 5.5 9.5 1 -0.35689 0.158734 16.9131 
10.5 5.5 9.5 1 0.143202 0.167029 21.0754 
0.5 6.5 -0.5 1 -0.292266 -0.455116 15.8373 
0.5 8.5 -0.5 1 -0.271293 -0.506083 14.0191 
0.5 8.5 4.5 1 -0.304958 -0.15035 14.1024 
0.5 6.5 4.5 1 -0.321975 -0.140277 15.9207 
0.5 2.5 2 1 -0.334515 -0.253469 19.5154 
0.5 4.5 2 1 -0.322242 -0.273126 17.6972 
0.5 4.5 4.5 1 -0.335504 -0.132269 17.7389 
0.5 2.5 4.5 1 -0.346518 -0.12575 19.5571 
