0 0 0 1 -0.0909956 -0.0357449 26.4056 
0 0 6.5 1 -0.0826432 0.215598 25.2783 
10 0 0 1 0.302644 -0.0771958 23.9564 
10 0 6.5 1 0.331331 0.199065 22.8291 
10 10 0 1 0.324888 -0.236194 14.4173 
10 10 6.5 1 0.376052 0.224869 13.29 
0 10 0 1 -0.294609 -0.148212 16.8666 
0 10 6.5 1 -0.295778 0.247406 15.7392 
0 5 10 1 -0.160955 0.407742 19.9017 
10 5 10 1 0.369561 0.413081 17.4525 
0 6 0 1 -0.190625 -0.0907757 20.6822 
0 8 0 1 -0.237334 -0.116575 18.7744 
0 8 5 1 -0.235351 0.152435 17.9072 
0 6 5 1 -0.186789 0.153463 19.815 
0 2 2.5 1 -0.116164 0.0500369 24.0642 
0 4 2.5 1 -0.149331 0.0403002 22.1564 
0 4 5 1 -0.146757 0.154311 21.7228 
0 2 5 1 -0.113189 0.155021 23.6306 
0.5 0.5 -0.5 1 -0.0800446 -0.0602006 25.8929 
0.5 0.5 6 1 -0.0710207 0.195232 24.7656 
10.5 0.5 -0.5 1 0.323348 -0.105113 23.4437 
10.5 0.5 6 1 0.35374 0.176085 22.3164 
10.5 10.5 -0.5 1 0.360615 -0.289126 13.9046 
10.5 10.5 6 1 0.416984 0.185768 12.7773 
0.5 10.5 -0.5 1 -0.283653 -0.190458 16.3539 
0.5 10.5 6 1 -0.284051 0.215353 15.2265 
0.5 5.5 9.5 1 -0.14818 0.38681 19.389 
10.5 5.5 9.5 1 0.400239 0.389284 16.9398 
0.5 6.5 -0.5 1 -0.179099 -0.12357 20.1695 
0.5 8.5 -0.5 1 -0.225915 -0.15352 18.2617 
0.5 8.5 4.5 1 -0.223304 0.121577 17.3945 
0.5 6.5 4.5 1 -0.174643 0.125683 19.3023 
0.5 2.5 2 1 -0.104672 0.0250173 23.5515 
0.5 4.5 2 1 -0.137612 0.0128446 21.6437 
0.5 4.5 4.5 1 -0.134736 0.12905 21.2101 
0.5 2.5 4.5 1 -0.101415 0.131861 23.1179 
