0 0 0 1 0.180838 -0.397348 21.8567 
0 0 6.5 1 0.173429 -0.0999639 23.1422 
10 0 0 1 0.670933 -0.525148 13.3675 
10 0 6.5 1 0.616235 -0.0442634 14.653 
10 10 0 1 0.0375962 -0.70258 8.46624 
10 10 6.5 1 0.0388944 0.0433878 9.75174 
0 10 0 1 -0.277071 -0.449001 16.9554 
0 10 6.5 1 -0.254202 -0.0680713 18.2409 
0 5 10 1 -0.0130398 0.07731 21.3838 
10 5 10 1 0.36739 0.257316 12.8946 
0 6 0 1 -0.0654321 -0.425128 18.9159 
0 8 0 1 -0.165468 -0.436412 17.9357 
0 8 5 1 -0.154343 -0.154632 18.9245 
0 6 5 1 -0.0598245 -0.157785 19.9048 
0 2 2.5 1 0.105092 -0.281685 21.3709 
0 4 2.5 1 0.0252973 -0.284715 20.3906 
0 4 5 1 0.0258216 -0.160642 20.885 
0 2 5 1 0.103788 -0.163243 21.8653 
0.5 0.5 -0.5 1 0.178588 -0.428579 21.0883 
0.5 0.5 6 1 0.171053 -0.119187 22.3738 
10.5 0.5 -0.5 1 0.697058 -0.585217 12.5991 
10.5 0.5 6 1 0.636914 -0.072157 13.8846 
10.5 10.5 -0.5 1 0.0171341 -0.818606 7.69784 
10.5 10.5 6 1 0.0214715 0.00777316 8.98334 
0.5 10.5 -0.5 1 -0.30174 -0.49214 16.187 
0.5 10.5 6 1 -0.276049 -0.091284 17.4725 
0.5 5.5 9.5 1 -0.0225678 0.063055 20.6154 
10.5 5.5 9.5 1 0.375298 0.244488 12.1262 
0.5 6.5 -0.5 1 -0.0784742 -0.462595 18.1475 
0.5 8.5 -0.5 1 -0.183733 -0.476524 17.1673 
0.5 8.5 4.5 1 -0.171142 -0.180634 18.1561 
0.5 6.5 4.5 1 -0.0719675 -0.182581 19.1364 
0.5 2.5 2 1 0.0999639 -0.309339 20.6025 
0.5 4.5 2 1 0.0167883 -0.313869 19.6222 
0.5 4.5 4.5 1 0.0175418 -0.184339 20.1166 
0.5 2.5 4.5 1 0.0987331 -0.185934 21.0969 
