0 0 0 1 -0.543746 -0.45057 16.9172 
0 0 6.5 1 -0.524305 -0.0682137 18.0793 
10 0 0 1 -0.0787373 -0.360446 23.6524 
10 0 6.5 1 -0.0863491 -0.0860903 24.8144 
10 10 0 1 0.298506 -0.420102 16.4801 
10 10 6.5 1 0.262952 -0.0302802 17.6422 
0 10 0 1 -0.248018 -0.617787 9.74496 
0 10 6.5 1 -0.2473 0.0338152 10.907 
0 5 10 1 -0.412674 0.198963 15.1188 
10 5 10 1 0.0502057 0.0963236 21.854 
0 6 0 1 -0.406665 -0.528081 12.6139 
0 8 0 1 -0.33752 -0.567179 11.1794 
0 8 5 1 -0.330395 -0.118113 12.0733 
0 6 5 1 -0.395721 -0.129291 13.5077 
0 2 2.5 1 -0.499077 -0.304124 15.9297 
0 4 2.5 1 -0.454894 -0.312116 14.4953 
0 4 5 1 -0.448505 -0.138322 14.9422 
0 2 5 1 -0.492042 -0.145772 16.3766 
0.5 0.5 -0.5 1 -0.504058 -0.480716 16.806 
0.5 0.5 6 1 -0.487064 -0.0940434 17.968 
10.5 0.5 -0.5 1 -0.0482073 -0.381542 23.5412 
10.5 0.5 6 1 -0.0572894 -0.104958 24.7032 
10.5 10.5 -0.5 1 0.344977 -0.450847 16.3689 
10.5 10.5 6 1 0.306117 -0.0565131 17.5309 
0.5 10.5 -0.5 1 -0.175369 -0.672309 9.63372 
0.5 10.5 6 1 -0.182463 -0.00812337 10.7958 
0.5 5.5 9.5 1 -0.367259 0.170018 15.0076 
10.5 5.5 9.5 1 0.0839206 0.07582 21.7428 
0.5 6.5 -0.5 1 -0.352098 -0.569294 12.5026 
0.5 8.5 -0.5 1 -0.275186 -0.614126 11.0682 
0.5 8.5 4.5 1 -0.272652 -0.157375 11.962 
0.5 6.5 4.5 1 -0.344704 -0.164442 13.3965 
0.5 2.5 2 1 -0.456598 -0.335123 15.8185 
0.5 4.5 2 1 -0.407837 -0.346268 14.384 
0.5 4.5 4.5 1 -0.402818 -0.170141 14.831 
0.5 2.5 4.5 1 -0.450682 -0.174836 16.2654 
