0 0 0 1 -0.270273 -0.0573329 24.2498 
0 0 6.5 1 -0.300855 0.215201 23.3985 
10 0 0 1 0.124683 -0.0160567 26.0054 
10 0 6.5 1 0.109603 0.238853 25.1541 
10 10 0 1 0.31421 -0.0965979 16.2482 
10 10 6.5 1 0.300052 0.315398 15.3969 
0 10 0 1 -0.323692 -0.17542 14.4927 
0 10 6.5 1 -0.379482 0.284679 13.6413 
0 5 10 1 -0.352657 0.438468 18.0615 
10 5 10 1 0.172932 0.448711 19.8171 
0 6 0 1 -0.295524 -0.113153 18.3955 
0 8 0 1 -0.307937 -0.140592 16.4441 
0 8 5 1 -0.344361 0.166629 15.7892 
0 6 5 1 -0.327484 0.161287 17.7406 
0 2 2.5 1 -0.289847 0.0387198 21.971 
0 4 2.5 1 -0.299489 0.0309855 20.0195 
0 4 5 1 -0.313951 0.157004 19.6921 
0 2 5 1 -0.302859 0.153493 21.6435 
0.5 0.5 -0.5 1 -0.248116 -0.0791779 23.9152 
0.5 0.5 6 1 -0.278324 0.196503 23.0639 
10.5 0.5 -0.5 1 0.150472 -0.0358698 25.6708 
10.5 0.5 6 1 0.136074 0.221797 24.8195 
10.5 10.5 -0.5 1 0.359796 -0.130252 15.9136 
10.5 10.5 6 1 0.347901 0.288993 15.0623 
0.5 10.5 -0.5 1 -0.287528 -0.21511 14.1581 
0.5 10.5 6 1 -0.342408 0.254018 13.3067 
0.5 5.5 9.5 1 -0.32432 0.418355 17.7269 
10.5 5.5 9.5 1 0.207742 0.430586 19.4825 
0.5 6.5 -0.5 1 -0.266654 -0.143113 18.0609 
0.5 8.5 -0.5 1 -0.275827 -0.174751 16.1095 
0.5 8.5 4.5 1 -0.311678 0.137674 15.4546 
0.5 6.5 4.5 1 -0.298141 0.135475 17.4061 
0.5 2.5 2 1 -0.265659 0.0160593 21.6364 
0.5 4.5 2 1 -0.273068 0.00594712 19.6849 
0.5 4.5 4.5 1 -0.287333 0.13372 19.3575 
0.5 2.5 4.5 1 -0.278504 0.132287 21.3089 
