0 0 0 1 -0.430623 -0.377554 10.4402 
0 0 6.5 1 -0.426383 0.260441 9.50321 
10 0 0 1 -0.252463 -0.120977 20.3092 
10 0 6.5 1 -0.241765 0.204409 19.3722 
10 10 0 1 0.229597 -0.144515 21.034 
10 10 6.5 1 0.262384 0.168038 20.097 
0 10 0 1 0.489102 -0.405242 11.165 
0 10 6.5 1 0.577301 0.185005 10.228 
0 5 10 1 0.124483 0.60237 9.36106 
10 5 10 1 0.0277575 0.370443 19.23 
0 6 0 1 0.135924 -0.394609 10.8751 
0 8 0 1 0.314836 -0.399995 11.0201 
0 8 5 1 0.370016 0.0512659 10.2993 
0 6 5 1 0.179192 0.0634764 10.1543 
0 2 2.5 1 -0.228248 -0.155535 10.2248 
0 4 2.5 1 -0.0330243 -0.164601 10.3698 
0 4 5 1 -0.0171601 0.0760405 10.0094 
0 2 5 1 -0.219283 0.0889739 9.86441 
0.5 0.5 -0.5 1 -0.368021 -0.397595 11.042 
0.5 0.5 6 1 -0.358228 0.200548 10.105 
10.5 0.5 -0.5 1 -0.224533 -0.138943 20.911 
10.5 0.5 6 1 -0.212847 0.175796 19.9739 
10.5 10.5 -0.5 1 0.243183 -0.161225 21.6358 
10.5 10.5 6 1 0.275633 0.141485 20.6988 
0.5 10.5 -0.5 1 0.500813 -0.422633 11.7668 
0.5 10.5 6 1 0.585124 0.133312 10.8298 
0.5 5.5 9.5 1 0.160337 0.520969 9.96283 
10.5 5.5 9.5 1 0.0487045 0.336588 19.8318 
0.5 6.5 -0.5 1 0.166448 -0.412997 11.4769 
0.5 8.5 -0.5 1 0.335716 -0.417875 11.6218 
0.5 8.5 4.5 1 0.38923 0.00729334 10.9011 
0.5 6.5 4.5 1 0.209341 0.0182281 10.7561 
0.5 2.5 2 1 -0.175648 -0.188316 10.8266 
0.5 4.5 2 1 0.00817245 -0.196451 10.9715 
0.5 4.5 4.5 1 0.0245362 0.0294615 10.6111 
0.5 2.5 4.5 1 -0.165387 0.0410062 10.4662 
