0 0 0 1 -0.644252 -0.3227 11.3375 
0 0 6.5 1 -0.58118 0.245115 11.4562 
10 0 0 1 -0.248763 -0.191456 21.1174 
10 0 6.5 1 -0.216947 0.11413 21.2361 
10 10 0 1 0.235499 -0.261453 19.0387 
10 10 6.5 1 0.267766 0.0777245 19.1574 
0 10 0 1 0.262729 -0.4961 9.25881 
0 10 6.5 1 0.328303 0.199778 9.3775 
0 5 10 1 -0.137569 0.555573 10.4808 
10 5 10 1 0.0300678 0.268423 20.2606 
0 6 0 1 -0.144908 -0.418167 10.0903 
0 8 0 1 0.0501517 -0.455459 9.67456 
0 8 5 1 0.100575 0.0581654 9.76586 
0 6 5 1 -0.0947942 0.0741505 10.1816 
0 2 2.5 1 -0.465776 -0.123854 10.9674 
0 4 2.5 1 -0.299574 -0.14645 10.5517 
0 4 5 1 -0.274834 0.0888813 10.5974 
0 2 5 1 -0.441281 0.1025 11.0131 
0.5 0.5 -0.5 1 -0.577502 -0.360441 11.7135 
0.5 0.5 6 1 -0.517103 0.189712 11.8322 
10.5 0.5 -0.5 1 -0.219302 -0.21432 21.4933 
10.5 0.5 6 1 -0.188202 0.0860761 21.612 
10.5 10.5 -0.5 1 0.258737 -0.28541 19.4146 
10.5 10.5 6 1 0.290242 0.0473858 19.5333 
0.5 10.5 -0.5 1 0.308493 -0.535219 9.63474 
0.5 10.5 6 1 0.370983 0.134314 9.75343 
0.5 5.5 9.5 1 -0.0830953 0.484442 10.8567 
10.5 5.5 9.5 1 0.0556722 0.236232 20.6366 
0.5 6.5 -0.5 1 -0.088138 -0.456977 10.4662 
0.5 8.5 -0.5 1 0.101974 -0.49448 10.0505 
0.5 8.5 4.5 1 0.150062 0.000457569 10.1418 
0.5 6.5 4.5 1 -0.0402999 0.0181459 10.5575 
0.5 2.5 2 1 -0.402763 -0.169416 11.3434 
0.5 4.5 2 1 -0.239881 -0.192969 10.9276 
0.5 4.5 4.5 1 -0.216237 0.0344939 10.9733 
0.5 2.5 4.5 1 -0.379329 0.0496484 11.389 
