0 0 0 1 0.0241379 -0.208791 25.3062 
0 0 6.5 1 0.0495156 0.0465793 25.4035 
10 0 0 1 0.448479 -0.306953 19.5997 
10 0 6.5 1 0.479113 0.0228869 19.697 
10 10 0 1 0.274253 -0.467613 11.3891 
10 10 6.5 1 0.328259 0.0993606 11.4864 
0 10 0 1 -0.295732 -0.268678 17.0956 
0 10 6.5 1 -0.256424 0.108985 17.1929 
0 5 10 1 -0.0574694 0.234689 21.3506 
10 5 10 1 0.444398 0.273475 15.6441 
0 6 0 1 -0.136856 -0.238933 20.3798 
0 8 0 1 -0.209332 -0.252502 18.7377 
0 8 5 1 -0.182043 0.0129322 18.8126 
0 6 5 1 -0.112022 0.00514257 20.4547 
0 2 2.5 1 -0.0115442 -0.112158 23.7015 
0 4 2.5 1 -0.063779 -0.114247 22.0594 
0 4 5 1 -0.0524088 -0.00148931 22.0968 
0 2 5 1 -0.00104288 -0.00720368 23.7389 
0.5 0.5 -0.5 1 0.0279114 -0.235065 24.6028 
0.5 0.5 6 1 0.0539968 0.0276806 24.7001 
10.5 0.5 -0.5 1 0.469187 -0.344815 18.8963 
10.5 0.5 6 1 0.500848 -0.00256698 18.9936 
10.5 10.5 -0.5 1 0.299404 -0.545141 10.6858 
10.5 10.5 6 1 0.356706 0.0595134 10.7831 
0.5 10.5 -0.5 1 -0.303793 -0.310682 16.3923 
0.5 10.5 6 1 -0.262761 0.0833381 16.4896 
0.5 5.5 9.5 1 -0.0557529 0.218488 20.6472 
10.5 5.5 9.5 1 0.470395 0.252913 14.9407 
0.5 6.5 -0.5 1 -0.137892 -0.272862 19.6765 
0.5 8.5 -0.5 1 -0.213289 -0.29005 18.0344 
0.5 8.5 4.5 1 -0.184924 -0.0141514 18.1092 
0.5 6.5 4.5 1 -0.11217 -0.0199667 19.7513 
0.5 2.5 2 1 -0.00859867 -0.13731 22.9981 
0.5 4.5 2 1 -0.0623273 -0.141401 21.356 
0.5 4.5 4.5 1 -0.0505858 -0.0248893 21.3934 
0.5 2.5 4.5 1 0.0022185 -0.0291101 23.0356 
