0 0 0 1 -0.135176 -0.283795 9.97163 
0 0 6.5 1 -0.162809 0.407678 8.68722 
10 0 0 1 -0.247702 -0.0524172 19.1949 
10 0 6.5 1 -0.269175 0.299565 17.9105 
10 10 0 1 0.206376 -0.0106018 22.5156 
10 10 6.5 1 0.215732 0.288858 21.2312 
0 10 0 1 0.605866 -0.155162 13.2923 
0 10 6.5 1 0.665138 0.358849 12.0079 
0 5 10 1 0.336632 0.76182 9.65596 
10 5 10 1 -0.00827257 0.486242 18.8792 
0 6 0 1 0.358812 -0.198047 11.964 
0 8 0 1 0.488835 -0.175477 12.6282 
0 8 5 1 0.525937 0.230683 11.6402 
0 6 5 1 0.386454 0.230658 10.976 
0 2 2.5 1 0.0499696 -0.0222683 10.1418 
0 4 2.5 1 0.220901 -0.0066956 10.8059 
0 4 5 1 0.229006 0.230629 10.3119 
0 2 5 1 0.0498796 0.230596 9.64776 
0.5 0.5 -0.5 1 -0.097506 -0.29824 10.6976 
0.5 0.5 6 1 -0.117868 0.337933 9.41322 
10.5 0.5 -0.5 1 -0.223372 -0.0686062 19.9209 
10.5 0.5 6 1 -0.242332 0.268548 18.6365 
10.5 10.5 -0.5 1 0.213046 -0.025784 23.2416 
10.5 10.5 6 1 0.222482 0.262886 21.9572 
0.5 10.5 -0.5 1 0.596234 -0.172847 14.0183 
0.5 10.5 6 1 0.651156 0.310075 12.7339 
0.5 5.5 9.5 1 0.342454 0.673818 10.382 
10.5 5.5 9.5 1 0.00758271 0.449845 19.6052 
0.5 6.5 -0.5 1 0.362307 -0.215129 12.69 
0.5 8.5 -0.5 1 0.485087 -0.192936 13.3542 
0.5 8.5 4.5 1 0.519711 0.187984 12.3662 
0.5 6.5 4.5 1 0.388529 0.185536 11.702 
0.5 2.5 2 1 0.0746815 -0.0539572 10.8678 
0.5 4.5 2 1 0.233429 -0.03754 11.5319 
0.5 4.5 4.5 1 0.241561 0.182794 11.0379 
0.5 2.5 4.5 1 0.0757746 0.179701 10.3738 
