0 0 0 1 -0.111246 -0.0353267 26.3969 
0 0 6.5 1 -0.108026 0.216396 25.1811 
10 0 0 1 0.280021 -0.0668228 24.4553 
10 0 6.5 1 0.303981 0.204284 23.2394 
10 10 0 1 0.324468 -0.229321 14.8256 
10 10 6.5 1 0.369352 0.219093 13.6097 
0 10 0 1 -0.296657 -0.160919 16.7673 
0 10 6.5 1 -0.30594 0.236856 15.5514 
0 5 10 1 -0.183776 0.405981 19.7115 
10 5 10 1 0.34677 0.410857 17.7698 
0 6 0 1 -0.201711 -0.0966047 20.6191 
0 8 0 1 -0.244293 -0.125449 18.6932 
0 8 5 1 -0.247788 0.14438 17.7579 
0 6 5 1 -0.202841 0.148194 19.6838 
0 2 2.5 1 -0.13585 0.0486939 24.0034 
0 4 2.5 1 -0.16616 0.0369466 22.0774 
0 4 5 1 -0.165905 0.151327 21.6098 
0 2 5 1 -0.135014 0.153948 23.5357 
0.5 0.5 -0.5 1 -0.0990221 -0.0596936 25.9119 
0.5 0.5 6 1 -0.0951371 0.195774 24.696 
10.5 0.5 -0.5 1 0.301153 -0.0938008 23.9702 
10.5 0.5 6 1 0.326753 0.181643 22.7543 
10.5 10.5 -0.5 1 0.361293 -0.279911 14.3405 
10.5 10.5 6 1 0.411247 0.180388 13.1247 
0.5 10.5 -0.5 1 -0.282727 -0.203438 16.2822 
0.5 10.5 6 1 -0.291184 0.203711 15.0663 
0.5 5.5 9.5 1 -0.169132 0.384275 19.2265 
10.5 5.5 9.5 1 0.377948 0.386849 17.2848 
0.5 6.5 -0.5 1 -0.188158 -0.12944 20.1341 
0.5 8.5 -0.5 1 -0.230441 -0.162526 18.2082 
0.5 8.5 4.5 1 -0.233285 0.112872 17.2729 
0.5 6.5 4.5 1 -0.188656 0.119943 19.1988 
0.5 2.5 2 1 -0.12289 0.0235799 23.5183 
0.5 4.5 2 1 -0.152724 0.00932871 21.5924 
0.5 4.5 4.5 1 -0.152166 0.125724 21.1247 
0.5 2.5 4.5 1 -0.121773 0.130539 23.0507 
