0 0 0 1 0.390225 -0.486964 11.1964 
0 0 6.5 1 0.322203 0.0810335 12.0319 
10 0 0 1 -0.251554 -0.414457 16.3335 
10 0 6.5 1 -0.267991 -0.0199379 17.1691 
10 10 0 1 0.0459448 -0.301018 24.8163 
10 10 6.5 1 0.0252531 -0.040657 25.6519 
0 10 0 1 0.488743 -0.312658 19.6792 
0 10 6.5 1 0.444836 0.0133747 20.5147 
0 5 10 1 0.372899 0.244301 16.7232 
10 5 10 1 -0.102552 0.126631 21.8604 
0 6 0 1 0.461651 -0.360591 16.2861 
0 8 0 1 0.476475 -0.334364 17.9826 
0 8 5 1 0.439697 -0.0573793 18.6254 
0 6 5 1 0.42175 -0.0548525 16.9288 
0 2 2.5 1 0.395747 -0.236134 13.2143 
0 4 2.5 1 0.421123 -0.218664 14.9109 
0 4 5 1 0.399806 -0.0517629 15.2322 
0 2 5 1 0.37236 -0.0478987 13.5357 
0.5 0.5 -0.5 1 0.359392 -0.511934 11.8131 
0.5 0.5 6 1 0.296724 0.0300183 12.6487 
10.5 0.5 -0.5 1 -0.249692 -0.434498 16.9503 
10.5 0.5 6 1 -0.265647 -0.0527171 17.7858 
10.5 10.5 -0.5 1 0.039972 -0.317126 25.4331 
10.5 10.5 6 1 0.0199561 -0.0623645 26.2686 
0.5 10.5 -0.5 1 0.467803 -0.332489 20.2959 
0.5 10.5 6 1 0.426005 -0.0151869 21.1315 
0.5 5.5 9.5 1 0.352509 0.201281 17.34 
10.5 5.5 9.5 1 -0.105236 0.0966719 22.4771 
0.5 6.5 -0.5 1 0.437497 -0.382653 16.9028 
0.5 8.5 -0.5 1 0.454032 -0.355283 18.5994 
0.5 8.5 4.5 1 0.419183 -0.0864776 19.2421 
0.5 6.5 4.5 1 0.399883 -0.0868533 17.5455 
0.5 2.5 2 1 0.369166 -0.268646 13.8311 
0.5 4.5 2 1 0.396439 -0.248318 15.5276 
0.5 4.5 4.5 1 0.376452 -0.0873094 15.849 
0.5 2.5 4.5 1 0.347402 -0.0878749 14.1524 
