0 0 0 1 -0.709727 -0.601427 13.1113 
0 0 6.5 1 -0.631499 -0.104761 14.2384 
10 0 0 1 -0.206365 -0.444189 21.6914 
10 0 6.5 1 -0.182416 -0.142044 22.8185 
10 10 0 1 0.253136 -0.546489 16.8567 
10 10 6.5 1 0.254724 -0.156707 17.9839 
0 10 0 1 -0.0679042 -0.901629 8.27659 
0 10 6.5 1 -0.0263869 -0.113634 9.40372 
0 5 10 1 -0.358129 0.174021 12.428 
10 5 10 1 0.0180046 0.0196643 21.0081 
0 6 0 1 -0.39757 -0.747433 10.2105 
0 8 0 1 -0.24998 -0.816466 9.24352 
0 8 5 1 -0.204662 -0.259995 10.1105 
0 6 5 1 -0.344657 -0.244938 11.0775 
0 2 2.5 1 -0.591199 -0.42469 12.5778 
0 4 2.5 1 -0.489827 -0.452771 11.6109 
0 4 5 1 -0.462173 -0.232299 12.0444 
0 2 5 1 -0.562223 -0.221539 13.0114 
0.5 0.5 -0.5 1 -0.654787 -0.639096 13.2118 
0.5 0.5 6 1 -0.581426 -0.142953 14.339 
10.5 0.5 -0.5 1 -0.17538 -0.467752 21.792 
10.5 0.5 6 1 -0.15306 -0.165775 22.9191 
10.5 10.5 -0.5 1 0.29023 -0.576163 16.9573 
10.5 10.5 6 1 0.289498 -0.186699 18.0844 
0.5 10.5 -0.5 1 0.0110375 -0.957433 8.37716 
0.5 10.5 6 1 0.0427536 -0.171158 9.50429 
0.5 5.5 9.5 1 -0.303015 0.128073 12.5285 
10.5 5.5 9.5 1 0.0489239 -0.00687158 21.1087 
0.5 6.5 -0.5 1 -0.330219 -0.794275 10.311 
0.5 8.5 -0.5 1 -0.177247 -0.867412 9.34409 
0.5 8.5 4.5 1 -0.138552 -0.312096 10.2111 
0.5 6.5 4.5 1 -0.283005 -0.292668 11.1781 
0.5 2.5 2 1 -0.534888 -0.465346 12.6784 
0.5 4.5 2 1 -0.429737 -0.496542 11.7115 
0.5 4.5 4.5 1 -0.404457 -0.276334 12.145 
0.5 2.5 4.5 1 -0.507996 -0.262409 13.1119 
