0 0 0 1 -0.257818 -0.0379083 24.4854 
0 0 6.5 1 -0.286849 0.233114 23.5413 
10 0 0 1 0.136604 -0.00152889 25.9307 
10 0 6.5 1 0.124155 0.255191 24.9866 
10 10 0 1 0.315802 -0.085061 16.1429 
10 10 6.5 1 0.306466 0.331794 15.1988 
0 10 0 1 -0.323665 -0.153882 14.6975 
0 10 6.5 1 -0.377875 0.302056 13.7535 
0 5 10 1 -0.342459 0.456244 18.1391 
10 5 10 1 0.186022 0.467944 19.5844 
0 6 0 1 -0.289016 -0.0928555 18.6127 
0 8 0 1 -0.304304 -0.119782 16.6551 
0 8 5 1 -0.339427 0.184595 15.9289 
0 6 5 1 -0.319674 0.179303 17.8865 
0 2 2.5 1 -0.27841 0.0574246 22.1647 
0 4 2.5 1 -0.289984 0.0497895 20.2071 
0 4 5 1 -0.303818 0.175055 19.844 
0 2 5 1 -0.29081 0.17157 21.8016 
0.5 0.5 -0.5 1 -0.236462 -0.059815 24.1409 
0.5 0.5 6 1 -0.265055 0.214341 23.1968 
10.5 0.5 -0.5 1 0.162065 -0.0217082 25.5862 
10.5 0.5 6 1 0.150417 0.237827 24.6421 
10.5 10.5 -0.5 1 0.360945 -0.119564 15.7984 
10.5 10.5 6 1 0.354261 0.304766 14.8543 
0.5 10.5 -0.5 1 -0.289325 -0.193511 14.353 
0.5 10.5 6 1 -0.342511 0.271351 13.409 
0.5 5.5 9.5 1 -0.315125 0.436091 17.7946 
10.5 5.5 9.5 1 0.220766 0.449514 19.2399 
0.5 6.5 -0.5 1 -0.261382 -0.122841 18.2682 
0.5 8.5 -0.5 1 -0.273677 -0.153935 16.3106 
0.5 8.5 4.5 1 -0.308149 0.15558 15.5844 
0.5 6.5 4.5 1 -0.291498 0.153422 17.542 
0.5 2.5 2 1 -0.255107 0.0346933 21.8202 
0.5 4.5 2 1 -0.264585 0.0246854 19.8626 
0.5 4.5 4.5 1 -0.278191 0.151697 19.4995 
0.5 2.5 4.5 1 -0.267312 0.150286 21.4571 
