0 0 0 1 -0.0710053 -0.0361532 26.3484 
0 0 6.5 1 -0.0579237 0.215312 25.3409 
10 0 0 1 0.325877 -0.0860951 23.3942 
10 0 6.5 1 0.358547 0.196307 22.3866 
10 10 0 1 0.325498 -0.236458 13.9671 
10 10 6.5 1 0.381903 0.239679 12.9596 
0 10 0 1 -0.292425 -0.132442 16.9214 
0 10 6.5 1 -0.285613 0.26189 15.9138 
0 5 10 1 -0.138886 0.411395 20.0849 
10 5 10 1 0.391405 0.420375 17.1306 
0 6 0 1 -0.179647 -0.0833981 20.6922 
0 8 0 1 -0.230383 -0.105462 18.8068 
0 8 5 1 -0.223091 0.163403 18.0318 
0 6 5 1 -0.171072 0.160873 19.9172 
0 2 2.5 1 -0.0968343 0.0521123 24.0755 
0 4 2.5 1 -0.132798 0.0449267 22.1901 
0 4 5 1 -0.128049 0.158781 21.8026 
0 2 5 1 -0.0918743 0.157022 23.688 
0.5 0.5 -0.5 1 -0.0612637 -0.0605678 25.8069 
0.5 0.5 6 1 -0.0475007 0.195397 24.7993 
10.5 0.5 -0.5 1 0.346283 -0.114849 22.8526 
10.5 0.5 6 1 0.380704 0.173227 21.8451 
10.5 10.5 -0.5 1 0.360217 -0.291469 13.4255 
10.5 10.5 6 1 0.4219 0.20097 12.418 
0.5 10.5 -0.5 1 -0.284398 -0.174091 16.3798 
0.5 10.5 6 1 -0.276819 0.231403 15.3723 
0.5 5.5 9.5 1 -0.127903 0.391558 19.5433 
10.5 5.5 9.5 1 0.421655 0.397298 16.589 
0.5 6.5 -0.5 1 -0.170091 -0.115936 20.1506 
0.5 8.5 -0.5 1 -0.221345 -0.142012 18.2652 
0.5 8.5 4.5 1 -0.213427 0.133558 17.4902 
0.5 6.5 4.5 1 -0.160893 0.133862 19.3756 
0.5 2.5 2 1 -0.0867462 0.0273709 23.534 
0.5 4.5 2 1 -0.122731 0.0178507 21.6485 
0.5 4.5 4.5 1 -0.117677 0.134112 21.261 
0.5 2.5 4.5 1 -0.0815013 0.134321 23.1464 
