0 0 0 1 0.37199 -0.516559 10.8791 
0 0 6.5 1 0.30285 0.0727121 11.4247 
10 0 0 1 -0.236936 -0.408949 16.736 
10 0 6.5 1 -0.263418 -0.0227861 17.2817 
10 10 0 1 0.0786235 -0.281796 24.7978 
10 10 6.5 1 0.0537714 -0.0212089 25.3434 
0 10 0 1 0.525953 -0.304286 18.9408 
0 10 6.5 1 0.481105 0.0352549 19.4865 
0 5 10 1 0.387409 0.268718 15.7494 
10 5 10 1 -0.0884379 0.139202 21.6064 
0 6 0 1 0.483322 -0.363062 15.7161 
0 8 0 1 0.506621 -0.330939 17.3285 
0 8 5 1 0.469201 -0.0435435 17.7482 
0 6 5 1 0.442769 -0.0461131 16.1358 
0 2 2.5 1 0.39399 -0.249385 12.7013 
0 4 2.5 1 0.432258 -0.223301 14.3136 
0 4 5 1 0.410469 -0.0492532 14.5235 
0 2 5 1 0.370101 -0.0531776 12.9112 
0.5 0.5 -0.5 1 0.34572 -0.536223 11.533 
0.5 0.5 6 1 0.281509 0.0220322 12.0787 
10.5 0.5 -0.5 1 -0.23146 -0.426037 17.39 
10.5 0.5 6 1 -0.257143 -0.0534343 17.9356 
10.5 10.5 -0.5 1 0.0742573 -0.296739 25.4517 
10.5 10.5 6 1 0.050122 -0.0423928 25.9974 
0.5 10.5 -0.5 1 0.505352 -0.322944 19.5948 
0.5 10.5 6 1 0.462519 0.00607712 20.1404 
0.5 5.5 9.5 1 0.368324 0.223586 16.4034 
10.5 5.5 9.5 1 -0.0885222 0.109749 22.2603 
0.5 6.5 -0.5 1 0.460366 -0.383048 16.3701 
0.5 8.5 -0.5 1 0.484876 -0.350301 17.9824 
0.5 8.5 4.5 1 0.449282 -0.0726771 18.4022 
0.5 6.5 4.5 1 0.421967 -0.0779443 16.7898 
0.5 2.5 2 1 0.370226 -0.279449 13.3553 
0.5 4.5 2 1 0.409383 -0.251266 14.9676 
0.5 4.5 4.5 1 0.388849 -0.0843306 15.1775 
0.5 2.5 4.5 1 0.347857 -0.0922351 13.5651 
