0 0 0 1 0.188535 -0.394114 21.7396 
0 0 6.5 1 0.178776 -0.0954115 23.0304 
10 0 0 1 0.67837 -0.520243 13.151 
10 0 6.5 1 0.619026 -0.0326286 14.4418 
10 10 0 1 0.0191036 -0.695117 8.42945 
10 10 6.5 1 0.0184805 0.0525768 9.72026 
0 10 0 1 -0.27392 -0.44574 17.018 
0 10 6.5 1 -0.253592 -0.0663662 18.3088 
0 5 10 1 -0.0118339 0.0806966 21.3646 
10 5 10 1 0.357681 0.270051 12.7761 
0 6 0 1 -0.0612203 -0.421996 18.9066 
0 8 0 1 -0.161979 -0.433244 17.9623 
0 8 5 1 -0.152739 -0.152025 18.9552 
0 6 5 1 -0.0574465 -0.154683 19.8996 
0 2 2.5 1 0.110549 -0.2781 21.2917 
0 4 2.5 1 0.0295729 -0.281351 20.3474 
0 4 5 1 0.0292118 -0.1571 20.8439 
0 2 5 1 0.108358 -0.159308 21.7882 
0.5 0.5 -0.5 1 0.185955 -0.425392 20.9748 
0.5 0.5 6 1 0.17601 -0.114616 22.2656 
10.5 0.5 -0.5 1 0.704246 -0.580996 12.3862 
10.5 0.5 6 1 0.639141 -0.0603812 13.677 
10.5 10.5 -0.5 1 -0.00486384 -0.810745 7.66465 
10.5 10.5 6 1 -0.00208567 0.0174689 8.95546 
0.5 10.5 -0.5 1 -0.299011 -0.488533 16.2532 
0.5 10.5 6 1 -0.275951 -0.0894725 17.544 
0.5 5.5 9.5 1 -0.0219002 0.0664779 20.5998 
10.5 5.5 9.5 1 0.363945 0.257722 12.0113 
0.5 6.5 -0.5 1 -0.0747324 -0.459333 18.1418 
0.5 8.5 -0.5 1 -0.180714 -0.473131 17.1975 
0.5 8.5 4.5 1 -0.170063 -0.177911 18.1904 
0.5 6.5 4.5 1 -0.0701067 -0.179398 19.1348 
0.5 2.5 2 1 0.105007 -0.305737 20.5269 
0.5 4.5 2 1 0.0206009 -0.310448 19.5826 
0.5 4.5 4.5 1 0.0204479 -0.180745 20.0791 
0.5 2.5 4.5 1 0.102867 -0.181971 21.0234 
