0 0 0 1 0.323181 -0.554631 13.971 
0 0 6.5 1 0.332673 -0.0893464 14.9074 
10 0 0 1 -0.382252 -0.497405 14.2816 
10 0 6.5 1 -0.329547 -0.0451364 15.218 
10 10 0 1 -0.217004 -0.3542 24.1724 
10 10 6.5 1 -0.191223 -0.0854291 25.1088 
0 10 0 1 0.198176 -0.385842 23.8618 
0 10 6.5 1 0.208602 -0.112511 24.7982 
0 5 10 1 0.260612 0.0684888 20.357 
10 5 10 1 -0.225912 0.0986698 20.6676 
0 6 0 1 0.233271 -0.433229 19.9055 
0 8 0 1 0.214137 -0.407394 21.8837 
0 8 5 1 0.222427 -0.176042 22.604 
0 6 5 1 0.241688 -0.178787 20.6258 
0 2 2.5 1 0.28994 -0.341668 16.3093 
0 4 2.5 1 0.260914 -0.320657 18.2875 
0 4 5 1 0.265035 -0.182114 18.6477 
0 2 5 1 0.293923 -0.18623 16.6695 
0.5 0.5 -0.5 1 0.277115 -0.574849 14.4091 
0.5 0.5 6 1 0.289148 -0.121611 15.3455 
10.5 0.5 -0.5 1 -0.406353 -0.518898 14.7196 
10.5 0.5 6 1 -0.353681 -0.0779983 15.656 
10.5 10.5 -0.5 1 -0.23436 -0.369604 24.6104 
10.5 10.5 6 1 -0.208385 -0.104877 25.5468 
0.5 10.5 -0.5 1 0.173114 -0.400873 24.2999 
0.5 10.5 6 1 0.184289 -0.131728 25.2363 
0.5 5.5 9.5 1 0.230011 0.0413546 20.7951 
10.5 5.5 9.5 1 -0.245965 0.0713085 21.1056 
0.5 6.5 -0.5 1 0.202579 -0.450163 20.3436 
0.5 8.5 -0.5 1 0.186541 -0.423334 22.3217 
0.5 8.5 4.5 1 0.195536 -0.195881 23.042 
0.5 6.5 4.5 1 0.211871 -0.200432 21.0639 
0.5 2.5 2 1 0.251175 -0.364633 16.7474 
0.5 4.5 2 1 0.226923 -0.341687 18.7255 
0.5 4.5 4.5 1 0.231591 -0.205926 19.0857 
0.5 2.5 4.5 1 0.255873 -0.212691 17.1075 
