0 0 0 1 0.0294498 -0.232096 25.1554 
0 0 6.5 1 0.0545807 0.0247495 25.3388 
10 0 0 1 0.456838 -0.33574 19.2799 
10 0 6.5 1 0.485527 -0.000381547 19.4633 
10 10 0 1 0.266352 -0.506112 11.1929 
10 10 6.5 1 0.318507 0.0703844 11.3764 
0 10 0 1 -0.297958 -0.294715 17.0684 
0 10 6.5 1 -0.257566 0.0831948 17.2519 
0 5 10 1 -0.0553634 0.21093 21.3941 
10 5 10 1 0.4435 0.249901 15.5186 
0 6 0 1 -0.135697 -0.263682 20.3032 
0 8 0 1 -0.209805 -0.277855 18.6858 
0 8 5 1 -0.181994 -0.0116016 18.8269 
0 6 5 1 -0.110598 -0.0185896 20.4443 
0 2 2.5 1 -0.0075178 -0.135124 23.6086 
0 4 2.5 1 -0.0610603 -0.137712 21.9912 
0 4 5 1 -0.0496693 -0.024553 22.0617 
0 2 5 1 0.00293555 -0.0297017 23.6791 
0.5 0.5 -0.5 1 0.0328699 -0.258852 24.4432 
0.5 0.5 6 1 0.0587021 0.00562192 24.6266 
10.5 0.5 -0.5 1 0.477734 -0.374937 18.5676 
10.5 0.5 6 1 0.507309 -0.0264571 18.7511 
10.5 10.5 -0.5 1 0.290428 -0.587132 10.4807 
10.5 10.5 6 1 0.345652 0.0292611 10.6641 
0.5 10.5 -0.5 1 -0.307104 -0.337426 16.3562 
0.5 10.5 6 1 -0.264871 0.0572317 16.5396 
0.5 5.5 9.5 1 -0.054242 0.194566 20.6819 
10.5 5.5 9.5 1 0.469063 0.228918 14.8064 
0.5 6.5 -0.5 1 -0.137434 -0.298212 19.591 
0.5 8.5 -0.5 1 -0.214635 -0.316054 17.9736 
0.5 8.5 4.5 1 -0.185693 -0.0390344 18.1147 
0.5 6.5 4.5 1 -0.111416 -0.044026 19.7321 
0.5 2.5 2 1 -0.00501659 -0.16067 22.8963 
0.5 4.5 2 1 -0.0601611 -0.165287 21.2789 
0.5 4.5 4.5 1 -0.0483931 -0.0482613 21.3495 
0.5 2.5 4.5 1 0.00575325 -0.0519001 22.9669 
