0 0 0 1 0.269972 -0.401606 20.3635 
0 0 6.5 1 0.236419 -0.0826163 21.2311 
10 0 0 1 0.716609 -0.626491 10.7148 
10 0 6.5 1 0.621649 -0.0249241 11.5824 
10 10 0 1 -0.242933 -0.843785 8.45176 
10 10 6.5 1 -0.271625 -0.0759061 9.31932 
0 10 0 1 -0.233915 -0.474951 18.1004 
0 10 6.5 1 -0.248425 -0.114548 18.968 
0 5 10 1 -0.0050476 0.0727257 20.5667 
10 5 10 1 0.190231 0.271211 10.918 
0 6 0 1 -0.0179602 -0.443517 19.0057 
0 8 0 1 -0.123303 -0.45885 18.5531 
0 8 5 1 -0.138159 -0.185817 19.2204 
0 6 5 1 -0.0360471 -0.177285 19.673 
0 2 2.5 1 0.166334 -0.286054 20.2446 
0 4 2.5 1 0.0717999 -0.296827 19.792 
0 4 5 1 0.0614716 -0.169137 20.1256 
0 2 5 1 0.1547 -0.161348 20.5783 
0.5 0.5 -0.5 1 0.261752 -0.437534 19.7012 
0.5 0.5 6 1 0.227465 -0.106757 20.5688 
10.5 0.5 -0.5 1 0.729925 -0.711721 10.0525 
10.5 0.5 6 1 0.628149 -0.0668959 10.9201 
10.5 10.5 -0.5 1 -0.307335 -0.972252 7.78944 
10.5 10.5 6 1 -0.331769 -0.132751 8.657 
0.5 10.5 -0.5 1 -0.262341 -0.518327 17.4381 
0.5 10.5 6 1 -0.276028 -0.142829 18.3057 
0.5 5.5 9.5 1 -0.0223354 0.0529481 19.9044 
10.5 5.5 9.5 1 0.16929 0.245645 10.2557 
0.5 6.5 -0.5 1 -0.0371853 -0.483617 18.3433 
0.5 8.5 -0.5 1 -0.146915 -0.500533 17.8907 
0.5 8.5 4.5 1 -0.161451 -0.216257 18.5581 
0.5 6.5 4.5 1 -0.0552276 -0.206703 19.0107 
0.5 2.5 2 1 0.154559 -0.318292 19.5823 
0.5 4.5 2 1 0.0564726 -0.330201 19.1296 
0.5 4.5 4.5 1 0.0460557 -0.197593 19.4633 
0.5 2.5 4.5 1 0.142735 -0.188898 19.9159 
