0 0 0 1 0.357795 -0.533861 10.7577 
0 0 6.5 1 0.289908 0.0642532 11.1421 
10 0 0 1 -0.230994 -0.404304 16.9582 
10 0 6.5 1 -0.261559 -0.0229039 17.3426 
10 10 0 1 0.0932142 -0.271379 24.7815 
10 10 6.5 1 0.0671988 -0.0105753 25.1659 
0 10 0 1 0.542288 -0.302031 18.581 
0 10 6.5 1 0.498665 0.0446598 18.9654 
0 5 10 1 0.393857 0.279108 15.2608 
10 5 10 1 -0.0818095 0.146603 21.4612 
0 6 0 1 0.490909 -0.366592 15.4517 
0 8 0 1 0.518961 -0.331343 17.0164 
0 8 5 1 0.482599 -0.0386881 17.3121 
0 6 5 1 0.451461 -0.0441969 15.7474 
0 2 2.5 1 0.389445 -0.259231 12.4702 
0 4 2.5 1 0.434768 -0.228463 14.0349 
0 4 5 1 0.413453 -0.0509212 14.1827 
0 2 5 1 0.366018 -0.0593131 12.6181 
0.5 0.5 -0.5 1 0.334202 -0.550258 11.4293 
0.5 0.5 6 1 0.270942 0.014387 11.8137 
10.5 0.5 -0.5 1 -0.223858 -0.419869 17.6298 
10.5 0.5 6 1 -0.253436 -0.0523567 18.0142 
10.5 10.5 -0.5 1 0.0896016 -0.285667 25.4531 
10.5 10.5 6 1 0.0643162 -0.0314306 25.8375 
0.5 10.5 -0.5 1 0.521846 -0.319852 19.2527 
0.5 10.5 6 1 0.480116 0.0153302 19.6371 
0.5 5.5 9.5 1 0.375412 0.233076 15.9324 
10.5 5.5 9.5 1 -0.080653 0.117487 22.1328 
0.5 6.5 -0.5 1 0.46864 -0.385183 16.1233 
0.5 8.5 -0.5 1 0.497596 -0.349628 17.688 
0.5 8.5 4.5 1 0.462943 -0.0676015 17.9837 
0.5 6.5 4.5 1 0.431206 -0.0756402 16.419 
0.5 2.5 2 1 0.36731 -0.287526 13.1418 
0.5 4.5 2 1 0.412917 -0.255152 14.7065 
0.5 4.5 4.5 1 0.392783 -0.0853725 14.8544 
0.5 2.5 4.5 1 0.345313 -0.0973965 13.2897 
