0 0 0 1 0.399608 -0.630758 12.0658 
0 0 6.5 1 0.356217 -0.0928168 13.3503 
10 0 0 1 -0.314345 -0.553464 14.997 
10 0 6.5 1 -0.293598 -0.118468 16.2815 
10 10 0 1 -0.0700037 -0.41702 24.3513 
10 10 6.5 1 -0.0690704 -0.147587 25.6358 
0 10 0 1 0.365598 -0.441887 21.4201 
0 10 6.5 1 0.342008 -0.136263 22.7046 
0 5 10 1 0.33254 0.0675422 18.7191 
10 5 10 1 -0.15293 0.026541 21.6503 
0 6 0 1 0.374883 -0.49345 17.6784 
0 8 0 1 0.369797 -0.465202 19.5493 
0 8 5 1 0.349533 -0.204175 20.5373 
0 6 5 1 0.35232 -0.204767 18.6665 
0 2 2.5 1 0.374072 -0.383278 14.4307 
0 4 2.5 1 0.368065 -0.362045 16.3016 
0 4 5 1 0.355727 -0.205491 16.7956 
0 2 5 1 0.359989 -0.206396 14.9248 
0.5 0.5 -0.5 1 0.357703 -0.653983 12.5813 
0.5 0.5 6 1 0.319807 -0.133888 13.8658 
10.5 0.5 -0.5 1 -0.324608 -0.574868 15.5125 
10.5 0.5 6 1 -0.303713 -0.151585 16.797 
10.5 10.5 -0.5 1 -0.0814709 -0.433201 24.8668 
10.5 10.5 6 1 -0.0799928 -0.168284 26.1513 
0.5 10.5 -0.5 1 0.342363 -0.459646 21.9356 
0.5 10.5 6 1 0.320581 -0.159824 23.2201 
0.5 5.5 9.5 1 0.306927 0.0336372 19.2346 
10.5 5.5 9.5 1 -0.163866 -0.00192683 22.1658 
0.5 6.5 -0.5 1 0.346606 -0.513401 18.1939 
0.5 8.5 -0.5 1 0.344286 -0.484017 20.0647 
0.5 8.5 4.5 1 0.325717 -0.228499 21.0528 
0.5 6.5 4.5 1 0.326105 -0.231447 19.1819 
0.5 2.5 2 1 0.339678 -0.411363 14.9462 
0.5 4.5 2 1 0.337682 -0.387657 16.817 
0.5 4.5 4.5 1 0.326578 -0.235033 17.3111 
0.5 2.5 4.5 1 0.327166 -0.239487 15.4402 
