0 0 0 1 -0.718714 -0.547234 12.2924 
0 0 6.5 1 -0.635606 -0.0227719 13.1191 
10 0 0 1 -0.236111 -0.382253 21.4362 
10 0 6.5 1 -0.205057 -0.0793227 22.2629 
10 10 0 1 0.236913 -0.478162 17.5925 
10 10 6.5 1 0.253216 -0.107713 18.4192 
0 10 0 1 0.0466899 -0.821999 8.44877 
0 10 6.5 1 0.0960198 -0.0557154 9.27546 
0 5 10 1 -0.296916 0.262274 11.6424 
10 5 10 1 0.0152313 0.0763154 20.7862 
0 6 0 1 -0.330176 -0.686712 9.98624 
0 8 0 1 -0.157458 -0.748714 9.2175 
0 8 5 1 -0.108563 -0.198569 9.85342 
0 6 5 1 -0.274479 -0.180093 10.6222 
0 2 2.5 1 -0.574081 -0.362965 11.8417 
0 4 2.5 1 -0.447238 -0.392102 11.0729 
0 4 5 1 -0.418001 -0.164111 11.3909 
0 2 5 1 -0.543376 -0.150149 12.1596 
0.5 0.5 -0.5 1 -0.658146 -0.584733 12.4939 
0.5 0.5 6 1 -0.580053 -0.065874 13.3206 
10.5 0.5 -0.5 1 -0.205631 -0.405441 21.6376 
10.5 0.5 6 1 -0.175977 -0.104374 22.4643 
10.5 10.5 -0.5 1 0.268623 -0.505274 17.794 
10.5 10.5 6 1 0.283342 -0.137628 18.6206 
0.5 10.5 -0.5 1 0.116349 -0.869764 8.65018 
0.5 10.5 6 1 0.158554 -0.115599 9.47688 
0.5 5.5 9.5 1 -0.240197 0.208951 11.8439 
10.5 5.5 9.5 1 0.0442436 0.0480082 20.9876 
0.5 6.5 -0.5 1 -0.263579 -0.729942 10.1876 
0.5 8.5 -0.5 1 -0.0891192 -0.794147 9.41891 
0.5 8.5 4.5 1 -0.0455252 -0.252149 10.0548 
0.5 6.5 4.5 1 -0.212831 -0.230211 10.8236 
0.5 2.5 2 1 -0.513665 -0.404949 12.0431 
0.5 4.5 2 1 -0.384968 -0.436428 11.2743 
0.5 4.5 4.5 1 -0.357948 -0.211183 11.5923 
0.5 2.5 4.5 1 -0.485014 -0.194522 12.361 
