0 0 0 1 -0.551184 -0.293321 10.6889 
0 0 6.5 1 -0.517902 0.325007 10.2128 
10 0 0 1 -0.251836 -0.119457 20.6423 
10 0 6.5 1 -0.227915 0.197787 20.1663 
10 10 0 1 0.236526 -0.171806 20.0162 
10 10 6.5 1 0.273111 0.154329 19.5401 
0 10 0 1 0.401613 -0.40827 10.0627 
0 10 6.5 1 0.484379 0.244737 9.58667 
0 5 10 1 0.000152841 0.654148 9.64343 
10 5 10 1 0.03544 0.356058 19.5969 
0 6 0 1 0.00661037 -0.360616 10.3132 
0 8 0 1 0.201684 -0.38415 10.1879 
0 8 5 1 0.256373 0.10704 9.82175 
0 6 5 1 0.0534298 0.125256 9.94698 
0 2 2.5 1 -0.353866 -0.0816307 10.3805 
0 4 2.5 1 -0.164476 -0.101604 10.2553 
0 4 5 1 -0.144467 0.14302 10.0722 
0 2 5 1 -0.337503 0.160347 10.1975 
0.5 0.5 -0.5 1 -0.483081 -0.325858 11.1918 
0.5 0.5 6 1 -0.448336 0.262001 10.7158 
10.5 0.5 -0.5 1 -0.222911 -0.140814 21.1453 
10.5 0.5 6 1 -0.198906 0.168218 20.6693 
10.5 10.5 -0.5 1 0.254363 -0.192531 20.5191 
10.5 10.5 6 1 0.290453 0.124927 20.0431 
0.5 10.5 -0.5 1 0.428394 -0.437263 10.5657 
0.5 10.5 6 1 0.508298 0.181823 10.0897 
0.5 5.5 9.5 1 0.0479419 0.57129 10.1464 
10.5 5.5 9.5 1 0.0586808 0.321691 20.0999 
0.5 6.5 -0.5 1 0.0511401 -0.391153 10.8161 
0.5 8.5 -0.5 1 0.237558 -0.413938 10.6909 
0.5 8.5 4.5 1 0.290855 0.0522662 10.3247 
0.5 6.5 4.5 1 0.0972663 0.0702624 10.45 
0.5 2.5 2 1 -0.292952 -0.124873 10.8835 
0.5 4.5 2 1 -0.111708 -0.144415 10.7583 
0.5 4.5 4.5 1 -0.0917369 0.0878324 10.5752 
0.5 2.5 4.5 1 -0.276316 0.104991 10.7004 
