0 0 0 1 0.0428148 -0.254808 9.97717 
0 0 6.5 1 0.00507452 0.432196 8.93723 
10 0 0 1 -0.245262 -0.0776775 18.577 
10 0 6.5 1 -0.281578 0.282937 17.5371 
10 10 0 1 0.174772 -0.00600063 23.4229 
10 10 6.5 1 0.165833 0.279871 22.383 
0 10 0 1 0.61236 -0.0836399 14.8231 
0 10 6.5 1 0.630861 0.37474 13.7831 
0 5 10 1 0.385613 0.737268 10.8002 
10 5 10 1 -0.0422005 0.467107 19.4001 
0 6 0 1 0.435951 -0.136657 12.8847 
0 8 0 1 0.530326 -0.108294 13.8539 
0 8 5 1 0.540326 0.262492 13.0539 
0 6 5 1 0.440505 0.261988 12.0848 
0 2 2.5 1 0.190615 0.0172239 10.5464 
0 4 2.5 1 0.324802 0.0383953 11.5156 
0 4 5 1 0.323278 0.261396 11.1156 
0 2 5 1 0.183656 0.260691 10.1464 
0.5 0.5 -0.5 1 0.0596364 -0.27167 10.7295 
0.5 0.5 6 1 0.0266317 0.360187 9.68951 
10.5 0.5 -0.5 1 -0.224712 -0.0939308 19.3293 
10.5 0.5 6 1 -0.258366 0.250926 18.2894 
10.5 10.5 -0.5 1 0.178131 -0.0212263 24.1752 
10.5 10.5 6 1 0.169635 0.254665 23.1353 
0.5 10.5 -0.5 1 0.596439 -0.103522 15.5754 
0.5 10.5 6 1 0.612844 0.329712 14.5354 
0.5 5.5 9.5 1 0.378914 0.657006 11.5525 
10.5 5.5 9.5 1 -0.0300708 0.431181 20.1523 
0.5 6.5 -0.5 1 0.427499 -0.156441 13.637 
0.5 8.5 -0.5 1 0.517574 -0.128226 14.6062 
0.5 8.5 4.5 1 0.52629 0.221201 13.8062 
0.5 6.5 4.5 1 0.431259 0.217609 12.837 
0.5 2.5 2 1 0.196748 -0.0169002 11.2987 
0.5 4.5 2 1 0.322222 0.0056688 12.2678 
0.5 4.5 4.5 1 0.320708 0.213431 11.8679 
0.5 2.5 4.5 1 0.190495 0.208509 10.8987 
