0 0 0 1 0.159462 -0.373474 10.273 
0 0 6.5 1 0.114175 0.271794 9.57682 
10 0 0 1 -0.23432 -0.189379 18.3165 
10 0 6.5 1 -0.274492 0.168603 17.6204 
10 10 0 1 0.153816 -0.0893836 24.1607 
10 10 6.5 1 0.135165 0.182405 23.4645 
0 10 0 1 0.598517 -0.156821 16.1171 
0 10 6.5 1 0.590213 0.253688 15.421 
0 5 10 1 0.396257 0.554683 12.1241 
10 5 10 1 -0.0558245 0.351699 20.1676 
0 6 0 1 0.467586 -0.221429 13.7795 
0 8 0 1 0.538171 -0.186599 14.9483 
0 8 5 1 0.529094 0.150159 14.4128 
0 6 5 1 0.454854 0.143641 13.244 
0 2 2.5 1 0.27119 -0.0982703 11.1741 
0 4 2.5 1 0.375272 -0.0677508 12.3429 
0 4 5 1 0.366243 0.135861 12.0751 
0 2 5 1 0.258638 0.126413 10.9063 
0.5 0.5 -0.5 1 0.161871 -0.385466 11.0209 
0.5 0.5 6 1 0.120026 0.21225 10.3248 
10.5 0.5 -0.5 1 -0.217479 -0.203534 19.0645 
10.5 0.5 6 1 -0.255377 0.139335 18.3683 
10.5 10.5 -0.5 1 0.155051 -0.10322 24.9086 
10.5 10.5 6 1 0.137012 0.159775 24.2125 
0.5 10.5 -0.5 1 0.58062 -0.174265 16.8651 
0.5 10.5 6 1 0.571929 0.216503 16.1689 
0.5 5.5 9.5 1 0.38456 0.490484 12.872 
10.5 5.5 9.5 1 -0.046857 0.319448 20.9155 
0.5 6.5 -0.5 1 0.45355 -0.238355 14.5274 
0.5 8.5 -0.5 1 0.521816 -0.203924 15.6962 
0.5 8.5 4.5 1 0.512609 0.115609 15.1607 
0.5 6.5 4.5 1 0.440961 0.106553 13.9919 
0.5 2.5 2 1 0.266407 -0.126621 11.922 
0.5 4.5 2 1 0.364969 -0.095314 13.0908 
0.5 4.5 4.5 1 0.356252 0.0958457 12.8231 
0.5 2.5 4.5 1 0.254551 0.0829911 11.6542 
