0 0 0 1 -0.157609 -0.0241478 26.0512 
0 0 6.5 1 -0.166366 0.231881 24.7601 
10 0 0 1 0.232228 -0.0306931 25.2311 
10 0 6.5 1 0.244195 0.233753 23.94 
10 10 0 1 0.325045 -0.178178 15.4647 
10 10 6.5 1 0.353712 0.255052 14.1736 
0 10 0 1 -0.303261 -0.16028 16.2848 
0 10 6.5 1 -0.330263 0.250795 14.9937 
0 5 10 1 -0.236826 0.426506 19.1817 
10 5 10 1 0.295318 0.437641 18.3616 
0 6 0 1 -0.228092 -0.0900239 20.1914 
0 8 0 1 -0.261651 -0.12139 18.2381 
0 8 5 1 -0.277314 0.155782 17.2449 
0 6 5 1 -0.240426 0.16057 19.1982 
0 2 2.5 1 -0.181242 0.0603735 23.6013 
0 4 2.5 1 -0.205288 0.0475187 21.6481 
0 4 5 1 -0.21035 0.164474 21.1515 
0 2 5 1 -0.185359 0.167718 23.1048 
0.5 0.5 -0.5 1 -0.142392 -0.0478289 25.6212 
0.5 0.5 6 1 -0.150496 0.211468 24.3301 
10.5 0.5 -0.5 1 0.254707 -0.0552708 24.8011 
10.5 0.5 6 1 0.268127 0.212663 23.51 
10.5 10.5 -0.5 1 0.364781 -0.222939 15.0347 
10.5 10.5 6 1 0.398078 0.219641 13.7436 
0.5 10.5 -0.5 1 -0.28262 -0.20224 15.8548 
0.5 10.5 6 1 -0.30859 0.217252 14.5637 
0.5 5.5 9.5 1 -0.217851 0.404484 18.7517 
10.5 5.5 9.5 1 0.327922 0.414878 17.9316 
0.5 6.5 -0.5 1 -0.209896 -0.122161 19.7613 
0.5 8.5 -0.5 1 -0.24227 -0.157809 17.8081 
0.5 8.5 4.5 1 -0.257189 0.1243 16.8149 
0.5 6.5 4.5 1 -0.221549 0.132474 18.7682 
0.5 2.5 2 1 -0.164855 0.0357571 23.1713 
0.5 4.5 2 1 -0.187879 0.0203756 21.2181 
0.5 4.5 4.5 1 -0.192629 0.139108 20.7215 
0.5 2.5 4.5 1 -0.168691 0.144598 22.6748 
