0 0 0 1 0.278158 -0.287193 16.1524 
0 0 6.5 1 0.319773 0.11373 16.076 
10 0 0 1 -0.37574 -0.268681 13.7669 
10 0 6.5 1 -0.330523 0.202203 13.6906 
10 10 0 1 -0.320952 -0.142587 23.4775 
10 10 6.5 1 -0.29432 0.13331 23.4012 
0 10 0 1 0.0823778 -0.165779 25.863 
0 10 6.5 1 0.107742 0.0845266 25.7866 
0 5 10 1 0.206234 0.262627 20.8902 
10 5 10 1 -0.289518 0.347277 18.5047 
0 6 0 1 0.13993 -0.20147 21.9788 
0 8 0 1 0.108818 -0.182176 23.9209 
0 8 5 1 0.129967 0.0258553 23.8621 
0 6 5 1 0.163037 0.0249406 21.92 
0 2 2.5 1 0.236343 -0.115206 18.0652 
0 4 2.5 1 0.189786 -0.100511 20.0073 
0 4 5 1 0.202536 0.023848 19.9779 
0 2 5 1 0.250542 0.0225201 18.0358 
0.5 0.5 -0.5 1 0.232484 -0.306924 16.5245 
0.5 0.5 6 1 0.272945 0.0848374 16.4482 
10.5 0.5 -0.5 1 -0.41191 -0.292228 14.1391 
10.5 0.5 6 1 -0.368086 0.166068 14.0627 
10.5 10.5 -0.5 1 -0.34325 -0.158514 23.8497 
10.5 10.5 6 1 -0.317106 0.113013 23.7733 
0.5 10.5 -0.5 1 0.0563865 -0.179928 26.2351 
0.5 10.5 6 1 0.0813136 0.0667747 26.1588 
0.5 5.5 9.5 1 0.171996 0.23767 21.2623 
10.5 5.5 9.5 1 -0.318309 0.317498 18.8768 
0.5 6.5 -0.5 1 0.108464 -0.217485 22.3509 
0.5 8.5 -0.5 1 0.0803433 -0.197205 24.293 
0.5 8.5 4.5 1 0.101099 0.00759457 24.2343 
0.5 6.5 4.5 1 0.131101 0.00510422 22.2921 
0.5 2.5 2 1 0.196252 -0.136361 18.4373 
0.5 4.5 2 1 0.154365 -0.119918 20.3794 
0.5 4.5 4.5 1 0.166831 0.00213853 20.35 
0.5 2.5 4.5 1 0.210099 -0.00145294 18.4079 
