0 0 0 1 0.0135304 -0.164125 25.565 
0 0 6.5 1 0.0389843 0.0891101 25.4891 
10 0 0 1 0.432566 -0.252366 20.2071 
10 0 6.5 1 0.466374 0.0679347 20.1312 
10 10 0 1 0.288965 -0.39642 11.7644 
10 10 6.5 1 0.34626 0.154302 11.6885 
0 10 0 1 -0.291755 -0.219592 17.1223 
0 10 6.5 1 -0.255053 0.158818 17.0464 
0 5 10 1 -0.0625732 0.281325 21.2269 
10 5 10 1 0.445319 0.31936 15.869 
0 6 0 1 -0.139465 -0.191923 20.4994 
0 8 0 1 -0.208775 -0.204515 18.8108 
0 8 5 1 -0.182853 0.0601343 18.7525 
0 6 5 1 -0.115487 0.0509014 20.441 
0 2 2.5 1 -0.0198445 -0.0679863 23.8473 
0 4 2.5 1 -0.0695672 -0.0692322 22.1587 
0 4 5 1 -0.0584006 0.0430775 22.1295 
0 2 5 1 -0.00940859 0.036363 23.8181 
0.5 0.5 -0.5 1 0.0180362 -0.189573 24.8808 
0.5 0.5 6 1 0.044206 0.0705695 24.8049 
10.5 0.5 -0.5 1 0.452994 -0.287891 19.5229 
10.5 0.5 6 1 0.488071 0.0435409 19.447 
10.5 10.5 -0.5 1 0.31609 -0.467908 11.0802 
10.5 10.5 6 1 0.377135 0.116562 11.0043 
0.5 10.5 -0.5 1 -0.297642 -0.260418 16.4381 
0.5 10.5 6 1 -0.259433 0.133626 16.3622 
0.5 5.5 9.5 1 -0.0596506 0.265339 20.5427 
10.5 5.5 9.5 1 0.472158 0.299448 15.1848 
0.5 6.5 -0.5 1 -0.13909 -0.224836 19.8152 
0.5 8.5 -0.5 1 -0.210981 -0.24097 18.1266 
0.5 8.5 4.5 1 -0.184085 0.0335837 18.0683 
0.5 6.5 4.5 1 -0.11428 0.0263003 19.7568 
0.5 2.5 2 1 -0.0159904 -0.0924814 23.1631 
0.5 4.5 2 1 -0.0669942 -0.095693 21.4745 
0.5 4.5 4.5 1 -0.0554678 0.0201638 21.4453 
0.5 2.5 4.5 1 -0.00524096 0.0149232 23.1339 
