0 0 0 1 -0.345348 -0.283598 22.1318 
0 0 6.5 1 -0.375731 0.00864501 22.067 
10 0 0 1 0.0604269 -0.205167 25.91 
10 0 6.5 1 0.0355029 0.0445509 25.8452 
10 10 0 1 0.320353 -0.302128 16.6517 
10 10 6.5 1 0.282532 0.0865951 16.5869 
0 10 0 1 -0.300958 -0.465421 12.8735 
0 10 6.5 1 -0.353078 0.037138 12.8087 
0 5 10 1 -0.3882 0.219251 17.403 
10 5 10 1 0.11581 0.225496 21.1812 
0 6 0 1 -0.324664 -0.36832 16.5768 
0 8 0 1 -0.314302 -0.410765 14.7252 
0 8 5 1 -0.349339 -0.0731667 14.6753 
0 6 5 1 -0.355808 -0.0684172 16.527 
0 2 2.5 1 -0.352436 -0.184255 20.2552 
0 4 2.5 1 -0.346939 -0.199697 18.4035 
0 4 5 1 -0.360972 -0.0646247 18.3786 
0 2 5 1 -0.365192 -0.0615265 20.2303 
0.5 0.5 -0.5 1 -0.317637 -0.306994 21.8627 
0.5 0.5 6 1 -0.348313 -0.0112137 21.798 
10.5 0.5 -0.5 1 0.0883115 -0.224292 25.6409 
10.5 0.5 6 1 0.063196 0.0280034 25.5762 
10.5 10.5 -0.5 1 0.368264 -0.333654 16.3827 
10.5 10.5 6 1 0.33001 0.0613523 16.3179 
0.5 10.5 -0.5 1 -0.251947 -0.509882 12.6045 
0.5 10.5 6 1 -0.304931 0.0032286 12.5397 
0.5 5.5 9.5 1 -0.353514 0.197293 17.1339 
10.5 5.5 9.5 1 0.150713 0.207586 20.9121 
0.5 6.5 -0.5 1 -0.287174 -0.401083 16.3078 
0.5 8.5 -0.5 1 -0.271816 -0.448514 14.4561 
0.5 8.5 4.5 1 -0.307361 -0.104742 14.4063 
0.5 6.5 4.5 1 -0.318717 -0.096318 16.258 
0.5 2.5 2 1 -0.32222 -0.20851 19.9862 
0.5 4.5 2 1 -0.313556 -0.226658 18.1345 
0.5 4.5 4.5 1 -0.327751 -0.0896164 18.1096 
0.5 2.5 4.5 1 -0.335109 -0.0841582 19.9613 
