0 0 0 1 -0.408878 -0.408236 20.134 
0 0 6.5 1 -0.428352 -0.0856193 20.6199 
10 0 0 1 0.016931 -0.310097 25.12 
10 0 6.5 1 -0.00683181 -0.0521629 25.6059 
10 10 0 1 0.324185 -0.405361 16.484 
10 10 6.5 1 0.279531 -0.0134359 16.9699 
0 10 0 1 -0.288208 -0.618521 11.498 
0 10 6.5 1 -0.326609 -0.0548894 11.9839 
0 5 10 1 -0.404292 0.13666 16.5636 
10 5 10 1 0.0910055 0.124985 21.5496 
0 6 0 1 -0.353203 -0.505258 14.9524 
0 8 0 1 -0.32495 -0.554494 13.2252 
0 8 5 1 -0.34997 -0.174182 13.599 
0 6 5 1 -0.374715 -0.169007 15.3262 
0 2 2.5 1 -0.40226 -0.296638 18.5937 
0 4 2.5 1 -0.38513 -0.31388 16.8665 
0 4 5 1 -0.394447 -0.16488 17.0534 
0 2 5 1 -0.41055 -0.161513 18.7806 
0.5 0.5 -0.5 1 -0.376987 -0.433813 19.9141 
0.5 0.5 6 1 -0.397431 -0.10711 20.4001 
10.5 0.5 -0.5 1 0.0461962 -0.329686 24.9001 
10.5 0.5 6 1 0.0216673 -0.0691429 25.3861 
10.5 10.5 -0.5 1 0.373143 -0.43664 16.2641 
10.5 10.5 6 1 0.326483 -0.0386621 16.75 
0.5 10.5 -0.5 1 -0.229545 -0.667784 11.2781 
0.5 10.5 6 1 -0.271086 -0.0915821 11.764 
0.5 5.5 9.5 1 -0.365373 0.112826 16.3437 
10.5 5.5 9.5 1 0.125933 0.106602 21.3297 
0.5 6.5 -0.5 1 -0.309265 -0.541279 14.7325 
0.5 8.5 -0.5 1 -0.274698 -0.596131 13.0053 
0.5 8.5 4.5 1 -0.301534 -0.208406 13.3791 
0.5 6.5 4.5 1 -0.332177 -0.199243 15.1063 
0.5 2.5 2 1 -0.367617 -0.323024 18.3738 
0.5 4.5 2 1 -0.346666 -0.343232 16.6466 
0.5 4.5 4.5 1 -0.356532 -0.19196 16.8335 
0.5 2.5 4.5 1 -0.376353 -0.186032 18.5607 
