0 0 0 1 -0.403257 -0.401899 20.2926 
0 0 6.5 1 -0.423921 -0.081947 20.7381 
10 0 0 1 0.0207301 -0.304622 25.19 
10 0 6.5 1 -0.00335619 -0.0474856 25.6356 
10 10 0 1 0.32449 -0.401154 16.4984 
10 10 6.5 1 0.28006 -0.00957723 16.944 
0 10 0 1 -0.288921 -0.612065 11.6009 
0 10 6.5 1 -0.328724 -0.0534913 12.0465 
0 5 10 1 -0.403022 0.138554 16.6323 
10 5 10 1 0.0929941 0.129429 21.5297 
0 6 0 1 -0.350474 -0.498922 15.0776 
0 8 0 1 -0.323708 -0.548121 13.3392 
0 8 5 1 -0.349794 -0.171413 13.682 
0 6 5 1 -0.373025 -0.165773 15.4203 
0 2 2.5 1 -0.397892 -0.291655 18.7256 
0 4 2.5 1 -0.381727 -0.309079 16.9873 
0 4 5 1 -0.391548 -0.161276 17.1587 
0 2 5 1 -0.406663 -0.157607 18.897 
0.5 0.5 -0.5 1 -0.3717 -0.427301 20.0686 
0.5 0.5 6 1 -0.393276 -0.103304 20.5142 
10.5 0.5 -0.5 1 0.0499002 -0.324169 24.966 
10.5 0.5 6 1 0.0250902 -0.0644228 25.4116 
10.5 10.5 -0.5 1 0.373419 -0.432469 16.2744 
10.5 10.5 6 1 0.32709 -0.0348112 16.72 
0.5 10.5 -0.5 1 -0.231005 -0.661011 11.3769 
0.5 10.5 6 1 -0.273745 -0.0900105 11.8225 
0.5 5.5 9.5 1 -0.364423 0.114863 16.4083 
10.5 5.5 9.5 1 0.127935 0.111088 21.3057 
0.5 6.5 -0.5 1 -0.307042 -0.534705 14.8536 
0.5 8.5 -0.5 1 -0.274063 -0.589488 13.1153 
0.5 8.5 4.5 1 -0.301847 -0.205456 13.458 
0.5 6.5 4.5 1 -0.330905 -0.195839 15.1963 
0.5 2.5 2 1 -0.363598 -0.317874 18.5016 
0.5 4.5 2 1 -0.34366 -0.33825 16.7633 
0.5 4.5 4.5 1 -0.353996 -0.188197 16.9347 
0.5 2.5 4.5 1 -0.372789 -0.181977 18.673 
