0 0 0 1 0.290426 -0.273629 18.5794 
0 0 6.5 1 0.253252 0.0735834 18.7743 
10 0 0 1 0.252712 -0.562669 9.07307 
10 0 6.5 1 0.178201 0.146766 9.26795 
10 10 0 1 -0.588911 -0.504544 12.1617 
10 10 6.5 1 -0.631524 0.0266453 12.3566 
0 10 0 1 -0.187331 -0.282206 21.668 
0 10 6.5 1 -0.214995 0.0160319 21.8629 
0 5 10 1 -0.0155811 0.212859 20.4235 
10 5 10 1 -0.313385 0.396262 10.9172 
0 6 0 1 -0.0135607 -0.279086 20.4326 
0 8 0 1 -0.102995 -0.280692 21.0503 
0 8 5 1 -0.125537 -0.0441177 21.2002 
0 6 5 1 -0.0374299 -0.0354238 20.5825 
0 2 2.5 1 0.169067 -0.145464 19.2721 
0 4 2.5 1 0.068742 -0.151313 19.8898 
0 4 5 1 0.0561291 -0.0261919 19.9648 
0 2 5 1 0.155663 -0.0163706 19.347 
0.5 0.5 -0.5 1 0.264059 -0.308812 18.2435 
0.5 0.5 6 1 0.226486 0.0450977 18.4384 
10.5 0.5 -0.5 1 0.196207 -0.647242 8.73719 
10.5 0.5 6 1 0.120127 0.0907146 8.93207 
10.5 10.5 -0.5 1 -0.654562 -0.565378 11.8258 
10.5 10.5 6 1 -0.697302 -0.0183601 12.0207 
0.5 10.5 -0.5 1 -0.217402 -0.312429 21.3322 
0.5 10.5 6 1 -0.245226 -0.00926468 21.527 
0.5 5.5 9.5 1 -0.044644 0.189041 20.0877 
10.5 5.5 9.5 1 -0.378011 0.356867 10.5813 
0.5 6.5 -0.5 1 -0.0425768 -0.311116 20.0967 
0.5 8.5 -0.5 1 -0.132596 -0.311792 20.7144 
0.5 8.5 4.5 1 -0.155288 -0.0711861 20.8643 
0.5 6.5 4.5 1 -0.0666271 -0.0631738 20.2466 
0.5 2.5 2 1 0.141512 -0.177086 18.9362 
0.5 4.5 2 1 0.0403342 -0.182037 19.5539 
0.5 4.5 4.5 1 0.027614 -0.0546573 19.6289 
0.5 2.5 4.5 1 0.127979 -0.0455873 19.0112 
