0 0 0 1 0.285163 -0.260536 18.6008 
0 0 6.5 1 0.252566 0.0878064 18.4501 
10 0 0 1 0.156593 -0.580001 9.38457 
10 0 6.5 1 0.0893635 0.110805 9.23391 
10 10 0 1 -0.58171 -0.472741 13.2585 
10 10 6.5 1 -0.637556 0.0151346 13.1079 
0 10 0 1 -0.172545 -0.252326 22.4747 
0 10 6.5 1 -0.202575 0.0356235 22.3241 
0 5 10 1 -0.0136998 0.23094 20.306 
10 5 10 1 -0.370873 0.369042 11.0898 
0 6 0 1 -0.00979888 -0.255245 20.9252 
0 8 0 1 -0.0940775 -0.253734 21.7 
0 8 5 1 -0.117548 -0.0246473 21.5841 
0 6 5 1 -0.0336736 -0.017638 20.8093 
0 2 2.5 1 0.166686 -0.130665 19.3176 
0 4 2.5 1 0.0688593 -0.133836 20.0924 
0 4 5 1 0.0566878 -0.0100865 20.0345 
0 2 5 1 0.154319 -0.00192744 19.2597 
0.5 0.5 -0.5 1 0.256359 -0.295153 18.3453 
0.5 0.5 6 1 0.223066 0.0577948 18.1946 
10.5 0.5 -0.5 1 0.0951122 -0.658508 9.12905 
10.5 0.5 6 1 0.0249376 0.0506411 8.97839 
10.5 10.5 -0.5 1 -0.639382 -0.52575 13.003 
10.5 10.5 6 1 -0.697015 -0.0287965 12.8523 
0.5 10.5 -0.5 1 -0.201591 -0.280813 22.2192 
0.5 10.5 6 1 -0.232166 0.010276 22.0686 
0.5 5.5 9.5 1 -0.0438625 0.20553 20.0505 
10.5 5.5 9.5 1 -0.435117 0.325274 10.8342 
0.5 6.5 -0.5 1 -0.0390098 -0.285904 20.6696 
0.5 8.5 -0.5 1 -0.123237 -0.283267 21.4444 
0.5 8.5 4.5 1 -0.147147 -0.0515963 21.3285 
0.5 6.5 4.5 1 -0.0633461 -0.0455157 20.5538 
0.5 2.5 2 1 0.137378 -0.162239 19.0621 
0.5 4.5 2 1 0.0394353 -0.164218 19.8369 
0.5 4.5 4.5 1 0.0270204 -0.0389587 19.779 
0.5 2.5 4.5 1 0.124755 -0.031867 19.0042 
