0 0 0 1 -0.562285 -0.457719 16.497 
0 0 6.5 1 -0.536292 -0.0660027 17.7092 
10 0 0 1 -0.0922827 -0.367851 23.444 
10 0 6.5 1 -0.0967217 -0.0909207 24.6562 
10 10 0 1 0.294456 -0.428009 16.4969 
10 10 6.5 1 0.261802 -0.0383262 17.7092 
0 10 0 1 -0.236117 -0.627012 9.54996 
0 10 6.5 1 -0.230085 0.036626 10.7622 
0 5 10 1 -0.410112 0.204802 14.8885 
10 5 10 1 0.0460988 0.0905078 21.8355 
0 6 0 1 -0.410694 -0.536401 12.3288 
0 8 0 1 -0.334492 -0.575952 10.9394 
0 8 5 1 -0.322559 -0.117187 11.8719 
0 6 5 1 -0.394652 -0.128482 13.2613 
0 2 2.5 1 -0.510916 -0.307163 15.5738 
0 4 2.5 1 -0.461964 -0.315212 14.1844 
0 4 5 1 -0.453072 -0.137635 14.6507 
0 2 5 1 -0.501371 -0.145202 16.0401 
0.5 0.5 -0.5 1 -0.521364 -0.488755 16.4037 
0.5 0.5 6 1 -0.498049 -0.0928295 17.616 
10.5 0.5 -0.5 1 -0.0616583 -0.389295 23.3507 
10.5 0.5 6 1 -0.0676256 -0.110255 24.563 
10.5 10.5 -0.5 1 0.340249 -0.458877 16.4037 
10.5 10.5 6 1 0.304271 -0.0650066 17.616 
0.5 10.5 -0.5 1 -0.161917 -0.682518 9.45671 
0.5 10.5 6 1 -0.164263 -0.00677185 10.669 
0.5 5.5 9.5 1 -0.363782 0.174567 14.7952 
10.5 5.5 9.5 1 0.0795823 0.0694435 21.7422 
0.5 6.5 -0.5 1 -0.354676 -0.578609 12.2355 
0.5 8.5 -0.5 1 -0.270643 -0.623908 10.8461 
0.5 8.5 4.5 1 -0.26367 -0.157714 11.7786 
0.5 6.5 4.5 1 -0.342488 -0.164813 13.168 
0.5 2.5 2 1 -0.467244 -0.339143 15.4806 
0.5 4.5 2 1 -0.413662 -0.350399 14.0912 
0.5 4.5 4.5 1 -0.406261 -0.170557 14.5574 
0.5 2.5 4.5 1 -0.458921 -0.1753 15.9468 
