0 0 0 1 0.280425 -0.358684 20.1999 
0 0 6.5 1 0.244757 -0.0383201 20.7451 
10 0 0 1 0.67208 -0.609523 10.3274 
10 0 6.5 1 0.584385 0.0143182 10.8726 
10 10 0 1 -0.327155 -0.788784 8.97499 
10 10 6.5 1 -0.370081 -0.0660588 9.52021 
0 10 0 1 -0.223502 -0.426048 18.8475 
0 10 6.5 1 -0.247489 -0.0814491 19.3928 
0 5 10 1 -0.00869652 0.112268 20.3625 
10 5 10 1 0.104783 0.308552 10.49 
0 6 0 1 -0.0134953 -0.397975 19.3885 
0 8 0 1 -0.117013 -0.411813 19.118 
0 8 5 1 -0.137614 -0.149005 19.5374 
0 6 5 1 -0.0360068 -0.139049 19.8079 
0 2 2.5 1 0.171972 -0.244368 20.1391 
0 4 2.5 1 0.0748901 -0.255592 19.8687 
0 4 5 1 0.0628629 -0.12936 20.0784 
0 2 5 1 0.159104 -0.11993 20.3489 
0.5 0.5 -0.5 1 0.269416 -0.394621 19.5967 
0.5 0.5 6 1 0.232978 -0.0636899 20.142 
10.5 0.5 -0.5 1 0.674189 -0.697504 9.72417 
10.5 0.5 6 1 0.581231 -0.0323494 10.2694 
10.5 10.5 -0.5 1 -0.3967 -0.903893 8.3718 
10.5 10.5 6 1 -0.438277 -0.125241 8.91702 
0.5 10.5 -0.5 1 -0.251987 -0.466875 18.2444 
0.5 10.5 6 1 -0.275918 -0.11003 18.7896 
0.5 5.5 9.5 1 -0.0284405 0.0910043 19.7594 
10.5 5.5 9.5 1 0.0722464 0.278029 9.88679 
0.5 6.5 -0.5 1 -0.0344171 -0.436725 18.7853 
0.5 8.5 -0.5 1 -0.141613 -0.45158 18.5148 
0.5 8.5 4.5 1 -0.162325 -0.179519 18.9342 
0.5 6.5 4.5 1 -0.0571787 -0.16882 19.2047 
0.5 2.5 2 1 0.157581 -0.276887 19.536 
0.5 4.5 2 1 0.0572571 -0.288919 19.2655 
0.5 4.5 4.5 1 0.0450472 -0.158418 19.4752 
0.5 2.5 4.5 1 0.144473 -0.148302 19.7457 
