0 0 0 1 0.341964 -0.632027 13.3726 
0 0 6.5 1 0.339724 -0.141963 14.4668 
10 0 0 1 -0.37601 -0.564962 14.3 
10 0 6.5 1 -0.327083 -0.109188 15.3942 
10 10 0 1 -0.187731 -0.40652 24.1136 
10 10 6.5 1 -0.166024 -0.135059 25.2078 
0 10 0 1 0.233891 -0.438862 23.1862 
0 10 6.5 1 0.237427 -0.155575 24.2804 
0 5 10 1 0.276705 0.0265269 19.9628 
10 5 10 1 -0.211876 0.0431991 20.8902 
0 6 0 1 0.263905 -0.492507 19.2608 
0 8 0 1 0.24751 -0.463204 21.2235 
0 8 5 1 0.249984 -0.222486 22.0652 
0 6 5 1 0.265933 -0.227059 20.1025 
0 2 2.5 1 0.309366 -0.402114 15.7562 
0 4 2.5 1 0.284693 -0.377028 17.7189 
0 4 5 1 0.285334 -0.232622 18.1398 
0 2 5 1 0.309443 -0.239536 16.177 
0.5 0.5 -0.5 1 0.295951 -0.651807 13.8255 
0.5 0.5 6 1 0.297154 -0.175168 14.9197 
10.5 0.5 -0.5 1 -0.39709 -0.585558 14.7529 
10.5 0.5 6 1 -0.348106 -0.141386 15.8471 
10.5 10.5 -0.5 1 -0.203861 -0.421809 24.5665 
10.5 10.5 6 1 -0.181849 -0.154487 25.6607 
0.5 10.5 -0.5 1 0.209051 -0.454131 23.6391 
0.5 10.5 6 1 0.213621 -0.175356 24.7333 
0.5 5.5 9.5 1 0.246993 -0.0014769 20.4157 
10.5 5.5 9.5 1 -0.229929 0.0160584 21.3431 
0.5 6.5 -0.5 1 0.233429 -0.509585 19.7137 
0.5 8.5 -0.5 1 0.220136 -0.479347 21.6764 
0.5 8.5 4.5 1 0.223583 -0.242867 22.5181 
0.5 6.5 4.5 1 0.23666 -0.249286 20.5554 
0.5 2.5 2 1 0.27103 -0.425409 16.2091 
0.5 4.5 2 1 0.251113 -0.398432 18.1718 
0.5 4.5 4.5 1 0.252499 -0.25706 18.5926 
0.5 2.5 4.5 1 0.272076 -0.266669 16.6299 
