0 0 0 1 0.27853 -0.236713 18.6312 
0 0 6.5 1 0.250926 0.112354 18.2273 
10 0 0 1 0.0842059 -0.555789 9.69131 
10 0 6.5 1 0.0215781 0.115408 9.28737 
10 10 0 1 -0.575199 -0.421923 14.1289 
10 10 6.5 1 -0.636985 0.0362002 13.725 
0 10 0 1 -0.162715 -0.216103 23.0688 
0 10 6.5 1 -0.192779 0.0649868 22.6648 
0 5 10 1 -0.0113363 0.258935 20.2285 
10 5 10 1 -0.407719 0.37753 11.2887 
0 6 0 1 -0.00828626 -0.223317 21.2938 
0 8 0 1 -0.0885903 -0.219566 22.1813 
0 8 5 1 -0.111503 0.00446126 21.8705 
0 6 5 1 -0.0309789 0.0101304 20.983 
0 2 2.5 1 0.163399 -0.105423 19.3634 
0 4 2.5 1 0.0679161 -0.106481 20.2509 
0 4 5 1 0.0566578 0.0163004 20.0955 
0 2 5 1 0.152393 0.0230405 19.208 
0.5 0.5 -0.5 1 0.247918 -0.270356 18.4372 
0.5 0.5 6 1 0.219331 0.0817141 18.0332 
10.5 0.5 -0.5 1 0.020807 -0.627618 9.49727 
10.5 0.5 6 1 -0.0459735 0.0547103 9.09333 
10.5 10.5 -0.5 1 -0.627591 -0.469014 13.9349 
10.5 10.5 6 1 -0.691827 -0.00572672 13.5309 
0.5 10.5 -0.5 1 -0.191132 -0.243044 22.8747 
0.5 10.5 6 1 -0.221966 0.0399889 22.4708 
0.5 5.5 9.5 1 -0.0423156 0.232776 20.0345 
10.5 5.5 9.5 1 -0.470594 0.332366 11.0946 
0.5 6.5 -0.5 1 -0.0376736 -0.25259 21.0997 
0.5 8.5 -0.5 1 -0.1175 -0.247625 21.9872 
0.5 8.5 4.5 1 -0.141032 -0.0219945 21.6765 
0.5 6.5 4.5 1 -0.0610173 -0.0174018 20.789 
0.5 2.5 2 1 0.132791 -0.136451 19.1693 
0.5 4.5 2 1 0.037738 -0.136147 20.0568 
0.5 4.5 4.5 1 0.0261344 -0.0123996 19.9015 
0.5 2.5 4.5 1 0.121422 -0.00693029 19.014 
