0 0 0 1 0.274644 -0.218695 18.6338 
0 0 6.5 1 0.249929 0.131238 18.1089 
10 0 0 1 0.0484396 -0.529521 9.84949 
10 0 6.5 1 -0.0122953 0.132572 9.32453 
10 10 0 1 -0.572417 -0.387409 14.5594 
10 10 6.5 1 -0.635993 0.0578037 14.0344 
0 10 0 1 -0.158221 -0.192773 23.3437 
0 10 6.5 1 -0.187794 0.0855276 22.8188 
0 5 10 1 -0.00982527 0.279374 20.1812 
10 5 10 1 -0.42458 0.394645 11.3968 
0 6 0 1 -0.00787569 -0.201777 21.4598 
0 8 0 1 -0.0862093 -0.197086 22.4017 
0 8 5 1 -0.108484 0.024901 21.9979 
0 6 5 1 -0.0296451 0.0300513 21.056 
0 2 2.5 1 0.161447 -0.0866468 19.3739 
0 4 2.5 1 0.0672194 -0.0868125 20.3159 
0 4 5 1 0.0565788 0.0356839 20.114 
0 2 5 1 0.151276 0.04187 19.172 
0.5 0.5 -0.5 1 0.243124 -0.251735 18.4705 
0.5 0.5 6 1 0.217261 0.100416 17.9455 
10.5 0.5 -0.5 1 -0.015482 -0.597767 9.68615 
10.5 0.5 6 1 -0.0809626 0.0722206 9.16119 
10.5 10.5 -0.5 1 -0.62247 -0.431715 14.396 
10.5 10.5 6 1 -0.688688 0.0170638 13.8711 
0.5 10.5 -0.5 1 -0.186388 -0.218918 23.1804 
0.5 10.5 6 1 -0.216826 0.0607839 22.6554 
0.5 5.5 9.5 1 -0.0412309 0.252952 20.0178 
10.5 5.5 9.5 1 -0.486575 0.349237 11.2335 
0.5 6.5 -0.5 1 -0.0373808 -0.230303 21.2964 
0.5 8.5 -0.5 1 -0.11504 -0.224369 22.2384 
0.5 8.5 4.5 1 -0.138015 -0.00122643 21.8346 
0.5 6.5 4.5 1 -0.0598906 0.00278606 20.8926 
0.5 2.5 2 1 0.130178 -0.117292 19.2106 
0.5 4.5 2 1 0.0366482 -0.116026 20.1525 
0.5 4.5 4.5 1 0.0256111 0.00717746 19.9506 
0.5 2.5 4.5 1 0.119587 0.0120041 19.0087 
