0 0 0 1 0.304696 -0.438999 14.7613 
0 0 6.5 1 0.327365 -0.00248717 15.4298 
10 0 0 1 -0.382525 -0.391257 14.2404 
10 0 6.5 1 -0.328249 0.0583641 14.9089 
10 10 0 1 -0.250559 -0.270962 24.1737 
10 10 6.5 1 -0.221537 -0.0043622 24.8423 
0 10 0 1 0.157446 -0.302037 24.6946 
0 10 6.5 1 0.175118 -0.0400933 25.3631 
0 5 10 1 0.243027 0.141692 20.7564 
10 5 10 1 -0.242179 0.190237 20.2356 
0 6 0 1 0.199405 -0.341064 20.7213 
0 8 0 1 0.17659 -0.319844 22.7079 
0 8 5 1 0.191013 -0.0993772 23.2222 
0 6 5 1 0.214625 -0.0994585 21.2355 
0 2 2.5 1 0.26984 -0.246883 17.0051 
0 4 2.5 1 0.235193 -0.231362 18.9917 
0 4 5 1 0.24311 -0.0995566 19.2488 
0 2 5 1 0.278153 -0.0996773 17.2622 
0.5 0.5 -0.5 1 0.258714 -0.459749 15.1805 
0.5 0.5 6 1 0.282723 -0.0339074 15.849 
10.5 0.5 -0.5 1 -0.41049 -0.414109 14.6596 
10.5 0.5 6 1 -0.356478 0.024212 15.3281 
10.5 10.5 -0.5 1 -0.269478 -0.286635 24.5929 
10.5 10.5 6 1 -0.240437 -0.0240441 25.2615 
0.5 10.5 -0.5 1 0.132109 -0.316866 25.1138 
0.5 10.5 6 1 0.15015 -0.0587966 25.7823 
0.5 5.5 9.5 1 0.211284 0.115321 21.1756 
10.5 5.5 9.5 1 -0.264875 0.162216 20.6548 
0.5 6.5 -0.5 1 0.168474 -0.357906 21.1404 
0.5 8.5 -0.5 1 0.148729 -0.335624 23.1271 
0.5 8.5 4.5 1 0.163503 -0.118723 23.6414 
0.5 6.5 4.5 1 0.184134 -0.120578 21.6547 
0.5 2.5 2 1 0.230618 -0.269583 17.4242 
0.5 4.5 2 1 0.200733 -0.252074 19.4109 
0.5 4.5 4.5 1 0.208932 -0.122807 19.668 
0.5 2.5 4.5 1 0.239304 -0.125537 17.6814 
