0 0 0 1 -0.650004 -0.539424 14.5181 
0 0 6.5 1 -0.592682 -0.092381 15.8014 
10 0 0 1 -0.156009 -0.423584 22.3883 
10 0 6.5 1 -0.144525 -0.131451 23.6715 
10 10 0 1 0.274922 -0.507549 16.5433 
10 10 6.5 1 0.25915 -0.113588 17.8266 
0 10 0 1 -0.160949 -0.777643 8.67319 
0 10 6.5 1 -0.133009 -0.0374612 9.95646 
0 5 10 1 -0.391024 0.185302 13.5699 
10 5 10 1 0.0297529 0.0402342 21.4401 
0 6 0 1 -0.418875 -0.652007 11.0112 
0 8 0 1 -0.305229 -0.707364 9.84217 
0 8 5 1 -0.272317 -0.190291 10.8293 
0 6 5 1 -0.37982 -0.189866 11.9983 
0 2 2.5 1 -0.563554 -0.373007 13.8427 
0 4 2.5 1 -0.488643 -0.390262 12.6737 
0 4 5 1 -0.468234 -0.189517 13.1673 
0 2 5 1 -0.54223 -0.189225 14.3363 
0.5 0.5 -0.5 1 -0.602115 -0.575029 14.5207 
0.5 0.5 6 1 -0.54869 -0.125167 15.8039 
10.5 0.5 -0.5 1 -0.125008 -0.446688 22.3908 
10.5 0.5 6 1 -0.115205 -0.153334 23.6741 
10.5 10.5 -0.5 1 0.316807 -0.538801 16.5459 
10.5 10.5 6 1 0.298023 -0.142647 17.8292 
0.5 10.5 -0.5 1 -0.0809388 -0.837165 8.67574 
0.5 10.5 6 1 -0.0633153 -0.0895035 9.95901 
0.5 5.5 9.5 1 -0.339837 0.147073 13.5725 
10.5 5.5 9.5 1 0.0621026 0.016054 21.4426 
0.5 6.5 -0.5 1 -0.35579 -0.698923 11.0137 
0.5 8.5 -0.5 1 -0.234682 -0.759837 9.84472 
0.5 8.5 4.5 1 -0.208207 -0.238104 10.8319 
0.5 6.5 4.5 1 -0.321932 -0.233022 12.0008 
0.5 2.5 2 1 -0.513343 -0.41038 13.8452 
0.5 4.5 2 1 -0.433818 -0.431078 12.6763 
0.5 4.5 4.5 1 -0.415467 -0.228842 13.1698 
0.5 2.5 4.5 1 -0.493752 -0.225344 14.3388 
