0 0 0 1 0.327949 -0.545168 10.6304 
0 0 6.5 1 0.26399 0.062378 10.7606 
10 0 0 1 -0.224898 -0.384922 17.3202 
10 0 6.5 1 -0.260212 -0.0114823 17.4504 
10 10 0 1 0.112225 -0.248499 24.7503 
10 10 6.5 1 0.0856922 0.0127057 24.8805 
0 10 0 1 0.562505 -0.292287 18.0604 
0 10 6.5 1 0.522991 0.0652929 18.1907 
0 5 10 1 0.400772 0.303282 14.5458 
10 5 10 1 -0.0730833 0.166695 21.2356 
0 6 0 1 0.496404 -0.363553 15.0884 
0 8 0 1 0.532418 -0.324725 16.5744 
0 8 5 1 0.49944 -0.02446 16.6746 
0 6 5 1 0.460437 -0.0336542 15.1886 
0 2 2.5 1 0.375829 -0.26342 12.1665 
0 4 2.5 1 0.432675 -0.227182 13.6525 
0 4 5 1 0.412974 -0.0448426 13.7026 
0 2 5 1 0.353965 -0.0587529 12.2166 
0.5 0.5 -0.5 1 0.309054 -0.557154 11.3263 
0.5 0.5 6 1 0.249194 0.0136204 11.4566 
10.5 0.5 -0.5 1 -0.21542 -0.398648 18.0162 
10.5 0.5 6 1 -0.249448 -0.0394322 18.1464 
10.5 10.5 -0.5 1 0.109715 -0.261949 25.4462 
10.5 10.5 6 1 0.0839166 -0.00778281 25.5765 
0.5 10.5 -0.5 1 0.542391 -0.308908 18.7564 
0.5 10.5 6 1 0.504472 0.0356092 18.8866 
0.5 5.5 9.5 1 0.383405 0.255632 15.2417 
10.5 5.5 9.5 1 -0.0701154 0.137915 21.9316 
0.5 6.5 -0.5 1 0.475417 -0.380161 15.7844 
0.5 8.5 -0.5 1 0.511786 -0.341469 17.2704 
0.5 8.5 4.5 1 0.480248 -0.0531383 17.3706 
0.5 6.5 4.5 1 0.441158 -0.0646125 15.8846 
0.5 2.5 2 1 0.356599 -0.28922 12.8624 
0.5 4.5 2 1 0.412679 -0.252067 14.3485 
0.5 4.5 4.5 1 0.394 -0.0784552 14.3985 
0.5 2.5 4.5 1 0.335988 -0.095484 12.9125 
