0 0 0 1 -0.140323 -0.0299637 26.2315 
0 0 6.5 1 -0.144677 0.22389 24.9482 
10 0 0 1 0.249446 -0.0457826 25.0029 
10 0 6.5 1 0.265955 0.220365 23.7195 
10 10 0 1 0.324778 -0.202217 15.277 
10 10 6.5 1 0.359669 0.234562 13.9937 
0 10 0 1 -0.300268 -0.165432 16.5057 
0 10 6.5 1 -0.320887 0.239193 15.2224 
0 5 10 1 -0.217 0.414775 19.3943 
10 5 10 1 0.314286 0.423083 18.1656 
0 6 0 1 -0.217985 -0.0957412 20.396 
0 8 0 1 -0.254789 -0.126913 18.4508 
0 8 5 1 -0.266043 0.146568 17.4637 
0 6 5 1 -0.22624 0.151917 19.4089 
0 2 2.5 1 -0.16427 0.0536183 23.7928 
0 4 2.5 1 -0.19057 0.0405909 21.8476 
0 4 5 1 -0.193687 0.156291 21.354 
0 2 5 1 -0.166571 0.159935 23.2992 
0.5 0.5 -0.5 1 -0.12622 -0.0539623 25.7825 
0.5 0.5 6 1 -0.129914 0.203287 24.4992 
10.5 0.5 -0.5 1 0.271383 -0.0712714 24.5539 
10.5 0.5 6 1 0.28942 0.198606 23.2705 
10.5 10.5 -0.5 1 0.363384 -0.249162 14.828 
10.5 10.5 6 1 0.40309 0.197649 13.5447 
0.5 10.5 -0.5 1 -0.282094 -0.207756 16.0567 
0.5 10.5 6 1 -0.301761 0.205491 14.7733 
0.5 5.5 9.5 1 -0.199624 0.392656 18.9453 
10.5 5.5 9.5 1 0.346332 0.399641 17.7166 
0.5 6.5 -0.5 1 -0.201504 -0.128241 19.947 
0.5 8.5 -0.5 1 -0.237445 -0.163703 18.0018 
0.5 8.5 4.5 1 -0.24799 0.114861 17.0147 
0.5 6.5 4.5 1 -0.209096 0.12359 18.9598 
0.5 2.5 2 1 -0.149154 0.0287202 23.3438 
0.5 4.5 2 1 -0.174631 0.0131561 21.3986 
0.5 4.5 4.5 1 -0.17744 0.130694 20.905 
0.5 2.5 4.5 1 -0.151173 0.136589 22.8502 
