0 0 0 1 0.255839 -0.171186 17.7513 
0 0 6.5 1 0.29279 0.201727 16.6453 
10 0 0 1 -0.31995 -0.274832 12.6464 
10 0 6.5 1 -0.321838 0.253109 11.5403 
10 10 0 1 -0.43389 -0.0832041 21.0751 
10 10 6.5 1 -0.441292 0.232512 19.9691 
0 10 0 1 -0.0212601 -0.0502937 26.1801 
0 10 6.5 1 -0.0089534 0.202596 25.0741 
0 5 10 1 0.123537 0.378165 20.2641 
10 5 10 1 -0.401363 0.476697 15.1592 
0 6 0 1 0.0650036 -0.0879287 22.8086 
0 8 0 1 0.0189033 -0.0678161 24.4943 
0 8 5 1 0.030388 0.137853 23.6435 
0 6 5 1 0.0791562 0.132751 21.9578 
0 2 2.5 1 0.191966 -0.0123154 19.0117 
0 4 2.5 1 0.127068 0.00532828 20.6974 
0 4 5 1 0.136035 0.126801 20.272 
0 2 5 1 0.203232 0.119771 18.5863 
0.5 0.5 -0.5 1 0.212839 -0.192559 18.0026 
0.5 0.5 6 1 0.246425 0.17341 16.8966 
10.5 0.5 -0.5 1 -0.368753 -0.302645 12.8976 
10.5 0.5 6 1 -0.375178 0.211437 11.7916 
10.5 10.5 -0.5 1 -0.462062 -0.102283 21.3264 
10.5 10.5 6 1 -0.470913 0.208467 20.2204 
0.5 10.5 -0.5 1 -0.0479138 -0.0660003 26.4314 
0.5 10.5 6 1 -0.0368932 0.183694 25.3253 
0.5 5.5 9.5 1 0.0874234 0.352681 20.5154 
10.5 5.5 9.5 1 -0.440881 0.441165 15.4104 
0.5 6.5 -0.5 1 0.033513 -0.105522 23.0599 
0.5 8.5 -0.5 1 -0.00997393 -0.0844148 24.7456 
0.5 8.5 4.5 1 0.000361833 0.118501 23.8948 
0.5 6.5 4.5 1 0.0462992 0.111988 22.2091 
0.5 2.5 2 1 0.152612 -0.0343623 19.263 
0.5 4.5 2 1 0.0916595 -0.0151561 20.9487 
0.5 4.5 4.5 1 0.099783 0.104405 20.5233 
0.5 2.5 4.5 1 0.162839 0.095464 18.8376 
