0 0 0 1 -0.217304 -0.0111701 25.1741 
0 0 6.5 1 -0.239502 0.254369 24.0122 
10 0 0 1 0.175256 0.00974468 25.689 
10 0 6.5 1 0.17212 0.2707 24.5271 
10 10 0 1 0.321701 -0.0951897 15.8635 
10 10 6.5 1 0.328042 0.331875 14.7016 
0 10 0 1 -0.317245 -0.133014 15.3486 
0 10 6.5 1 -0.363002 0.306455 14.1867 
0 5 10 1 -0.30321 0.469209 18.4738 
10 5 10 1 0.230196 0.484477 18.9888 
0 6 0 1 -0.265044 -0.0693727 19.2788 
0 8 0 1 -0.288182 -0.0975815 17.3137 
0 8 5 1 -0.317011 0.196422 16.4199 
0 6 5 1 -0.289667 0.194578 18.385 
0 2 2.5 1 -0.239789 0.0801375 22.7621 
0 4 2.5 1 -0.256665 0.0707805 20.797 
0 4 5 1 -0.267604 0.193089 20.3501 
0 2 5 1 -0.249426 0.191863 22.3152 
0.5 0.5 -0.5 1 -0.19841 -0.0336364 24.7979 
0.5 0.5 6 1 -0.220033 0.235024 23.636 
10.5 0.5 -0.5 1 0.199599 -0.0119538 25.3128 
10.5 0.5 6 1 0.197586 0.252022 24.151 
10.5 10.5 -0.5 1 0.365044 -0.133203 15.4874 
10.5 10.5 6 1 0.375068 0.301993 14.3255 
0.5 10.5 -0.5 1 -0.288464 -0.173284 14.9725 
0.5 10.5 6 1 -0.333046 0.274766 13.8106 
0.5 5.5 9.5 1 -0.279107 0.44841 18.0977 
10.5 5.5 9.5 1 0.264412 0.464562 18.6126 
0.5 6.5 -0.5 1 -0.241208 -0.100004 18.9026 
0.5 8.5 -0.5 1 -0.262095 -0.132393 16.9375 
0.5 8.5 4.5 1 -0.290146 0.166564 16.0438 
0.5 6.5 4.5 1 -0.265162 0.167939 18.0089 
0.5 2.5 2 1 -0.219237 0.0567848 22.3859 
0.5 4.5 2 1 -0.234447 0.0450082 20.4209 
0.5 4.5 4.5 1 -0.245094 0.169044 19.974 
0.5 2.5 4.5 1 -0.228621 0.16995 21.9391 
