0 0 0 1 -0.678988 -0.574612 13.8717 
0 0 6.5 1 -0.611556 -0.105404 15.1137 
10 0 0 1 -0.178288 -0.440605 22.0475 
10 0 6.5 1 -0.161228 -0.143259 23.2894 
10 10 0 1 0.266281 -0.534858 16.6155 
10 10 6.5 1 0.257612 -0.140508 17.8574 
0 10 0 1 -0.126017 -0.846416 8.43976 
0 10 6.5 1 -0.0916843 -0.0790903 9.68169 
0 5 10 1 -0.380406 0.172567 13.0664 
10 5 10 1 0.0243578 0.0240772 21.2422 
0 6 0 1 -0.415134 -0.704305 10.6126 
0 8 0 1 -0.287062 -0.767257 9.52616 
0 8 5 1 -0.247989 -0.229261 10.4815 
0 6 5 1 -0.369154 -0.222034 11.5679 
0 2 2.5 1 -0.579058 -0.403558 13.263 
0 4 2.5 1 -0.493488 -0.425975 12.1766 
0 4 5 1 -0.469514 -0.216047 12.6543 
0 2 5 1 -0.554005 -0.211007 13.7407 
0.5 0.5 -0.5 1 -0.62818 -0.611444 13.9134 
0.5 0.5 6 1 -0.565097 -0.140508 15.1553 
10.5 0.5 -0.5 1 -0.147229 -0.464058 22.0892 
10.5 0.5 6 1 -0.131853 -0.165994 23.3311 
10.5 10.5 -0.5 1 0.306356 -0.565723 16.6572 
10.5 10.5 6 1 0.294926 -0.170149 17.8991 
0.5 10.5 -0.5 1 -0.0453852 -0.905504 8.48142 
0.5 10.5 6 1 -0.021498 -0.133918 9.72334 
0.5 5.5 9.5 1 -0.327425 0.131097 13.1081 
10.5 5.5 9.5 1 0.0561947 -0.00117248 21.2838 
0.5 6.5 -0.5 1 -0.349815 -0.751898 10.6542 
0.5 8.5 -0.5 1 -0.214884 -0.81998 9.56782 
0.5 8.5 4.5 1 -0.182518 -0.279327 10.5231 
0.5 6.5 4.5 1 -0.309375 -0.267441 11.6095 
0.5 2.5 2 1 -0.526239 -0.442611 13.3047 
0.5 4.5 2 1 -0.436264 -0.468424 12.2183 
0.5 4.5 4.5 1 -0.414522 -0.257588 12.6959 
0.5 2.5 4.5 1 -0.503092 -0.249289 13.7823 
