0 0 0 1 0.25568 -0.179598 17.727 
0 0 6.5 1 0.293371 0.193211 16.6438 
10 0 0 1 -0.323298 -0.280176 12.7076 
10 0 6.5 1 -0.323287 0.244242 11.6243 
10 10 0 1 -0.429968 -0.0872762 21.1945 
10 10 6.5 1 -0.435708 0.226229 20.1112 
0 10 0 1 -0.0180124 -0.0561975 26.214 
0 10 6.5 1 -0.00484788 0.19603 25.1307 
0 5 10 1 0.126534 0.370222 20.3039 
10 5 10 1 -0.397243 0.467163 15.2845 
0 6 0 1 0.0670346 -0.094543 22.8192 
0 8 0 1 0.021567 -0.0740428 24.5166 
0 8 5 1 0.0337051 0.131208 23.6833 
0 6 5 1 0.081833 0.125776 21.9859 
0 2 2.5 1 0.192883 -0.0200065 19.0078 
0 4 2.5 1 0.128729 -0.00184305 20.7052 
0 4 5 1 0.138014 0.119437 20.2885 
0 2 5 1 0.204454 0.111939 18.5911 
0.5 0.5 -0.5 1 0.212594 -0.200699 17.9837 
0.5 0.5 6 1 0.24695 0.165096 16.9005 
10.5 0.5 -0.5 1 -0.371602 -0.307455 12.9643 
10.5 0.5 6 1 -0.375995 0.203146 11.881 
10.5 10.5 -0.5 1 -0.457885 -0.106071 21.4512 
10.5 10.5 6 1 -0.465037 0.202484 20.3679 
0.5 10.5 -0.5 1 -0.0446305 -0.0717296 26.4707 
0.5 10.5 6 1 -0.0327348 0.177284 25.3874 
0.5 5.5 9.5 1 0.0904599 0.344901 20.5606 
10.5 5.5 9.5 1 -0.436317 0.432063 15.5412 
0.5 6.5 -0.5 1 0.0355546 -0.111934 23.0759 
0.5 8.5 -0.5 1 -0.00728492 -0.0904542 24.7733 
0.5 8.5 4.5 1 0.00371871 0.112024 23.94 
0.5 6.5 4.5 1 0.0490029 0.105192 22.2426 
0.5 2.5 2 1 0.153498 -0.0418309 19.2645 
0.5 4.5 2 1 0.0933185 -0.0221227 20.9619 
0.5 4.5 4.5 1 0.10177 0.0972304 20.5452 
0.5 2.5 4.5 1 0.16404 0.087835 18.8478 
