0 0 0 1 0.25459 -0.494786 10.4873 
0 0 6.5 1 0.200171 0.124998 10.1873 
10 0 0 1 -0.224622 -0.306945 17.9107 
10 0 6.5 1 -0.264266 0.0547826 17.6107 
10 10 0 1 0.135924 -0.181674 24.595 
10 10 6.5 1 0.111639 0.0820784 24.295 
0 10 0 1 0.584462 -0.24224 17.1716 
0 10 6.5 1 0.55747 0.136485 16.8716 
0 5 10 1 0.402656 0.394064 13.3679 
10 5 10 1 -0.0630292 0.238521 20.7913 
0 6 0 1 0.489014 -0.315313 14.4979 
0 8 0 1 0.540767 -0.275692 15.8347 
0 8 5 1 0.517671 0.0388067 15.6039 
0 6 5 1 0.462916 0.0280135 14.2671 
0 2 2.5 1 0.333135 -0.213309 11.7088 
0 4 2.5 1 0.411926 -0.17567 13.0456 
0 4 5 1 0.39684 0.0149885 12.9302 
0 2 5 1 0.315525 -0.00104042 11.5934 
0.5 0.5 -0.5 1 0.245381 -0.503759 11.2158 
0.5 0.5 6 1 0.194341 0.074417 10.9157 
10.5 0.5 -0.5 1 -0.211434 -0.319685 18.6392 
10.5 0.5 6 1 -0.249288 0.0274653 18.3392 
10.5 10.5 -0.5 1 0.135259 -0.194655 25.3235 
10.5 10.5 6 1 0.111673 0.0612635 25.0234 
0.5 10.5 -0.5 1 0.565267 -0.258139 17.9001 
0.5 10.5 6 1 0.539065 0.104639 17.6 
0.5 5.5 9.5 1 0.387677 0.340991 14.0963 
10.5 5.5 9.5 1 -0.057077 0.209022 21.5197 
0.5 6.5 -0.5 1 0.471016 -0.330509 15.2264 
0.5 8.5 -0.5 1 0.521945 -0.291404 16.5632 
0.5 8.5 4.5 1 0.499613 0.00884551 16.3324 
0.5 6.5 4.5 1 0.445909 -0.00409442 14.9955 
0.5 2.5 2 1 0.32023 -0.237887 12.4372 
0.5 4.5 2 1 0.396107 -0.199853 13.7741 
0.5 4.5 4.5 1 0.381691 -0.0195674 13.6587 
0.5 2.5 4.5 1 0.30354 -0.0383978 12.3218 
