0 0 0 1 -0.289672 -0.101361 23.8315 
0 0 6.5 1 -0.321931 0.173861 23.1534 
10 0 0 1 0.106382 -0.0516867 26.1025 
10 0 6.5 1 0.0875671 0.200276 25.4244 
10 10 0 1 0.312947 -0.131955 16.4198 
10 10 6.5 1 0.291457 0.271531 15.7417 
0 10 0 1 -0.320989 -0.228507 14.1488 
0 10 6.5 1 -0.378013 0.238143 13.4707 
0 5 10 1 -0.366045 0.394774 17.9469 
10 5 10 1 0.153862 0.403176 20.218 
0 6 0 1 -0.304424 -0.161253 18.0219 
0 8 0 1 -0.311709 -0.190832 16.0853 
0 8 5 1 -0.349364 0.121119 15.5637 
0 6 5 1 -0.337695 0.117059 17.5003 
0 2 2.5 1 -0.307047 -0.00470334 21.6341 
0 4 2.5 1 -0.313254 -0.0134664 19.6976 
0 4 5 1 -0.328351 0.113808 19.4368 
0 2 5 1 -0.3207 0.111147 21.3733 
0.5 0.5 -0.5 1 -0.266187 -0.123276 23.5131 
0.5 0.5 6 1 -0.298199 0.155133 22.835 
10.5 0.5 -0.5 1 0.13269 -0.0710583 25.7841 
10.5 0.5 6 1 0.114346 0.183577 25.106 
10.5 10.5 -0.5 1 0.359159 -0.164563 16.1014 
10.5 10.5 6 1 0.339257 0.24582 15.4233 
0.5 10.5 -0.5 1 -0.281783 -0.268692 13.8304 
0.5 10.5 6 1 -0.338167 0.207183 13.1523 
0.5 5.5 9.5 1 -0.3361 0.374505 17.6285 
10.5 5.5 9.5 1 0.188708 0.385355 19.8995 
0.5 6.5 -0.5 1 -0.273497 -0.191438 17.7035 
0.5 8.5 -0.5 1 -0.277131 -0.225321 15.7669 
0.5 8.5 4.5 1 -0.31439 0.0919655 15.2453 
0.5 6.5 4.5 1 -0.306446 0.0911163 17.1818 
0.5 2.5 2 1 -0.281401 -0.0274339 21.3157 
0.5 4.5 2 1 -0.285147 -0.0386124 19.3792 
0.5 4.5 4.5 1 -0.300112 0.0904392 19.1184 
0.5 2.5 4.5 1 -0.294942 0.0898866 21.0549 
