0 0 0 1 0.380157 -0.502926 10.9888 
0 0 6.5 1 0.310881 0.0786214 11.649 
10 0 0 1 -0.242075 -0.410516 16.5804 
10 0 6.5 1 -0.265056 -0.0211184 17.2406 
10 10 0 1 0.0668471 -0.288617 24.8086 
10 10 6.5 1 0.0432826 -0.0281809 25.4688 
0 10 0 1 0.512545 -0.30599 19.217 
0 10 6.5 1 0.467549 0.0282849 19.8772 
0 5 10 1 0.38205 0.261068 16.1186 
10 5 10 1 -0.0936467 0.134872 21.7102 
0 6 0 1 0.476006 -0.360345 15.9257 
0 8 0 1 0.495987 -0.330623 17.5714 
0 8 5 1 0.458397 -0.0472236 18.0792 
0 6 5 1 0.435269 -0.0476486 16.4336 
0 2 2.5 1 0.395554 -0.242035 12.8884 
0 4 2.5 1 0.428819 -0.219497 14.534 
0 4 5 1 0.406995 -0.0481683 14.7879 
0 2 5 1 0.371639 -0.048818 13.1423 
0.5 0.5 -0.5 1 0.352076 -0.524878 11.629 
0.5 0.5 6 1 0.287917 0.0275534 12.2892 
10.5 0.5 -0.5 1 -0.237906 -0.428775 17.2206 
10.5 0.5 6 1 -0.260218 -0.0526455 17.8808 
10.5 10.5 -0.5 1 0.0618968 -0.304039 25.4488 
10.5 10.5 6 1 0.0390353 -0.0495992 26.109 
0.5 10.5 -0.5 1 0.491832 -0.325195 19.8572 
0.5 10.5 6 1 0.448906 -0.000732434 20.5174 
0.5 5.5 9.5 1 0.362492 0.21665 16.7588 
10.5 5.5 9.5 1 -0.0946861 0.105181 22.3504 
0.5 6.5 -0.5 1 0.452589 -0.381265 16.5659 
0.5 8.5 -0.5 1 0.473983 -0.350697 18.2116 
0.5 8.5 4.5 1 0.438276 -0.0764457 18.7194 
0.5 6.5 4.5 1 0.414076 -0.0796713 17.0738 
0.5 2.5 2 1 0.370686 -0.273251 13.5286 
0.5 4.5 2 1 0.405245 -0.248278 15.1742 
0.5 4.5 4.5 1 0.384714 -0.083585 15.4281 
0.5 2.5 4.5 1 0.348341 -0.0884334 13.7825 
