0 0 0 1 0.349051 -0.540289 10.7085 
0 0 6.5 1 0.282226 0.0614623 11.0094 
10 0 0 1 -0.228532 -0.399852 17.0757 
10 0 6.5 1 -0.260868 -0.0210306 17.3767 
10 10 0 1 0.099959 -0.264957 24.7727 
10 10 6.5 1 0.0736071 -0.00404305 25.0736 
0 10 0 1 0.549642 -0.299998 18.4054 
0 10 6.5 1 0.507087 0.0502892 18.7064 
0 5 10 1 0.396597 0.285515 15.0199 
10 5 10 1 -0.0787057 0.151788 21.3872 
0 6 0 1 0.493582 -0.367153 15.3267 
0 8 0 1 0.524171 -0.330511 16.8661 
0 8 5 1 0.4887 -0.0352911 17.0975 
0 6 5 1 0.455057 -0.0421776 15.5581 
0 2 2.5 1 0.385888 -0.262654 12.3636 
0 4 2.5 1 0.434919 -0.229773 13.903 
0 4 5 1 0.414026 -0.0505764 14.0187 
0 2 5 1 0.362872 -0.0610474 12.4793 
0.5 0.5 -0.5 1 0.326929 -0.555091 11.3885 
0.5 0.5 6 1 0.264561 0.0120329 11.6895 
10.5 0.5 -0.5 1 -0.2206 -0.414725 17.7558 
10.5 0.5 6 1 -0.25185 -0.049923 18.0567 
10.5 10.5 -0.5 1 0.096716 -0.278936 25.4528 
10.5 10.5 6 1 0.0710978 -0.024749 25.7537 
0.5 10.5 -0.5 1 0.529294 -0.317393 19.0855 
0.5 10.5 6 1 0.488547 0.0208767 19.3864 
0.5 5.5 9.5 1 0.378491 0.239007 15.7 
10.5 5.5 9.5 1 -0.0769402 0.12282 22.0672 
0.5 6.5 -0.5 1 0.471702 -0.38504 16.0067 
0.5 8.5 -0.5 1 0.503024 -0.348249 17.5461 
0.5 8.5 4.5 1 0.469186 -0.0640916 17.7776 
0.5 6.5 4.5 1 0.435102 -0.07342 16.2382 
0.5 2.5 2 1 0.364652 -0.290052 13.0437 
0.5 4.5 2 1 0.413639 -0.255813 14.5831 
0.5 4.5 4.5 1 0.393879 -0.0847023 14.6988 
0.5 2.5 4.5 1 0.343012 -0.0986242 13.1594 
