0 0 0 1 0.169608 -0.386788 10.2997 
0 0 6.5 1 0.123507 0.255047 9.64025 
10 0 0 1 -0.233148 -0.201531 18.2863 
10 0 6.5 1 -0.273428 0.156421 17.6269 
10 10 0 1 0.152072 -0.0987718 24.2179 
10 10 6.5 1 0.132717 0.171931 23.5585 
0 10 0 1 0.597193 -0.165764 16.2313 
0 10 6.5 1 0.58676 0.240944 15.5719 
0 5 10 1 0.397051 0.53664 12.251 
10 5 10 1 -0.0566303 0.339608 20.2377 
0 6 0 1 0.470082 -0.231469 13.8586 
0 8 0 1 0.538649 -0.196026 15.0449 
0 8 5 1 0.528009 0.138025 14.5377 
0 6 5 1 0.455892 0.130917 13.3514 
0 2 2.5 1 0.277966 -0.111041 11.2324 
0 4 2.5 1 0.379386 -0.0796065 12.4187 
0 4 5 1 0.369709 0.122422 12.1651 
0 2 5 1 0.2649 0.112092 10.9787 
0.5 0.5 -0.5 1 0.170781 -0.398303 11.0463 
0.5 0.5 6 1 0.128068 0.196664 10.3869 
10.5 0.5 -0.5 1 -0.216668 -0.215482 19.033 
10.5 0.5 6 1 -0.254719 0.127424 18.3736 
10.5 10.5 -0.5 1 0.153115 -0.112481 24.9646 
10.5 10.5 6 1 0.134383 0.149534 24.3052 
0.5 10.5 -0.5 1 0.579152 -0.182976 16.9779 
0.5 10.5 6 1 0.568467 0.204427 16.3185 
0.5 5.5 9.5 1 0.384982 0.473808 12.9976 
10.5 5.5 9.5 1 -0.0479633 0.307701 20.9843 
0.5 6.5 -0.5 1 0.455608 -0.248119 14.6053 
0.5 8.5 -0.5 1 0.522021 -0.2131 15.7916 
0.5 8.5 4.5 1 0.511349 0.104066 15.2843 
0.5 6.5 4.5 1 0.441649 0.0944764 14.098 
0.5 2.5 2 1 0.272294 -0.138847 11.979 
0.5 4.5 2 1 0.368473 -0.106689 13.1653 
0.5 4.5 4.5 1 0.359141 0.083125 12.9117 
0.5 2.5 4.5 1 0.259937 0.0694767 11.7254 
