0 0 0 1 -0.481264 -0.34498 10.4998 
0 0 6.5 1 -0.466593 0.289052 9.72332 
10 0 0 1 -0.252934 -0.11823 20.426 
10 0 6.5 1 -0.236652 0.204473 19.6495 
10 10 0 1 0.23269 -0.154596 20.634 
10 10 6.5 1 0.267791 0.163305 19.8575 
0 10 0 1 0.458972 -0.410654 10.7078 
0 10 6.5 1 0.546848 0.204964 9.93131 
0 5 10 1 0.0770596 0.625648 9.40921 
10 5 10 1 0.0316419 0.366897 19.3354 
0 6 0 1 0.0872953 -0.384693 10.6246 
0 8 0 1 0.273858 -0.397724 10.6662 
0 8 5 1 0.329551 0.0701245 10.0689 
0 6 5 1 0.132105 0.0858727 10.0273 
0 2 2.5 1 -0.279323 -0.127219 10.2428 
0 4 2.5 1 -0.0843497 -0.141776 10.2844 
0 4 5 1 -0.0669847 0.101752 9.9857 
0 2 5 1 -0.267741 0.117764 9.94411 
0.5 0.5 -0.5 1 -0.415694 -0.370084 11.0662 
0.5 0.5 6 1 -0.396883 0.227151 10.2898 
10.5 0.5 -0.5 1 -0.22453 -0.137582 20.9925 
10.5 0.5 6 1 -0.207613 0.175336 20.216 
10.5 10.5 -0.5 1 0.24784 -0.172786 21.2004 
10.5 10.5 6 1 0.282544 0.135606 20.424 
0.5 10.5 -0.5 1 0.476093 -0.431995 11.2742 
0.5 10.5 6 1 0.560494 0.148827 10.4978 
0.5 5.5 9.5 1 0.118095 0.542685 9.97565 
10.5 5.5 9.5 1 0.0535033 0.332677 19.9019 
0.5 6.5 -0.5 1 0.123356 -0.407507 11.191 
0.5 8.5 -0.5 1 0.300378 -0.419796 11.2326 
0.5 8.5 4.5 1 0.354593 0.0218952 10.6353 
0.5 6.5 4.5 1 0.167804 0.036612 10.5937 
0.5 2.5 2 1 -0.222776 -0.164332 10.8092 
0.5 4.5 2 1 -0.0381977 -0.177986 10.8508 
0.5 4.5 4.5 1 -0.0204587 0.0514449 10.5521 
0.5 2.5 4.5 1 -0.210211 0.0663951 10.5105 
