0 0 0 1 0.262339 -0.263256 16.9538 
0 0 6.5 1 0.306943 0.121212 16.3788 
10 0 0 1 -0.364537 -0.294611 13.3839 
10 0 6.5 1 -0.335642 0.195603 12.8089 
10 10 0 1 -0.3692 -0.123425 22.683 
10 10 6.5 1 -0.35258 0.165047 22.108 
0 10 0 1 0.0362636 -0.126454 26.2529 
0 10 6.5 1 0.0596521 0.121845 25.6779 
0 5 10 1 0.173355 0.291006 20.7188 
10 5 10 1 -0.334417 0.381917 17.1489 
0 6 0 1 0.104302 -0.167625 22.5333 
0 8 0 1 0.0676893 -0.14547 24.3931 
0 8 5 1 0.0875581 0.0589511 23.9508 
0 6 5 1 0.126577 0.0535623 22.091 
0 2 2.5 1 0.213607 -0.0943561 18.5925 
0 4 2.5 1 0.16 -0.0745947 20.4523 
0 4 5 1 0.17277 0.0471828 20.2312 
0 2 5 1 0.228315 0.0395116 18.3714 
0.5 0.5 -0.5 1 0.217648 -0.282105 17.2845 
0.5 0.5 6 1 0.259832 0.0941053 16.7095 
10.5 0.5 -0.5 1 -0.405745 -0.317611 13.7146 
10.5 0.5 6 1 -0.379381 0.159259 13.1396 
10.5 10.5 -0.5 1 -0.39369 -0.139591 23.0137 
10.5 10.5 6 1 -0.377942 0.144215 22.4387 
0.5 10.5 -0.5 1 0.0100183 -0.140412 26.5836 
0.5 10.5 6 1 0.0325292 0.104422 26.0086 
0.5 5.5 9.5 1 0.138056 0.266821 21.0495 
10.5 5.5 9.5 1 -0.367319 0.351072 17.4796 
0.5 6.5 -0.5 1 0.0728033 -0.183258 22.864 
0.5 8.5 -0.5 1 0.0390493 -0.160223 24.7238 
0.5 8.5 4.5 1 0.0581259 0.0411451 24.2815 
0.5 6.5 4.5 1 0.0941281 0.0343589 22.4217 
0.5 2.5 2 1 0.173638 -0.114525 18.9232 
0.5 4.5 2 1 0.124461 -0.0932731 20.783 
0.5 4.5 4.5 1 0.136643 0.026345 20.5619 
0.5 2.5 4.5 1 0.187614 0.0167372 18.702 
