0 0 0 1 0.25629 -0.0335233 18.0905 
0 0 6.5 1 0.261557 0.342192 16.8785 
10 0 0 1 -0.191595 -0.203818 10.8585 
10 0 6.5 1 -0.238651 0.432178 9.6465 
10 10 0 1 -0.54151 -0.0689637 17.5084 
10 10 6.5 1 -0.595387 0.317538 16.2964 
0 10 0 1 -0.111724 0.0161379 24.7404 
0 10 6.5 1 -0.126902 0.288222 23.5284 
0 5 10 1 0.0304367 0.496914 19.5509 
10 5 10 1 -0.496945 0.658212 12.3188 
0 6 0 1 0.00888188 -0.000137054 22.0804 
0 8 0 1 -0.0548468 0.00846274 23.4104 
0 8 5 1 -0.064709 0.22722 22.4781 
0 6 5 1 0.00120884 0.231998 21.1482 
0 2 2.5 1 0.162023 0.108121 18.9543 
0 4 2.5 1 0.0784321 0.110948 20.2843 
0 4 5 1 0.075974 0.237418 19.8182 
0 2 5 1 0.161496 0.243617 18.4882 
0.5 0.5 -0.5 1 0.217444 -0.062102 18.1546 
0.5 0.5 6 1 0.219912 0.310147 16.9427 
10.5 0.5 -0.5 1 -0.253534 -0.25032 10.9226 
10.5 0.5 6 1 -0.308009 0.375674 9.71062 
10.5 10.5 -0.5 1 -0.578732 -0.0983598 17.5725 
10.5 10.5 6 1 -0.635156 0.284449 16.3605 
0.5 10.5 -0.5 1 -0.139205 -0.00490742 24.8045 
0.5 10.5 6 1 -0.155753 0.265356 23.5925 
0.5 5.5 9.5 1 -0.00477942 0.468729 19.615 
10.5 5.5 9.5 1 -0.549997 0.612731 12.383 
0.5 6.5 -0.5 1 -0.0222491 -0.0236632 22.1446 
0.5 8.5 -0.5 1 -0.08404 -0.013754 23.4745 
0.5 8.5 4.5 1 -0.0950814 0.203462 22.5423 
0.5 6.5 4.5 1 -0.0312672 0.206736 21.2123 
0.5 2.5 2 1 0.125259 0.080363 19.0185 
0.5 4.5 2 1 0.0443341 0.0849954 20.3484 
0.5 4.5 4.5 1 0.0410845 0.210449 19.8823 
0.5 2.5 4.5 1 0.12381 0.214693 18.5523 
