0 0 0 1 -0.14459 -0.0286575 26.1921 
0 0 6.5 1 -0.150043 0.225678 24.9047 
10 0 0 1 0.245139 -0.0421572 25.0655 
10 0 6.5 1 0.260527 0.223498 23.7781 
10 10 0 1 0.324861 -0.196692 15.3285 
10 10 6.5 1 0.35823 0.239015 14.0411 
0 10 0 1 -0.300939 -0.164624 16.4551 
0 10 6.5 1 -0.323164 0.241442 15.1677 
0 5 10 1 -0.221896 0.4173 19.343 
10 5 10 1 0.309583 0.426306 18.2164 
0 6 0 1 -0.220445 -0.0946238 20.3499 
0 8 0 1 -0.256433 -0.12592 18.4025 
0 8 5 1 -0.268794 0.148376 17.4122 
0 6 5 1 -0.229722 0.153682 19.3596 
0 2 2.5 1 -0.168455 0.0550806 23.7495 
0 4 2.5 1 -0.194187 0.0420361 21.8021 
0 4 5 1 -0.197792 0.158017 21.307 
0 2 5 1 -0.17121 0.161627 23.2544 
0.5 0.5 -0.5 1 -0.13021 -0.0525829 25.7479 
0.5 0.5 6 1 -0.135006 0.205112 24.4605 
10.5 0.5 -0.5 1 0.267207 -0.0674208 24.6213 
10.5 0.5 6 1 0.284106 0.201897 23.3339 
10.5 10.5 -0.5 1 0.363744 -0.243094 14.8844 
10.5 10.5 6 1 0.401884 0.202453 13.597 
0.5 10.5 -0.5 1 -0.282151 -0.206871 16.011 
0.5 10.5 6 1 -0.303404 0.20775 14.7236 
0.5 5.5 9.5 1 -0.204122 0.395185 18.8989 
10.5 5.5 9.5 1 0.341766 0.403013 17.7723 
0.5 6.5 -0.5 1 -0.203537 -0.127043 19.9057 
0.5 8.5 -0.5 1 -0.238582 -0.162629 17.9584 
0.5 8.5 4.5 1 -0.250225 0.116705 16.9681 
0.5 6.5 4.5 1 -0.212147 0.125396 18.9155 
0.5 2.5 2 1 -0.153023 0.0302436 23.3054 
0.5 4.5 2 1 -0.177884 0.0146632 21.358 
0.5 4.5 4.5 1 -0.181178 0.132464 20.8629 
0.5 2.5 4.5 1 -0.155496 0.138326 22.8102 
