0 0 0 1 0.138876 -0.34723 10.2174 
0 0 6.5 1 0.0951423 0.305374 9.45013 
10 0 0 1 -0.236663 -0.165547 18.3714 
10 0 6.5 1 -0.276507 0.192697 17.6041 
10 10 0 1 0.157357 -0.0710738 24.0387 
10 10 6.5 1 0.140206 0.203041 23.2715 
0 10 0 1 0.601171 -0.13944 15.8847 
0 10 6.5 1 0.597294 0.279056 15.1175 
0 5 10 1 0.394622 0.591075 11.8707 
10 5 10 1 -0.0540505 0.375682 20.0247 
0 6 0 1 0.462428 -0.201801 13.6178 
0 8 0 1 0.537129 -0.168225 14.7513 
0 8 5 1 0.531277 0.174238 14.1611 
0 6 5 1 0.452682 0.168936 13.0276 
0 2 2.5 1 0.257342 -0.0729711 11.0557 
0 4 2.5 1 0.366816 -0.0443169 12.1892 
0 4 5 1 0.359107 0.162624 11.8941 
0 2 5 1 0.245818 0.154982 10.7607 
0.5 0.5 -0.5 1 0.1438 -0.36022 10.9675 
0.5 0.5 6 1 0.103653 0.243416 10.2002 
10.5 0.5 -0.5 1 -0.219107 -0.180126 19.1215 
10.5 0.5 6 1 -0.256589 0.162869 18.3542 
10.5 10.5 -0.5 1 0.158976 -0.0851776 24.7888 
10.5 10.5 6 1 0.142413 0.179927 24.0216 
0.5 10.5 -0.5 1 0.583572 -0.157374 16.6348 
0.5 10.5 6 1 0.579027 0.240472 15.8676 
0.5 5.5 9.5 1 0.383701 0.52402 12.6208 
10.5 5.5 9.5 1 -0.0444853 0.342722 20.7748 
0.5 6.5 -0.5 1 0.449295 -0.21931 14.3679 
0.5 8.5 -0.5 1 0.521342 -0.186078 15.5013 
0.5 8.5 4.5 1 0.51516 0.138451 14.9112 
0.5 6.5 4.5 1 0.439517 0.130494 13.7777 
0.5 2.5 2 1 0.254389 -0.102465 11.8058 
0.5 4.5 2 1 0.357776 -0.0728878 12.9393 
0.5 4.5 4.5 1 0.350313 0.12111 12.6442 
0.5 2.5 4.5 1 0.243541 0.109878 11.5107 
