0 0 0 1 0.207051 -0.390225 21.4407 
0 0 6.5 1 0.191548 -0.0877837 22.7201 
10 0 0 1 0.695035 -0.518107 12.6137 
10 0 6.5 1 0.624748 -0.0117306 13.893 
10 10 0 1 -0.02961 -0.69515 8.34649 
10 10 6.5 1 -0.0347466 0.0592365 9.62582 
0 10 0 1 -0.266384 -0.444493 17.1736 
0 10 6.5 1 -0.252648 -0.0683512 18.4529 
0 5 10 1 -0.00949767 0.0847624 21.2754 
10 5 10 1 0.331416 0.291995 12.4483 
0 6 0 1 -0.0513298 -0.419842 18.8804 
0 8 0 1 -0.153766 -0.431584 18.027 
0 8 5 1 -0.14934 -0.151408 19.0111 
0 6 5 1 -0.0521684 -0.152285 19.8645 
0 2 2.5 1 0.123482 -0.27369 21.0794 
0 4 2.5 1 0.0395582 -0.277988 20.2259 
0 4 5 1 0.0369976 -0.153089 20.718 
0 2 5 1 0.119108 -0.15383 21.5714 
0.5 0.5 -0.5 1 0.203586 -0.421926 20.6876 
0.5 0.5 6 1 0.187754 -0.10727 21.967 
10.5 0.5 -0.5 1 0.719978 -0.581523 11.8605 
10.5 0.5 6 1 0.643234 -0.0399482 13.1399 
10.5 10.5 -0.5 1 -0.062521 -0.811761 7.59337 
10.5 10.5 6 1 -0.0633483 0.0234719 8.87269 
0.5 10.5 -0.5 1 -0.292463 -0.486922 16.4204 
0.5 10.5 6 1 -0.276257 -0.0917085 17.6998 
0.5 5.5 9.5 1 -0.0209369 0.0702365 20.5222 
10.5 5.5 9.5 1 0.333296 0.27985 11.6952 
0.5 6.5 -0.5 1 -0.0660183 -0.457252 18.1273 
0.5 8.5 -0.5 1 -0.173647 -0.471354 17.2739 
0.5 8.5 4.5 1 -0.167966 -0.177477 18.258 
0.5 6.5 4.5 1 -0.0661336 -0.177224 19.1114 
0.5 2.5 2 1 0.116859 -0.301637 20.3262 
0.5 4.5 2 1 0.0293997 -0.307327 19.4728 
0.5 4.5 4.5 1 0.0269929 -0.176993 19.9649 
0.5 2.5 4.5 1 0.112484 -0.176781 20.8183 
