0 0 0 1 -0.238197 -0.359882 10.1852 
0 0 6.5 1 -0.258151 0.303725 8.9181 
10 0 0 1 -0.247695 -0.0878538 19.6852 
10 0 6.5 1 -0.25801 0.252181 18.4181 
10 10 0 1 0.217745 -0.0647653 22.1244 
10 10 6.5 1 0.236911 0.236905 20.8574 
0 10 0 1 0.575655 -0.266858 12.6244 
0 10 6.5 1 0.650782 0.264601 11.3574 
0 5 10 1 0.276155 0.66513 9.45548 
10 5 10 1 0.00851156 0.43392 18.9555 
0 6 0 1 0.291016 -0.299393 11.6487 
0 8 0 1 0.439056 -0.282472 12.1366 
0 8 5 1 0.485931 0.132138 11.1619 
0 6 5 1 0.326515 0.132622 10.6741 
0 2 2.5 1 -0.0431742 -0.113353 10.1857 
0 4 2.5 1 0.140433 -0.102615 10.6735 
0 4 5 1 0.151829 0.133152 10.1862 
0 2 5 1 -0.0404314 0.133735 9.69835 
0.5 0.5 -0.5 1 -0.19058 -0.371719 10.8796 
0.5 0.5 6 1 -0.202815 0.242388 9.61253 
10.5 0.5 -0.5 1 -0.221951 -0.103442 20.3796 
10.5 0.5 6 1 -0.230184 0.223204 19.1125 
10.5 10.5 -0.5 1 0.226573 -0.0793897 22.8189 
10.5 10.5 6 1 0.24564 0.2117 21.5518 
0.5 10.5 -0.5 1 0.572118 -0.281377 13.3189 
0.5 10.5 6 1 0.642545 0.217933 12.0518 
0.5 5.5 9.5 1 0.292006 0.582314 10.1499 
10.5 5.5 9.5 1 0.0261574 0.399313 19.6499 
0.5 6.5 -0.5 1 0.303213 -0.313229 12.3432 
0.5 8.5 -0.5 1 0.442778 -0.296697 12.831 
0.5 8.5 4.5 1 0.487213 0.0924593 11.8564 
0.5 6.5 4.5 1 0.33759 0.0912105 11.3685 
0.5 2.5 2 1 -0.00800621 -0.140923 10.8801 
0.5 4.5 2 1 0.162876 -0.129659 11.368 
0.5 4.5 4.5 1 0.17455 0.0898497 10.8806 
0.5 2.5 4.5 1 -0.00379767 0.0883611 10.3928 
