0 0 0 1 0.382486 -0.49881 11.0284 
0 0 6.5 1 0.313317 0.0800401 11.7253 
10 0 0 1 -0.243888 -0.411006 16.5302 
10 0 6.5 1 -0.265627 -0.020576 17.2271 
10 10 0 1 0.0627852 -0.2909 24.8115 
10 10 6.5 1 0.0397251 -0.0305047 25.5085 
0 10 0 1 0.507907 -0.306827 19.3097 
0 10 6.5 1 0.463 0.0257331 20.0066 
0 5 10 1 0.380219 0.258239 16.2412 
10 5 10 1 -0.0954102 0.133429 21.7431 
0 6 0 1 0.473321 -0.359768 15.9972 
0 8 0 1 0.492236 -0.330814 17.6534 
0 8 5 1 0.454703 -0.0487362 18.1895 
0 6 5 1 0.432641 -0.0484935 16.5332 
0 2 2.5 1 0.395798 -0.240031 12.9527 
0 4 2.5 1 0.427445 -0.218618 14.6089 
0 4 5 1 0.405667 -0.0481968 14.877 
0 2 5 1 0.371934 -0.0478257 13.2207 
0.5 0.5 -0.5 1 0.353831 -0.521458 11.6639 
0.5 0.5 6 1 0.289834 0.0289067 12.3608 
10.5 0.5 -0.5 1 -0.240167 -0.429646 17.1658 
10.5 0.5 6 1 -0.261278 -0.0523799 17.8627 
10.5 10.5 -0.5 1 0.0576356 -0.306474 25.4471 
10.5 10.5 6 1 0.0352734 -0.0519931 26.144 
0.5 10.5 -0.5 1 0.487153 -0.326188 19.9452 
0.5 10.5 6 1 0.444329 -0.00321428 20.6421 
0.5 5.5 9.5 1 0.3605 0.214077 16.8768 
10.5 5.5 9.5 1 -0.0967731 0.103669 22.3786 
0.5 6.5 -0.5 1 0.449756 -0.380963 16.6327 
0.5 8.5 -0.5 1 0.470148 -0.351095 18.289 
0.5 8.5 4.5 1 0.434511 -0.0779635 18.8251 
0.5 6.5 4.5 1 0.411318 -0.0805494 17.1688 
0.5 2.5 2 1 0.370579 -0.271575 13.5882 
0.5 4.5 2 1 0.403646 -0.247628 15.2445 
0.5 4.5 4.5 1 0.383172 -0.0836874 15.5125 
0.5 2.5 4.5 1 0.348297 -0.0875756 13.8563 
