0 0 0 1 -0.0439005 -0.0445653 26.2075 
0 0 6.5 1 -0.0252131 0.207101 25.4141 
10 0 0 1 0.358373 -0.10422 22.5538 
10 0 6.5 1 0.394866 0.187528 21.7603 
10 10 0 1 0.324433 -0.239471 13.3255 
10 10 6.5 1 0.38565 0.258548 12.5321 
0 10 0 1 -0.289173 -0.118289 16.9793 
0 10 6.5 1 -0.271854 0.273249 16.1858 
0 5 10 1 -0.110245 0.407701 20.3727 
10 5 10 1 0.41792 0.426065 16.719 
0 6 0 1 -0.164784 -0.0809005 20.6705 
0 8 0 1 -0.220881 -0.0977621 18.8249 
0 8 5 1 -0.206754 0.170563 18.2146 
0 6 5 1 -0.15025 0.16325 20.0602 
0 2 2.5 1 -0.0709303 0.0472841 24.0567 
0 4 2.5 1 -0.110676 0.0436447 22.211 
0 4 5 1 -0.103268 0.15717 21.9059 
0 2 5 1 -0.063587 0.152034 23.7515 
0.5 0.5 -0.5 1 -0.0357489 -0.0688332 25.6244 
0.5 0.5 6 1 -0.0163623 0.187967 24.831 
10.5 0.5 -0.5 1 0.378556 -0.134107 21.9707 
10.5 0.5 6 1 0.41681 0.164554 21.1773 
10.5 10.5 -0.5 1 0.35768 -0.297191 12.7425 
10.5 10.5 6 1 0.424091 0.221297 11.949 
0.5 10.5 -0.5 1 -0.285156 -0.158838 16.3962 
0.5 10.5 6 1 -0.266986 0.24527 15.6028 
0.5 5.5 9.5 1 -0.101645 0.389604 19.7896 
10.5 5.5 9.5 1 0.447552 0.404533 16.1359 
0.5 6.5 -0.5 1 -0.157894 -0.112912 20.0875 
0.5 8.5 -0.5 1 -0.215087 -0.133552 18.2418 
0.5 8.5 4.5 1 -0.200293 0.142408 17.6315 
0.5 6.5 4.5 1 -0.14271 0.137544 19.4772 
0.5 2.5 2 1 -0.0627032 0.0230741 23.4736 
0.5 4.5 2 1 -0.102818 0.0172706 21.628 
0.5 4.5 4.5 1 -0.0950951 0.133523 21.3228 
0.5 2.5 4.5 1 -0.0550667 0.130142 23.1684 
