0 0 0 1 0.296379 -0.376611 15.2019 
0 0 6.5 1 0.325824 0.0465245 15.677 
10 0 0 1 -0.380641 -0.333697 14.1591 
10 0 6.5 1 -0.327115 0.118196 14.6343 
10 10 0 1 -0.269883 -0.222262 24.0777 
10 10 6.5 1 -0.240123 0.0449234 24.5529 
0 10 0 1 0.135225 -0.252858 25.1205 
0 10 6.5 1 0.156251 0.00401061 25.5956 
0 5 10 1 0.233487 0.186268 20.8922 
10 5 10 1 -0.252753 0.24645 19.8494 
0 6 0 1 0.181551 -0.288432 21.153 
0 8 0 1 0.156402 -0.26912 23.1367 
0 8 5 1 0.173687 -0.0536764 23.5023 
0 6 5 1 0.200003 -0.0527998 21.5185 
0 2 2.5 1 0.259985 -0.193917 17.3683 
0 4 2.5 1 0.221877 -0.180516 19.3521 
0 4 5 1 0.231663 -0.0517451 19.5348 
0 2 5 1 0.270479 -0.050452 17.5511 
0.5 0.5 -0.5 1 0.25043 -0.397397 15.6091 
0.5 0.5 6 1 0.280487 0.0156391 16.0843 
10.5 0.5 -0.5 1 -0.410952 -0.357171 14.5663 
10.5 0.5 6 1 -0.357917 0.0832288 15.0415 
10.5 10.5 -0.5 1 -0.289757 -0.23808 24.4849 
10.5 10.5 6 1 -0.260104 0.025047 24.9601 
0.5 10.5 -0.5 1 0.1097 -0.267542 25.5277 
0.5 10.5 6 1 0.130864 -0.014428 26.0029 
0.5 5.5 9.5 1 0.201016 0.160273 21.2994 
10.5 5.5 9.5 1 -0.27712 0.217907 20.2567 
0.5 6.5 -0.5 1 0.150454 -0.305146 21.5603 
0.5 8.5 -0.5 1 0.12836 -0.28476 23.544 
0.5 8.5 4.5 1 0.14578 -0.0727468 23.9095 
0.5 6.5 4.5 1 0.169082 -0.0736118 21.9258 
0.5 2.5 2 1 0.22047 -0.216355 17.7756 
0.5 4.5 2 1 0.187115 -0.200977 19.7593 
0.5 4.5 4.5 1 0.197019 -0.0746489 19.9421 
0.5 2.5 4.5 1 0.231129 -0.0759152 17.9583 
