0 0 0 1 -0.235764 -0.017596 24.8693 
0 0 6.5 1 -0.261364 0.250615 23.7923 
10 0 0 1 0.157707 0.010455 25.7973 
10 0 6.5 1 0.150209 0.269819 24.7204 
10 10 0 1 0.319127 -0.0829273 15.9793 
10 10 6.5 1 0.318356 0.340563 14.9024 
0 10 0 1 -0.321053 -0.135034 15.0512 
0 10 6.5 1 -0.371213 0.312565 13.9743 
0 5 10 1 -0.322027 0.470493 18.3034 
10 5 10 1 0.209942 0.484567 19.2315 
0 6 0 1 -0.276348 -0.073478 18.9785 
0 8 0 1 -0.296121 -0.100704 17.0149 
0 8 5 1 -0.328156 0.198305 16.1864 
0 6 5 1 -0.304015 0.194425 18.15 
0 2 2.5 1 -0.257595 0.0758107 22.4914 
0 4 2.5 1 -0.27219 0.0675242 20.5278 
0 4 5 1 -0.284587 0.191302 20.1136 
0 2 5 1 -0.268616 0.188735 22.0772 
0.5 0.5 -0.5 1 -0.215762 -0.0397553 24.5076 
0.5 0.5 6 1 -0.240838 0.231577 23.4307 
10.5 0.5 -0.5 1 0.182573 -0.0104969 25.4357 
10.5 0.5 6 1 0.176064 0.251791 24.3587 
10.5 10.5 -0.5 1 0.363364 -0.119213 15.6177 
10.5 10.5 6 1 0.36585 0.312123 14.5407 
0.5 10.5 -0.5 1 -0.289783 -0.174895 14.6896 
0.5 10.5 6 1 -0.338801 0.281442 13.6126 
0.5 5.5 9.5 1 -0.296445 0.450063 17.9417 
10.5 5.5 9.5 1 0.244462 0.465411 18.8698 
0.5 6.5 -0.5 1 -0.250806 -0.103735 18.6168 
0.5 8.5 -0.5 1 -0.267997 -0.13512 16.6532 
0.5 8.5 4.5 1 -0.299291 0.168922 15.8248 
0.5 6.5 4.5 1 -0.277846 0.168206 17.7884 
0.5 2.5 2 1 -0.235801 0.0527969 22.1298 
0.5 4.5 2 1 -0.248536 0.0421209 20.1662 
0.5 4.5 4.5 1 -0.260664 0.167633 19.752 
0.5 2.5 4.5 1 -0.246589 0.167163 21.7156 
