0 0 0 1 0.264586 -0.267278 16.8231 
0 0 6.5 1 0.30926 0.119859 16.3268 
10 0 0 1 -0.367506 -0.289007 13.4454 
10 0 6.5 1 -0.335407 0.198282 12.949 
10 10 0 1 -0.36134 -0.125198 22.8266 
10 10 6.5 1 -0.34259 0.161016 22.3303 
0 10 0 1 0.0436665 -0.132363 26.2044 
0 10 6.5 1 0.0677729 0.116107 25.7081 
0 5 10 1 0.179169 0.286542 20.7502 
10 5 10 1 -0.326646 0.377405 17.3724 
0 6 0 1 0.10988 -0.172799 22.4519 
0 8 0 1 0.0742201 -0.151022 24.3281 
0 8 5 1 0.0946149 0.0538727 23.9463 
0 6 5 1 0.132626 0.049137 22.0701 
0 2 2.5 1 0.217187 -0.0977278 18.5085 
0 4 2.5 1 0.164752 -0.0786471 20.3847 
0 4 5 1 0.1777 0.0435214 20.1939 
0 2 5 1 0.232008 0.0367554 18.3176 
0.5 0.5 -0.5 1 0.219689 -0.28616 17.1615 
0.5 0.5 6 1 0.262119 0.0925543 16.6652 
10.5 0.5 -0.5 1 -0.407889 -0.311983 13.7837 
10.5 0.5 6 1 -0.378116 0.162039 13.2874 
10.5 10.5 -0.5 1 -0.385459 -0.141262 23.165 
10.5 10.5 6 1 -0.367516 0.140328 22.6686 
0.5 10.5 -0.5 1 0.0174542 -0.146291 26.5427 
0.5 10.5 6 1 0.040748 0.0986856 26.0464 
0.5 5.5 9.5 1 0.144004 0.26229 21.0885 
10.5 5.5 9.5 1 -0.358855 0.346792 17.7108 
0.5 6.5 -0.5 1 0.078369 -0.188421 22.7902 
0.5 8.5 -0.5 1 0.0455949 -0.165754 24.6665 
0.5 8.5 4.5 1 0.0652554 0.0360544 24.2847 
0.5 6.5 4.5 1 0.100234 0.0298984 22.4085 
0.5 2.5 2 1 0.177156 -0.117965 18.8469 
0.5 4.5 2 1 0.129201 -0.0973639 20.7231 
0.5 4.5 4.5 1 0.141606 0.0226173 20.5322 
0.5 2.5 4.5 1 0.191299 0.0138716 18.656 
