0 0 0 1 -0.506634 -0.444787 17.7522 
0 0 6.5 1 -0.499695 -0.0793173 18.7797 
10 0 0 1 -0.0516392 -0.350706 24.0463 
10 0 6.5 1 -0.065086 -0.080833 25.0738 
10 10 0 1 0.307011 -0.415498 16.438 
10 10 6.5 1 0.266608 -0.0242518 17.4655 
0 10 0 1 -0.26671 -0.620344 10.144 
0 10 6.5 1 -0.27711 0.0101747 11.1714 
0 5 10 1 -0.41536 0.177842 15.5288 
10 5 10 1 0.0596679 0.101931 21.8229 
0 6 0 1 -0.395901 -0.525813 13.1873 
0 8 0 1 -0.339731 -0.566913 11.6656 
0 8 5 1 -0.342273 -0.135307 12.4559 
0 6 5 1 -0.39499 -0.143517 13.9776 
0 2 2.5 1 -0.474342 -0.307434 16.6257 
0 4 2.5 1 -0.438862 -0.317177 15.1041 
0 4 5 1 -0.437356 -0.150115 15.4993 
0 2 5 1 -0.472147 -0.155533 17.0209 
0.5 0.5 -0.5 1 -0.469223 -0.473405 17.6075 
0.5 0.5 6 1 -0.464292 -0.103518 18.6349 
10.5 0.5 -0.5 1 -0.0213245 -0.371218 23.9016 
10.5 0.5 6 1 -0.0360988 -0.0989324 24.929 
10.5 10.5 -0.5 1 0.354667 -0.446164 16.2933 
10.5 10.5 6 1 0.3111 -0.0498288 17.3207 
0.5 10.5 -0.5 1 -0.19736 -0.673278 9.99921 
0.5 10.5 6 1 -0.214359 -0.0295499 11.0266 
0.5 5.5 9.5 1 -0.371683 0.150946 15.384 
10.5 5.5 9.5 1 0.0938351 0.0823377 21.6781 
0.5 6.5 -0.5 1 -0.344167 -0.565346 13.0425 
0.5 8.5 -0.5 1 -0.280458 -0.612184 11.5209 
0.5 8.5 4.5 1 -0.286836 -0.172597 12.3112 
0.5 6.5 4.5 1 -0.346203 -0.176791 13.8329 
0.5 2.5 2 1 -0.43409 -0.336801 16.481 
0.5 4.5 2 1 -0.394173 -0.349626 14.9593 
0.5 4.5 4.5 1 -0.393803 -0.180154 15.3545 
0.5 2.5 4.5 1 -0.432819 -0.18291 16.8762 
