0 0 0 1 -0.618737 -0.502934 15.2155 
0 0 6.5 1 -0.57248 -0.0776545 16.505 
10 0 0 1 -0.133172 -0.401737 22.7675 
10 0 6.5 1 -0.127463 -0.115386 24.057 
10 10 0 1 0.282457 -0.474605 16.5199 
10 10 6.5 1 0.260076 -0.0825256 17.8094 
0 10 0 1 -0.191373 -0.707663 8.96797 
0 10 6.5 1 -0.170667 0.00238052 10.2575 
0 5 10 1 -0.399146 0.19905 14.0756 
10 5 10 1 0.0353345 0.0604598 21.6276 
0 6 0 1 -0.418201 -0.599001 11.467 
0 8 0 1 -0.318656 -0.646688 10.2175 
0 8 5 1 -0.292818 -0.15228 11.2094 
0 6 5 1 -0.387028 -0.157975 12.4589 
0 2 2.5 1 -0.54543 -0.341648 14.462 
0 4 2.5 1 -0.480483 -0.354187 13.2125 
0 4 5 1 -0.464064 -0.162631 13.7084 
0 2 5 1 -0.528229 -0.166509 14.9579 
0.5 0.5 -0.5 1 -0.573574 -0.536958 15.1816 
0.5 0.5 6 1 -0.530756 -0.108138 16.4711 
10.5 0.5 -0.5 1 -0.102286 -0.424308 22.7335 
10.5 0.5 6 1 -0.0982269 -0.13634 24.023 
10.5 10.5 -0.5 1 0.325905 -0.505879 16.486 
10.5 10.5 6 1 0.300328 -0.110781 17.7755 
0.5 10.5 -0.5 1 -0.113001 -0.766259 8.93399 
0.5 10.5 6 1 -0.102111 -0.0464655 10.2235 
0.5 5.5 9.5 1 -0.349784 0.163962 14.0416 
10.5 5.5 9.5 1 0.0681162 0.037425 21.5936 
0.5 6.5 -0.5 1 -0.357633 -0.644467 11.433 
0.5 8.5 -0.5 1 -0.250325 -0.697891 10.1835 
0.5 8.5 4.5 1 -0.230473 -0.197436 11.1754 
0.5 6.5 4.5 1 -0.331211 -0.198604 12.4249 
0.5 2.5 2 1 -0.497735 -0.37707 14.428 
0.5 4.5 2 1 -0.428098 -0.393 13.1785 
0.5 4.5 4.5 1 -0.413538 -0.19956 13.6745 
0.5 2.5 4.5 1 -0.48208 -0.200355 14.924 
