0 0 0 1 0.268068 -0.180487 18.6003 
0 0 6.5 1 0.248647 0.172257 17.8863 
10 0 0 1 -0.00965868 -0.467949 10.0983 
10 0 6.5 1 -0.0678068 0.182503 9.38427 
10 10 0 1 -0.568565 -0.319521 15.2471 
10 10 6.5 1 -0.633573 0.107782 14.533 
0 10 0 1 -0.150964 -0.147516 23.7491 
0 10 6.5 1 -0.179034 0.127405 23.035 
0 5 10 1 -0.00639801 0.322503 20.0761 
10 5 10 1 -0.450325 0.441175 11.5742 
0 6 0 1 -0.00722439 -0.158826 21.6896 
0 8 0 1 -0.0823518 -0.152915 22.7193 
0 8 5 1 -0.103086 0.0666804 22.17 
0 6 5 1 -0.0270167 0.0713121 21.1403 
0 2 2.5 1 0.158335 -0.0470232 19.3554 
0 4 2.5 1 0.0662425 -0.0460827 20.3852 
0 4 5 1 0.0568429 0.0764181 20.1105 
0 2 5 1 0.149754 0.0820753 19.0808 
0.5 0.5 -0.5 1 0.235014 -0.212472 18.4876 
0.5 0.5 6 1 0.214142 0.141225 17.7735 
10.5 0.5 -0.5 1 -0.0739912 -0.530412 9.9856 
10.5 0.5 6 1 -0.137801 0.123138 9.27154 
10.5 10.5 -0.5 1 -0.615174 -0.359628 15.1343 
10.5 10.5 6 1 -0.682999 0.0690293 14.4203 
0.5 10.5 -0.5 1 -0.178817 -0.172377 23.6363 
0.5 10.5 6 1 -0.207892 0.103123 22.9223 
0.5 5.5 9.5 1 -0.0385584 0.295723 19.9634 
10.5 5.5 9.5 1 -0.510709 0.395697 11.4614 
0.5 6.5 -0.5 1 -0.0369843 -0.186118 21.5768 
0.5 8.5 -0.5 1 -0.111131 -0.178935 22.6066 
0.5 8.5 4.5 1 -0.132688 0.0411352 22.0573 
0.5 6.5 4.5 1 -0.0576601 0.0445408 21.0275 
0.5 2.5 2 1 0.125935 -0.076971 19.2427 
0.5 4.5 2 1 0.0349763 -0.0745041 20.2724 
0.5 4.5 4.5 1 0.0250943 0.048297 19.9978 
0.5 2.5 4.5 1 0.116834 0.0524611 18.968 
