0 0 0 1 -0.103113 -0.03571 26.4101 
0 0 6.5 1 -0.0978021 0.21577 25.2257 
10 0 0 1 0.288982 -0.0713495 24.2651 
10 0 6.5 1 0.314906 0.201672 23.0808 
10 10 0 1 0.324571 -0.233186 14.6693 
10 10 6.5 1 0.372068 0.219902 13.485 
0 10 0 1 -0.29583 -0.156562 16.8143 
0 10 6.5 1 -0.301862 0.240154 15.6299 
0 5 10 1 -0.174567 0.406108 19.7901 
10 5 10 1 0.355945 0.410805 17.6451 
0 6 0 1 -0.197253 -0.0947449 20.6526 
0 8 0 1 -0.241492 -0.122487 18.7334 
0 8 5 1 -0.242783 0.14688 17.8224 
0 6 5 1 -0.196377 0.149716 19.7415 
0 2 2.5 1 -0.127933 0.0488945 24.0354 
0 4 2.5 1 -0.15939 0.0378602 22.1162 
0 4 5 1 -0.158194 0.15205 21.6607 
0 2 5 1 -0.126227 0.154003 23.5799 
0.5 0.5 -0.5 1 -0.0914055 -0.06013 25.9141 
0.5 0.5 6 1 -0.0854275 0.195224 24.7298 
10.5 0.5 -0.5 1 0.309927 -0.0987168 23.7692 
10.5 0.5 6 1 0.337518 0.178865 22.5848 
10.5 10.5 -0.5 1 0.360941 -0.284744 14.1734 
10.5 10.5 6 1 0.413568 0.180942 12.989 
0.5 10.5 -0.5 1 -0.283095 -0.199015 16.3183 
0.5 10.5 6 1 -0.288328 0.207379 15.134 
0.5 5.5 9.5 1 -0.16068 0.384666 19.2941 
10.5 5.5 9.5 1 0.386911 0.386816 17.1492 
0.5 6.5 -0.5 1 -0.184518 -0.127593 20.1567 
0.5 8.5 -0.5 1 -0.228619 -0.159546 18.2375 
0.5 8.5 4.5 1 -0.229271 0.115583 17.3264 
0.5 6.5 4.5 1 -0.183017 0.121613 19.2456 
0.5 2.5 2 1 -0.115567 0.0237934 23.5394 
0.5 4.5 2 1 -0.146648 0.0102778 21.6203 
0.5 4.5 4.5 1 -0.145151 0.126549 21.1648 
0.5 2.5 4.5 1 -0.113581 0.130665 23.0839 
