0 0 0 1 -0.353432 -0.398618 10.3696 
0 0 6.5 1 -0.361188 0.24443 9.25282 
10 0 0 1 -0.250471 -0.117437 20.1152 
10 0 6.5 1 -0.248196 0.212277 18.9984 
10 10 0 1 0.225221 -0.121113 21.5544 
10 10 6.5 1 0.25333 0.185182 20.4376 
0 10 0 1 0.527387 -0.371059 11.8088 
0 10 6.5 1 0.61268 0.18831 10.692 
0 5 10 1 0.189764 0.595568 9.37105 
10 5 10 1 0.0211836 0.384605 19.1166 
0 6 0 1 0.202144 -0.381236 11.2331 
0 8 0 1 0.368829 -0.37602 11.521 
0 8 5 1 0.421847 0.0550794 10.6619 
0 6 5 1 0.24283 0.0613936 10.3741 
0 2 2.5 1 -0.152738 -0.168508 10.2279 
0 4 2.5 1 0.0395946 -0.168617 10.5158 
0 4 5 1 0.053596 0.0680683 10.0862 
0 2 5 1 -0.146756 0.075135 9.79838 
0.5 0.5 -0.5 1 -0.296313 -0.413019 11.0148 
0.5 0.5 6 1 -0.297119 0.186491 9.89797 
10.5 0.5 -0.5 1 -0.223366 -0.133815 20.7604 
10.5 0.5 6 1 -0.219624 0.184139 19.6436 
10.5 10.5 -0.5 1 0.236745 -0.136323 22.1996 
10.5 10.5 6 1 0.264604 0.159794 21.0827 
0.5 10.5 -0.5 1 0.532276 -0.385224 12.454 
0.5 10.5 6 1 0.613197 0.140919 11.3372 
0.5 5.5 9.5 1 0.217589 0.515696 10.0162 
10.5 5.5 9.5 1 0.0407903 0.351009 19.7618 
0.5 6.5 -0.5 1 0.224935 -0.395533 11.8783 
0.5 8.5 -0.5 1 0.382241 -0.390256 12.1661 
0.5 8.5 4.5 1 0.433254 0.0151643 11.307 
0.5 6.5 4.5 1 0.265016 0.0200662 11.0192 
0.5 2.5 2 1 -0.106783 -0.19675 10.8731 
0.5 4.5 2 1 0.0732465 -0.196124 11.1609 
0.5 4.5 4.5 1 0.0877532 0.0252311 10.7314 
0.5 2.5 4.5 1 -0.0992811 0.0306807 10.4435 
