0 0 0 1 0.0376379 -0.267162 24.9043 
0 0 6.5 1 0.0621353 -0.0075948 25.2152 
10 0 0 1 0.47013 -0.379491 18.7823 
10 0 6.5 1 0.495439 -0.034867 19.0932 
10 10 0 1 0.254049 -0.565427 10.8898 
10 10 6.5 1 0.303191 0.0271962 11.2007 
0 10 0 1 -0.301333 -0.33407 17.0118 
0 10 6.5 1 -0.25959 0.0449602 17.3227 
0 5 10 1 -0.0525328 0.176018 21.4364 
10 5 10 1 0.44185 0.215417 15.3143 
0 6 0 1 -0.133909 -0.301023 20.1688 
0 8 0 1 -0.210513 -0.316144 18.5903 
0 8 5 1 -0.182126 -0.0481405 18.8295 
0 6 5 1 -0.108616 -0.0539263 20.408 
0 2 2.5 1 -0.00141976 -0.169502 23.4454 
0 4 2.5 1 -0.0569811 -0.172863 21.8669 
0 4 5 1 -0.0456607 -0.0588814 21.9865 
0 2 5 1 0.00886035 -0.0631727 23.565 
0.5 0.5 -0.5 1 0.040546 -0.2947 24.1797 
0.5 0.5 6 1 0.0657313 -0.0271032 24.4906 
10.5 0.5 -0.5 1 0.491379 -0.420873 18.0576 
10.5 0.5 6 1 0.517328 -0.0619534 18.3685 
10.5 10.5 -0.5 1 0.276394 -0.652195 10.1651 
10.5 10.5 6 1 0.328272 -0.0160036 10.476 
0.5 10.5 -0.5 1 -0.312097 -0.37793 16.2872 
0.5 10.5 6 1 -0.26833 0.0184699 16.5981 
0.5 5.5 9.5 1 -0.0522926 0.159374 20.7117 
10.5 5.5 9.5 1 0.466746 0.193747 14.5897 
0.5 6.5 -0.5 1 -0.136686 -0.33653 19.4442 
0.5 8.5 -0.5 1 -0.216642 -0.355401 17.8657 
0.5 8.5 4.5 1 -0.187039 -0.0761526 18.1048 
0.5 6.5 4.5 1 -0.110428 -0.079905 19.6833 
0.5 2.5 2 1 0.000429402 -0.195694 22.7208 
0.5 4.5 2 1 -0.0568982 -0.201125 21.1423 
0.5 4.5 4.5 1 -0.0451925 -0.0831003 21.2618 
0.5 2.5 4.5 1 0.011026 -0.0858539 22.8403 
