0 0 0 1 0.199339 -0.426276 10.3733 
0 0 6.5 1 0.150651 0.206396 9.8285 
10 0 0 1 -0.229767 -0.238183 18.1826 
10 0 6.5 1 -0.270153 0.120178 17.6378 
10 10 0 1 0.146872 -0.127271 24.3723 
10 10 6.5 1 0.12559 0.140534 23.8275 
0 10 0 1 0.593199 -0.192779 16.5631 
0 10 6.5 1 0.576721 0.203359 16.0182 
0 5 10 1 0.399304 0.48427 12.63 
10 5 10 1 -0.0588257 0.303702 20.4393 
0 6 0 1 0.477188 -0.261554 14.0872 
0 8 0 1 0.539879 -0.224389 15.3251 
0 8 5 1 0.524759 0.102181 14.906 
0 6 5 1 0.458777 0.0934537 13.6681 
0 2 2.5 1 0.297627 -0.148677 11.4017 
0 4 2.5 1 0.391224 -0.11467 12.6397 
0 4 5 1 0.379652 0.0829883 12.4301 
0 2 5 1 0.283023 0.0702076 11.1922 
0.5 0.5 -0.5 1 0.196898 -0.436528 11.1152 
0.5 0.5 6 1 0.151502 0.151213 10.5704 
10.5 0.5 -0.5 1 -0.214379 -0.251578 18.9244 
10.5 0.5 6 1 -0.252679 0.0919216 18.3796 
10.5 10.5 -0.5 1 0.147342 -0.140641 25.1142 
10.5 10.5 6 1 0.126712 0.118781 24.5694 
0.5 10.5 -0.5 1 0.574746 -0.209374 17.3049 
0.5 10.5 6 1 0.558398 0.16869 16.7601 
0.5 5.5 9.5 1 0.386182 0.425232 13.3719 
10.5 5.5 9.5 1 -0.0510643 0.272755 21.1811 
0.5 6.5 -0.5 1 0.461459 -0.277479 14.829 
0.5 8.5 -0.5 1 0.522467 -0.240803 16.067 
0.5 8.5 4.5 1 0.507597 0.0698447 15.6479 
0.5 6.5 4.5 1 0.443538 0.0587888 14.4099 
0.5 2.5 2 1 0.289389 -0.175019 12.1436 
0.5 4.5 2 1 0.378558 -0.140461 13.3815 
0.5 4.5 4.5 1 0.367437 0.0456548 13.172 
0.5 2.5 4.5 1 0.275548 0.029796 11.934 
