0 0 0 1 -0.667852 -0.561358 14.1219 
0 0 6.5 1 -0.604292 -0.100924 15.3845 
10 0 0 1 -0.169505 -0.434804 22.177 
10 0 6.5 1 -0.154633 -0.139416 23.4396 
10 10 0 1 0.269864 -0.525232 16.5785 
10 10 6.5 1 0.258309 -0.130754 17.8411 
0 10 0 1 -0.140585 -0.82037 8.52344 
0 10 6.5 1 -0.108694 -0.0631107 9.78607 
0 5 10 1 -0.38505 0.176962 13.2652 
10 5 10 1 0.0264754 0.0296545 21.3202 
0 6 0 1 -0.417315 -0.68443 10.7628 
0 8 0 1 -0.295016 -0.744508 9.64313 
0 8 5 1 -0.258268 -0.214399 10.6144 
0 6 5 1 -0.373951 -0.209878 11.7341 
0 2 2.5 1 -0.573328 -0.392101 13.4878 
0 4 2.5 1 -0.492098 -0.412477 12.3681 
0 4 5 1 -0.46948 -0.206145 12.8538 
0 2 5 1 -0.549699 -0.20301 13.9734 
0.5 0.5 -0.5 1 -0.618226 -0.597756 14.1476 
0.5 0.5 6 1 -0.558839 -0.135108 15.4102 
10.5 0.5 -0.5 1 -0.138461 -0.458143 22.2027 
10.5 0.5 6 1 -0.125275 -0.161823 23.4653 
10.5 10.5 -0.5 1 0.310695 -0.556301 16.6042 
10.5 10.5 6 1 0.296271 -0.160194 17.8668 
0.5 10.5 -0.5 1 -0.0600478 -0.879824 8.54915 
0.5 10.5 6 1 -0.0386045 -0.116898 9.81178 
0.5 5.5 9.5 1 -0.332773 0.13679 13.2909 
10.5 5.5 9.5 1 0.0585297 0.00481912 21.3459 
0.5 6.5 -0.5 1 -0.352836 -0.731867 10.7885 
0.5 8.5 -0.5 1 -0.223395 -0.797279 9.66884 
0.5 8.5 4.5 1 -0.193273 -0.263634 10.6401 
0.5 6.5 4.5 1 -0.314892 -0.254435 11.7598 
0.5 2.5 2 1 -0.521554 -0.430529 13.5135 
0.5 4.5 2 1 -0.435816 -0.454334 12.3938 
0.5 4.5 4.5 1 -0.415364 -0.246836 12.8795 
0.5 2.5 4.5 1 -0.499764 -0.240452 13.9992 
