0 0 0 1 0.306608 -0.452868 14.6672 
0 0 6.5 1 0.327789 -0.0132314 15.3723 
10 0 0 1 -0.382801 -0.404142 14.2506 
10 0 6.5 1 -0.328528 0.0454421 14.9557 
10 10 0 1 -0.246604 -0.281362 24.1829 
10 10 6.5 1 -0.217848 -0.0146753 24.888 
0 10 0 1 0.162144 -0.312493 24.5994 
0 10 6.5 1 0.179036 -0.0493293 25.3045 
0 5 10 1 0.245021 0.132313 20.7181 
10 5 10 1 -0.240172 0.178523 20.3015 
0 6 0 1 0.203234 -0.35242 20.6265 
0 8 0 1 0.180884 -0.330703 22.613 
0 8 5 1 0.194645 -0.109054 23.1554 
0 6 5 1 0.217714 -0.109416 21.1689 
0 2 2.5 1 0.272013 -0.258482 16.9248 
0 4 2.5 1 0.238063 -0.242381 18.9113 
0 4 5 1 0.245561 -0.109852 19.1825 
0 2 5 1 0.279841 -0.11039 17.196 
0.5 0.5 -0.5 1 0.260616 -0.473578 15.0887 
0.5 0.5 6 1 0.283285 -0.044751 15.7938 
10.5 0.5 -0.5 1 -0.410291 -0.42684 14.6722 
10.5 0.5 6 1 -0.356245 0.0114602 15.3773 
10.5 10.5 -0.5 1 -0.26533 -0.297 24.6044 
10.5 10.5 6 1 -0.236532 -0.0343203 25.3095 
0.5 10.5 -0.5 1 0.136843 -0.327347 25.021 
0.5 10.5 6 1 0.154152 -0.0680883 25.7261 
0.5 5.5 9.5 1 0.213422 0.105862 21.1396 
10.5 5.5 9.5 1 -0.262537 0.1506 20.723 
0.5 6.5 -0.5 1 0.172334 -0.369278 21.0481 
0.5 8.5 -0.5 1 0.153058 -0.346504 23.0345 
0.5 8.5 4.5 1 0.167213 -0.128455 23.5769 
0.5 6.5 4.5 1 0.187308 -0.130595 21.5905 
0.5 2.5 2 1 0.232848 -0.281221 17.3464 
0.5 4.5 2 1 0.203663 -0.263134 19.3328 
0.5 4.5 4.5 1 0.211475 -0.133168 19.604 
0.5 2.5 4.5 1 0.241091 -0.136322 17.6176 
