0 0 0 1 -0.0258561 -0.0618227 26.0817 
0 0 6.5 1 -0.00411005 0.18978 25.4688 
10 0 0 1 0.380543 -0.127814 21.9374 
10 0 6.5 1 0.418196 0.17079 21.3245 
10 10 0 1 0.320203 -0.255435 12.8856 
10 10 6.5 1 0.382614 0.257034 12.2727 
0 10 0 1 -0.287525 -0.123311 17.0298 
0 10 6.5 1 -0.263557 0.264724 16.4169 
0 5 10 1 -0.0926114 0.391047 20.6128 
10 5 10 1 0.431945 0.417105 16.4686 
0 6 0 1 -0.15533 -0.092247 20.6506 
0 8 0 1 -0.215076 -0.106286 18.8402 
0 8 5 1 -0.196739 0.160922 18.3687 
0 6 5 1 -0.137242 0.151317 20.1791 
0 2 2.5 1 -0.0540733 0.0320047 24.0356 
0 4 2.5 1 -0.0964719 0.0302246 22.2252 
0 4 5 1 -0.0875417 0.143293 21.9895 
0 2 5 1 -0.0454024 0.13649 23.7999 
0.5 0.5 -0.5 1 -0.0187747 -0.0860744 25.469 
0.5 0.5 6 1 0.00368191 0.171132 24.8561 
10.5 0.5 -0.5 1 0.400676 -0.158674 21.3248 
10.5 0.5 6 1 0.440039 0.147849 20.7119 
10.5 10.5 -0.5 1 0.352174 -0.315427 12.2729 
10.5 10.5 6 1 0.419544 0.220815 11.66 
0.5 10.5 -0.5 1 -0.286304 -0.163229 16.4172 
0.5 10.5 6 1 -0.26136 0.2383 15.8043 
0.5 5.5 9.5 1 -0.0856386 0.374037 20.0002 
10.5 5.5 9.5 1 0.461009 0.396656 15.8559 
0.5 6.5 -0.5 1 -0.150288 -0.124002 20.0379 
0.5 8.5 -0.5 1 -0.211541 -0.141667 18.2275 
0.5 8.5 4.5 1 -0.192478 0.133822 17.7561 
0.5 6.5 4.5 1 -0.131512 0.126423 19.5665 
0.5 2.5 2 1 -0.0471114 0.00808883 23.4229 
0.5 4.5 2 1 -0.0901288 0.00425492 21.6125 
0.5 4.5 4.5 1 -0.0808727 0.120278 21.3768 
0.5 2.5 4.5 1 -0.0381407 0.115092 23.1872 
