0 0 0 1 -0.662029 -0.554232 14.2514 
0 0 6.5 1 -0.600499 -0.0982494 15.5223 
10 0 0 1 -0.16504 -0.431345 22.2454 
10 0 6.5 1 -0.151286 -0.137008 23.5163 
10 10 0 1 0.271595 -0.519693 16.5643 
10 10 6.5 1 0.258617 -0.125305 17.8353 
0 10 0 1 -0.147564 -0.806441 8.57041 
0 10 6.5 1 -0.116953 -0.0546676 9.84131 
0 5 10 1 -0.387159 0.179586 13.3662 
10 5 10 1 0.027558 0.0329362 21.3601 
0 6 0 1 -0.418042 -0.673843 10.8428 
0 8 0 1 -0.298633 -0.732381 9.70661 
0 8 5 1 -0.263121 -0.206494 10.6842 
0 6 5 1 -0.376068 -0.203346 11.8204 
0 2 2.5 1 -0.570205 -0.385902 13.604 
0 4 2.5 1 -0.491108 -0.405236 12.4678 
0 4 5 1 -0.469205 -0.20075 12.9566 
0 2 5 1 -0.547324 -0.198573 14.0928 
0.5 0.5 -0.5 1 -0.612988 -0.590382 14.2693 
0.5 0.5 6 1 -0.55554 -0.131969 15.5402 
10.5 0.5 -0.5 1 -0.134008 -0.454615 22.2632 
10.5 0.5 6 1 -0.121939 -0.159244 23.5342 
10.5 10.5 -0.5 1 0.312789 -0.550839 16.5822 
10.5 10.5 6 1 0.296891 -0.154629 17.8531 
0.5 10.5 -0.5 1 -0.0671549 -0.86598 8.58829 
0.5 10.5 6 1 -0.0469652 -0.107895 9.8592 
0.5 5.5 9.5 1 -0.335242 0.140063 13.384 
10.5 5.5 9.5 1 0.0597146 0.00831512 21.378 
0.5 6.5 -0.5 1 -0.354012 -0.721143 10.8607 
0.5 8.5 -0.5 1 -0.227341 -0.7851 9.72449 
0.5 8.5 4.5 1 -0.198401 -0.255275 10.7021 
0.5 6.5 4.5 1 -0.317389 -0.247451 11.8383 
0.5 2.5 2 1 -0.518954 -0.423992 13.6219 
0.5 4.5 2 1 -0.435307 -0.446764 12.4857 
0.5 4.5 4.5 1 -0.415536 -0.240996 12.9745 
0.5 2.5 4.5 1 -0.497878 -0.235581 14.1107 
