0 0 0 1 -0.694783 -0.445985 11.864 
0 0 6.5 1 -0.61726 0.0935488 12.3991 
10 0 0 1 -0.245372 -0.297628 21.3422 
10 0 6.5 1 -0.212428 0.0045255 21.8774 
10 10 0 1 0.233126 -0.381329 18.2626 
10 10 6.5 1 0.257845 -0.0272895 18.7977 
0 10 0 1 0.142459 -0.67201 8.78429 
0 10 6.5 1 0.197524 0.0587947 9.31943 
0 5 10 1 -0.232247 0.388214 11.1474 
10 5 10 1 0.0202242 0.158378 20.6257 
0 6 0 1 -0.25422 -0.564921 10.0162 
0 8 0 1 -0.0688763 -0.614957 9.40022 
0 8 5 1 -0.0197781 -0.0834068 9.81187 
0 6 5 1 -0.200705 -0.0667426 10.4278 
0 2 2.5 1 -0.534084 -0.256016 11.4538 
0 4 2.5 1 -0.389232 -0.281859 10.8379 
0 4 5 1 -0.361451 -0.0519373 11.0437 
0 2 5 1 -0.505214 -0.0386961 11.6597 
0.5 0.5 -0.5 1 -0.631094 -0.483502 12.1427 
0.5 0.5 6 1 -0.557963 0.0457522 12.6779 
10.5 0.5 -0.5 1 -0.215397 -0.320611 21.621 
10.5 0.5 6 1 -0.183592 -0.0217039 22.1561 
10.5 10.5 -0.5 1 0.260886 -0.40687 18.5413 
10.5 10.5 6 1 0.284464 -0.0572884 19.0765 
0.5 10.5 -0.5 1 0.202038 -0.715323 9.06306 
0.5 10.5 6 1 0.252182 -0.00332848 9.5982 
0.5 5.5 9.5 1 -0.175848 0.327992 11.4262 
10.5 5.5 9.5 1 0.0476844 0.128527 20.9045 
0.5 6.5 -0.5 1 -0.191029 -0.605951 10.2949 
0.5 8.5 -0.5 1 -0.00700215 -0.657157 9.67899 
0.5 8.5 4.5 1 0.0382155 -0.13857 10.0906 
0.5 6.5 4.5 1 -0.141337 -0.119166 10.7066 
0.5 2.5 2 1 -0.471987 -0.299357 11.7326 
0.5 4.5 2 1 -0.327327 -0.326954 11.1167 
0.5 4.5 4.5 1 -0.301355 -0.101873 11.3225 
0.5 2.5 4.5 1 -0.444861 -0.0863652 11.9384 
