0 0 0 1 0.289993 -0.272554 18.5784 
0 0 6.5 1 0.253241 0.0748843 18.7303 
10 0 0 1 0.240784 -0.566763 9.10321 
10 0 6.5 1 0.167215 0.141201 9.25516 
10 10 0 1 -0.58834 -0.502229 12.2918 
10 10 6.5 1 -0.632933 0.0235395 12.4437 
0 10 0 1 -0.185421 -0.279209 21.7669 
0 10 6.5 1 -0.213531 0.0177329 21.9189 
0 5 10 1 -0.0154593 0.214513 20.4064 
10 5 10 1 -0.321203 0.391692 10.9313 
0 6 0 1 -0.0130099 -0.276795 20.4915 
0 8 0 1 -0.101817 -0.278039 21.1292 
0 8 5 1 -0.124585 -0.0423952 21.2461 
0 6 5 1 -0.0369856 -0.0338672 20.6084 
0 2 2.5 1 0.168879 -0.1442 19.2745 
0 4 2.5 1 0.0688183 -0.149766 19.9122 
0 4 5 1 0.0562082 -0.0247945 19.9707 
0 2 5 1 0.15555 -0.0151234 19.333 
0.5 0.5 -0.5 1 0.263319 -0.307713 18.2523 
0.5 0.5 6 1 0.226137 0.0461698 18.4043 
10.5 0.5 -0.5 1 0.183488 -0.650806 8.77719 
10.5 0.5 6 1 0.108207 0.0844378 8.92914 
10.5 10.5 -0.5 1 -0.652959 -0.562119 11.9657 
10.5 10.5 6 1 -0.697941 -0.0214533 12.1177 
0.5 10.5 -0.5 1 -0.215357 -0.309241 21.4409 
0.5 10.5 6 1 -0.243681 -0.0076044 21.5928 
0.5 5.5 9.5 1 -0.0446642 0.190463 20.0804 
10.5 5.5 9.5 1 -0.3859 0.3516 10.6052 
0.5 6.5 -0.5 1 -0.0420519 -0.308688 20.1655 
0.5 8.5 -0.5 1 -0.131361 -0.308973 20.8032 
0.5 8.5 4.5 1 -0.154318 -0.0694843 20.9201 
0.5 6.5 4.5 1 -0.0662456 -0.061671 20.2824 
0.5 2.5 2 1 0.141101 -0.175859 18.9485 
0.5 4.5 2 1 0.0402795 -0.180487 19.5862 
0.5 4.5 4.5 1 0.027545 -0.0533503 19.6446 
0.5 2.5 4.5 1 0.127629 -0.0444713 19.0069 
