0 0 0 1 0.261318 -0.260892 17.0179 
0 0 6.5 1 0.305808 0.122287 16.4045 
10 0 0 1 -0.362852 -0.297129 13.3528 
10 0 6.5 1 -0.335612 0.194545 12.7394 
10 10 0 1 -0.373087 -0.122497 22.6089 
10 10 6.5 1 -0.357596 0.167141 21.9956 
0 10 0 1 0.0326198 -0.123386 26.274 
0 10 6.5 1 0.0555956 0.124862 25.6607 
0 5 10 1 0.170431 0.293489 20.7023 
10 5 10 1 -0.338307 0.384348 17.0372 
0 6 0 1 0.101591 -0.164855 22.5716 
0 8 0 1 0.0644912 -0.142549 24.4228 
0 8 5 1 0.0840544 0.0616646 23.951 
0 6 5 1 0.123585 0.0559886 22.0998 
0 2 2.5 1 0.211887 -0.0923642 18.6332 
0 4 2.5 1 0.157687 -0.0723206 20.4844 
0 4 5 1 0.170343 0.0492747 20.2485 
0 2 5 1 0.226511 0.0412096 18.3973 
0.5 0.5 -0.5 1 0.216733 -0.27975 17.3446 
0.5 0.5 6 1 0.258721 0.0952553 16.7312 
10.5 0.5 -0.5 1 -0.404474 -0.320174 13.6795 
10.5 0.5 6 1 -0.379869 0.158123 13.0661 
10.5 10.5 -0.5 1 -0.397765 -0.138729 22.9357 
10.5 10.5 6 1 -0.383179 0.146223 22.3223 
0.5 10.5 -0.5 1 0.00635816 -0.137371 26.6008 
0.5 10.5 6 1 0.0284253 0.107426 25.9874 
0.5 5.5 9.5 1 0.13507 0.269322 21.0291 
10.5 5.5 9.5 1 -0.371559 0.35337 17.364 
0.5 6.5 -0.5 1 0.0700986 -0.180509 22.8983 
0.5 8.5 -0.5 1 0.0358445 -0.157327 24.7495 
0.5 8.5 4.5 1 0.0545877 0.0438512 24.2777 
0.5 6.5 4.5 1 0.0911096 0.0367874 22.4265 
0.5 2.5 2 1 0.171953 -0.11252 18.9599 
0.5 4.5 2 1 0.122156 -0.0909977 20.8112 
0.5 4.5 4.5 1 0.134204 0.0284525 20.5753 
0.5 2.5 4.5 1 0.185819 0.0184695 18.724 
