0 0 0 1 0.256328 -0.0473948 18.1793 
0 0 6.5 1 0.257327 0.324815 17.0176 
10 0 0 1 -0.168527 -0.232973 10.7311 
10 0 6.5 1 -0.218324 0.406412 9.56942 
10 10 0 1 -0.549102 -0.097073 17.1599 
10 10 6.5 1 -0.606522 0.295246 15.9983 
0 10 0 1 -0.12005 -0.00110985 24.6082 
0 10 6.5 1 -0.137972 0.271336 23.4465 
0 5 10 1 0.021467 0.47867 19.6066 
10 5 10 1 -0.497391 0.637144 12.1583 
0 6 0 1 0.00414872 -0.0163831 22.0366 
0 8 0 1 -0.0613741 -0.00832547 23.3224 
0 8 5 1 -0.0734483 0.21047 22.4288 
0 6 5 1 -0.00589056 0.215377 21.143 
0 2 2.5 1 0.159271 0.092681 19.0183 
0 4 2.5 1 0.0741848 0.0950299 20.3041 
0 4 5 1 0.070416 0.22092 19.8573 
0 2 5 1 0.157289 0.227231 18.5715 
0.5 0.5 -0.5 1 0.218323 -0.0764799 18.2177 
0.5 0.5 6 1 0.216732 0.292911 17.056 
10.5 0.5 -0.5 1 -0.231302 -0.281513 10.7695 
10.5 0.5 6 1 -0.28849 0.349449 9.60781 
10.5 10.5 -0.5 1 -0.587561 -0.127771 17.1983 
10.5 10.5 6 1 -0.647631 0.261385 16.0366 
0.5 10.5 -0.5 1 -0.147555 -0.0226805 24.6465 
0.5 10.5 6 1 -0.166809 0.248253 23.4849 
0.5 5.5 9.5 1 -0.0133179 0.450669 19.6449 
10.5 5.5 9.5 1 -0.551785 0.591546 12.1967 
0.5 6.5 -0.5 1 -0.0267769 -0.04044 22.075 
0.5 8.5 -0.5 1 -0.0904899 -0.0310715 23.3608 
0.5 8.5 4.5 1 -0.103702 0.186445 22.4672 
0.5 6.5 4.5 1 -0.0381026 0.189886 21.1814 
0.5 2.5 2 1 0.123135 0.0645942 19.0567 
0.5 4.5 2 1 0.0404932 0.0687139 20.3424 
0.5 4.5 4.5 1 0.035975 0.19377 19.8956 
0.5 2.5 4.5 1 0.120289 0.198192 18.6099 
