0 0 0 1 -0.525224 -0.446648 17.3345 
0 0 6.5 1 -0.512151 -0.0729645 18.4347 
10 0 0 1 -0.0651888 -0.354929 23.8522 
10 0 6.5 1 -0.0758147 -0.082897 24.9524 
10 10 0 1 0.302704 -0.416187 16.4593 
10 10 6.5 1 0.264553 -0.0257862 17.5595 
0 10 0 1 -0.258239 -0.616272 9.94162 
0 10 6.5 1 -0.263015 0.0245072 11.0419 
0 5 10 1 -0.414472 0.189651 15.3307 
10 5 10 1 0.0547156 0.0999654 21.8484 
0 6 0 1 -0.401758 -0.52509 12.8988 
0 8 0 1 -0.339289 -0.564778 11.4202 
0 8 5 1 -0.337004 -0.124635 12.2665 
0 6 5 1 -0.395873 -0.134737 13.7451 
0 2 2.5 1 -0.486921 -0.30461 16.2791 
0 4 2.5 1 -0.447227 -0.313208 14.8005 
0 4 5 1 -0.443306 -0.142877 15.2237 
0 2 5 1 -0.482341 -0.149576 16.7023 
0.5 0.5 -0.5 1 -0.486702 -0.475989 17.2061 
0.5 0.5 6 1 -0.475852 -0.0979207 18.3063 
10.5 0.5 -0.5 1 -0.0347602 -0.375712 23.7238 
10.5 0.5 6 1 -0.0467896 -0.101352 24.824 
10.5 10.5 -0.5 1 0.3498 -0.44686 16.3309 
10.5 10.5 6 1 0.308395 -0.051648 17.4311 
0.5 10.5 -0.5 1 -0.187202 -0.669936 9.81322 
0.5 10.5 6 1 -0.199196 -0.0162079 10.9135 
0.5 5.5 9.5 1 -0.369937 0.161817 15.2023 
10.5 5.5 9.5 1 0.0886602 0.0799537 21.72 
0.5 6.5 -0.5 1 -0.348614 -0.56541 12.7704 
0.5 8.5 -0.5 1 -0.278476 -0.61083 11.2918 
0.5 8.5 4.5 1 -0.280407 -0.16282 12.1381 
0.5 6.5 4.5 1 -0.345976 -0.168871 13.6167 
0.5 2.5 2 1 -0.445577 -0.334738 16.1507 
0.5 4.5 2 1 -0.401369 -0.346448 14.6721 
0.5 4.5 4.5 1 -0.3987 -0.173737 15.0953 
0.5 2.5 4.5 1 -0.442017 -0.177734 16.5739 
