0 0 0 1 -0.387078 -0.379261 20.7689 
0 0 6.5 1 -0.410951 -0.067103 21.0906 
10 0 0 1 0.0316377 -0.285388 25.3962 
10 0 6.5 1 0.00682259 -0.0305688 25.7178 
10 10 0 1 0.324707 -0.384592 16.545 
10 10 6.5 1 0.28128 0.00584123 16.8667 
0 10 0 1 -0.291196 -0.586702 11.9177 
0 10 6.5 1 -0.334854 -0.0433483 12.2394 
0 5 10 1 -0.39915 0.148853 16.8382 
10 5 10 1 0.0988424 0.146072 21.4655 
0 6 0 1 -0.342725 -0.475219 15.4582 
0 8 0 1 -0.320292 -0.523751 13.6879 
0 8 5 1 -0.349272 -0.157773 13.9354 
0 6 5 1 -0.368084 -0.151256 15.7056 
0 2 2.5 1 -0.385254 -0.2727 19.1224 
0 4 2.5 1 -0.371897 -0.290323 17.3521 
0 4 5 1 -0.383086 -0.146059 17.4759 
0 2 5 1 -0.395327 -0.141818 19.2461 
0.5 0.5 -0.5 1 -0.356515 -0.40414 20.533 
0.5 0.5 6 1 -0.38113 -0.0880667 20.8546 
10.5 0.5 -0.5 1 0.0605065 -0.304811 25.1602 
10.5 0.5 6 1 0.0350972 -0.0473873 25.4819 
10.5 10.5 -0.5 1 0.373483 -0.415991 16.309 
10.5 10.5 6 1 0.328497 -0.019412 16.6307 
0.5 10.5 -0.5 1 -0.235538 -0.634621 11.6818 
0.5 10.5 6 1 -0.281546 -0.0793034 12.0034 
0.5 5.5 9.5 1 -0.361522 0.125589 16.6022 
10.5 5.5 9.5 1 0.133803 0.127847 21.2295 
0.5 6.5 -0.5 1 -0.300811 -0.510265 15.2222 
0.5 8.5 -0.5 1 -0.27247 -0.564261 13.452 
0.5 8.5 4.5 1 -0.302812 -0.191248 13.6995 
0.5 6.5 4.5 1 -0.327228 -0.1808 15.4697 
0.5 2.5 2 1 -0.352003 -0.298416 18.8864 
0.5 4.5 2 1 -0.335023 -0.318943 17.1162 
0.5 4.5 4.5 1 -0.34663 -0.172498 17.2399 
0.5 2.5 4.5 1 -0.362418 -0.165743 19.0102 
