0 0 0 1 0.10507 -0.415009 23.0744 
0 0 6.5 1 0.117828 -0.13153 24.0682 
10 0 0 1 0.578407 -0.566881 15.5934 
10 0 6.5 1 0.56856 -0.146452 16.5873 
10 10 0 1 0.167353 -0.805345 9.13605 
10 10 6.5 1 0.191557 -0.0935145 10.1299 
0 10 0 1 -0.304868 -0.487099 16.617 
0 10 6.5 1 -0.264297 -0.0956087 17.6108 
0 5 10 1 -0.0321737 0.0480485 21.3747 
10 5 10 1 0.425173 0.126926 13.8937 
0 6 0 1 -0.107804 -0.452444 19.1999 
0 8 0 1 -0.19923 -0.468522 17.9085 
0 8 5 1 -0.174122 -0.185266 18.673 
0 6 5 1 -0.0878203 -0.188127 19.9644 
0 2 2.5 1 0.048933 -0.307427 22.1651 
0 4 2.5 1 -0.0198084 -0.312248 20.8737 
0 4 5 1 -0.0120062 -0.19064 21.2559 
0 2 5 1 0.0551229 -0.192866 22.5474 
0.5 0.5 -0.5 1 0.105286 -0.446539 22.301 
0.5 0.5 6 1 0.118459 -0.152303 23.2948 
10.5 0.5 -0.5 1 0.603433 -0.622252 14.8201 
10.5 0.5 6 1 0.591532 -0.177782 15.8139 
10.5 10.5 -0.5 1 0.17369 -0.925523 8.36269 
10.5 10.5 6 1 0.199222 -0.142091 9.35652 
0.5 10.5 -0.5 1 -0.324573 -0.534998 15.8436 
0.5 10.5 6 1 -0.280975 -0.122699 16.8375 
0.5 5.5 9.5 1 -0.0370914 0.0313006 20.6013 
10.5 5.5 9.5 1 0.444409 0.105279 13.1203 
0.5 6.5 -0.5 1 -0.116476 -0.492174 18.4266 
0.5 8.5 -0.5 1 -0.212682 -0.511972 17.1351 
0.5 8.5 4.5 1 -0.185914 -0.214622 17.8996 
0.5 6.5 4.5 1 -0.0953418 -0.215623 19.1911 
0.5 2.5 2 1 0.0471293 -0.336407 21.3918 
0.5 4.5 2 1 -0.0243728 -0.343276 20.1003 
0.5 4.5 4.5 1 -0.0161909 -0.216498 20.4825 
0.5 2.5 4.5 1 0.0535707 -0.217269 21.774 
