0 0 0 1 -0.698832 -0.459849 11.9154 
0 0 6.5 1 -0.620272 0.0776086 12.4895 
10 0 0 1 -0.244665 -0.30899 21.356 
10 0 6.5 1 -0.211815 -0.00685052 21.9302 
10 10 0 1 0.233224 -0.394253 18.1789 
10 10 6.5 1 0.257008 -0.0383149 18.7531 
0 10 0 1 0.130231 -0.692078 8.73827 
0 10 6.5 1 0.184476 0.0430614 9.31244 
0 5 10 1 -0.241052 0.370865 11.2102 
10 5 10 1 0.0193471 0.147109 20.6508 
0 6 0 1 -0.264553 -0.581495 10.0091 
0 8 0 1 -0.0805416 -0.633038 9.37369 
0 8 5 1 -0.0314687 -0.0991778 9.81536 
0 6 5 1 -0.210687 -0.0822722 10.4508 
0 2 2.5 1 -0.540035 -0.270652 11.5008 
0 4 2.5 1 -0.397396 -0.296941 10.8654 
0 4 5 1 -0.369361 -0.0673044 11.0862 
0 2 5 1 -0.510832 -0.0539594 11.7216 
0.5 0.5 -0.5 1 -0.635495 -0.497334 12.1844 
0.5 0.5 6 1 -0.561442 0.0304785 12.7586 
10.5 0.5 -0.5 1 -0.214629 -0.331987 21.625 
10.5 0.5 6 1 -0.182954 -0.0329142 22.1992 
10.5 10.5 -0.5 1 0.261465 -0.419967 18.4479 
10.5 10.5 6 1 0.284059 -0.0682868 19.0221 
0.5 10.5 -0.5 1 0.191147 -0.735849 9.00728 
0.5 10.5 6 1 0.240218 -0.0187266 9.58145 
0.5 5.5 9.5 1 -0.184553 0.31161 11.4792 
10.5 5.5 9.5 1 0.0470011 0.117472 20.9198 
0.5 6.5 -0.5 1 -0.200836 -0.622748 10.2781 
0.5 8.5 -0.5 1 -0.0177597 -0.675572 9.6427 
0.5 8.5 4.5 1 0.0272544 -0.15409 10.0844 
0.5 6.5 4.5 1 -0.150947 -0.134354 10.7198 
0.5 2.5 2 1 -0.478097 -0.313782 11.7698 
0.5 4.5 2 1 -0.33537 -0.341896 11.1344 
0.5 4.5 4.5 1 -0.309205 -0.116826 11.3552 
0.5 2.5 4.5 1 -0.45069 -0.101156 11.9906 
