0 0 0 1 -0.282101 -0.0821055 24.0042 
0 0 6.5 1 -0.313828 0.191975 23.2542 
10 0 0 1 0.113458 -0.0358505 26.0694 
10 0 6.5 1 0.096036 0.217245 25.3194 
10 10 0 1 0.313207 -0.115574 16.3533 
10 10 6.5 1 0.294537 0.291291 15.6033 
0 10 0 1 -0.322468 -0.204807 14.288 
0 10 6.5 1 -0.379201 0.259182 13.538 
0 5 10 1 -0.361214 0.414154 17.9923 
10 5 10 1 0.161053 0.423176 20.0575 
0 6 0 1 -0.301142 -0.139983 18.1745 
0 8 0 1 -0.310529 -0.168515 16.2313 
0 8 5 1 -0.347829 0.141486 15.6544 
0 6 5 1 -0.334016 0.136721 17.5976 
0 2 2.5 1 -0.300432 0.0143797 21.7725 
0 4 2.5 1 -0.308046 0.00615251 19.8293 
0 4 5 1 -0.32295 0.132903 19.5408 
0 2 5 1 -0.313886 0.129777 21.484 
0.5 0.5 -0.5 1 -0.259148 -0.103966 23.6793 
0.5 0.5 6 1 -0.290573 0.173283 22.9293 
10.5 0.5 -0.5 1 0.139561 -0.0553736 25.7445 
10.5 0.5 6 1 0.122696 0.200425 24.9946 
10.5 10.5 -0.5 1 0.359182 -0.148548 16.0284 
10.5 10.5 6 1 0.342372 0.26535 15.2784 
0.5 10.5 -0.5 1 -0.284483 -0.244733 13.9632 
0.5 10.5 6 1 -0.340454 0.228397 13.2132 
0.5 5.5 9.5 1 -0.331905 0.39398 17.6674 
10.5 5.5 9.5 1 0.195892 0.405262 19.7326 
0.5 6.5 -0.5 1 -0.271039 -0.170037 17.8496 
0.5 8.5 -0.5 1 -0.27694 -0.202822 15.9064 
0.5 8.5 4.5 1 -0.313767 0.112457 15.3295 
0.5 6.5 4.5 1 -0.303526 0.110868 17.2727 
0.5 2.5 2 1 -0.275368 -0.00829381 21.4476 
0.5 4.5 2 1 -0.280612 -0.018917 19.5044 
0.5 4.5 4.5 1 -0.295357 0.1096 19.216 
0.5 2.5 4.5 1 -0.288687 0.108566 21.1592 
