0 0 0 1 -0.637628 -0.524437 14.793 
0 0 6.5 1 -0.584663 -0.0862616 16.083 
10 0 0 1 -0.146894 -0.415058 22.5373 
10 0 6.5 1 -0.137712 -0.125221 23.8273 
10 10 0 1 0.278064 -0.494506 16.5302 
10 10 6.5 1 0.259579 -0.101213 17.8202 
0 10 0 1 -0.173617 -0.748702 8.78581 
0 10 6.5 1 -0.148481 -0.020575 10.0758 
0 5 10 1 -0.394497 0.191158 13.774 
10 5 10 1 0.0319725 0.0481769 21.5184 
0 6 0 1 -0.419012 -0.630098 11.1887 
0 8 0 1 -0.311075 -0.682266 9.98724 
0 8 5 1 -0.280907 -0.174275 10.9795 
0 6 5 1 -0.383027 -0.176461 12.181 
0 2 2.5 1 -0.556495 -0.360011 14.0877 
0 4 2.5 1 -0.485659 -0.375262 12.8863 
0 4 5 1 -0.466811 -0.178255 13.3824 
0 2 5 1 -0.53679 -0.179753 14.5839 
0.5 0.5 -0.5 1 -0.590857 -0.559439 14.7806 
0.5 0.5 6 1 -0.541605 -0.118117 16.0706 
10.5 0.5 -0.5 1 -0.115935 -0.437966 22.525 
10.5 0.5 6 1 -0.108424 -0.146737 23.815 
10.5 10.5 -0.5 1 0.320601 -0.525805 16.5178 
10.5 10.5 6 1 0.299022 -0.129971 17.8078 
0.5 10.5 -0.5 1 -0.0941682 -0.807986 8.77344 
0.5 10.5 6 1 -0.0791853 -0.0713647 10.0634 
0.5 5.5 9.5 1 -0.344045 0.154208 13.7616 
10.5 5.5 9.5 1 0.0645022 0.0244501 21.506 
0.5 6.5 -0.5 1 -0.356916 -0.676505 11.1763 
0.5 8.5 -0.5 1 -0.241365 -0.734327 9.97487 
0.5 8.5 4.5 1 -0.217471 -0.221053 10.9672 
0.5 6.5 4.5 1 -0.325958 -0.218623 12.1686 
0.5 2.5 2 1 -0.50731 -0.396623 14.0753 
0.5 4.5 2 1 -0.431815 -0.415305 12.8739 
0.5 4.5 4.5 1 -0.414948 -0.216629 13.37 
0.5 2.5 4.5 1 -0.489262 -0.214964 14.5715 
