0 0 0 1 0.256681 -0.0598868 18.243 
0 0 6.5 1 0.254881 0.309675 17.1213 
10 0 0 1 -0.151817 -0.256994 10.6533 
10 0 6.5 1 -0.203121 0.38364 9.53162 
10 10 0 1 -0.55327 -0.11947 16.9317 
10 10 6.5 1 -0.612683 0.276515 15.8101 
0 10 0 1 -0.125109 -0.0153953 24.5214 
0 10 6.5 1 -0.144727 0.257141 23.3997 
0 5 10 1 0.0161289 0.46309 19.6565 
10 5 10 1 -0.495815 0.618009 12.0669 
0 6 0 1 0.00146913 -0.0301459 22.01 
0 8 0 1 -0.0652359 -0.0223725 23.2657 
0 8 5 1 -0.0786921 0.19633 22.4029 
0 6 5 1 -0.0100645 0.201226 21.1472 
0 2 2.5 1 0.157859 0.0791896 19.0673 
0 4 2.5 1 0.0718324 0.0813331 20.3229 
0 4 5 1 0.0672276 0.20674 19.8915 
0 2 5 1 0.154936 0.212997 18.6358 
0.5 0.5 -0.5 1 0.219267 -0.0892983 18.2637 
0.5 0.5 6 1 0.215021 0.277892 17.142 
10.5 0.5 -0.5 1 -0.215041 -0.306936 10.674 
10.5 0.5 6 1 -0.273658 0.326444 9.55234 
10.5 10.5 -0.5 1 -0.592589 -0.151084 16.9525 
10.5 10.5 6 1 -0.654709 0.242143 15.8308 
0.5 10.5 -0.5 1 -0.15263 -0.0373202 24.5421 
0.5 10.5 6 1 -0.173548 0.233925 23.4205 
0.5 5.5 9.5 1 -0.0183443 0.435241 19.6773 
10.5 5.5 9.5 1 -0.551056 0.572408 12.0876 
0.5 6.5 -0.5 1 -0.0293076 -0.0545564 22.0308 
0.5 8.5 -0.5 1 -0.0942937 -0.0454736 23.2865 
0.5 8.5 4.5 1 -0.108856 0.172138 22.4236 
0.5 6.5 4.5 1 -0.0420845 0.175594 21.1679 
0.5 2.5 2 1 0.122168 0.0508972 19.088 
0.5 4.5 2 1 0.0384316 0.0547848 20.3437 
0.5 4.5 4.5 1 0.033108 0.179486 19.9122 
0.5 2.5 4.5 1 0.118422 0.183901 18.6566 
