0 0 0 1 -0.702623 -0.473575 11.9669 
0 0 6.5 1 -0.623114 0.0619013 12.5795 
10 0 0 1 -0.243849 -0.320251 21.3687 
10 0 6.5 1 -0.211132 -0.0180789 21.9812 
10 10 0 1 0.233419 -0.40709 18.0947 
10 10 6.5 1 0.256234 -0.0491905 18.7072 
0 10 0 1 0.118041 -0.712081 8.69293 
0 10 6.5 1 0.171502 0.0274963 9.30549 
0 5 10 1 -0.249679 0.353801 11.2723 
10 5 10 1 0.0185277 0.13602 20.6741 
0 6 0 1 -0.274693 -0.597942 10.0025 
0 8 0 1 -0.092081 -0.651014 9.34774 
0 8 5 1 -0.0430242 -0.114788 9.81893 
0 6 5 1 -0.220488 -0.0976279 10.4737 
0 2 2.5 1 -0.545754 -0.28513 11.5477 
0 4 2.5 1 -0.405341 -0.311869 10.8929 
0 4 5 1 -0.377067 -0.0824875 11.1285 
0 2 5 1 -0.516244 -0.0690297 11.7833 
0.5 0.5 -0.5 1 -0.639649 -0.511036 12.2262 
0.5 0.5 6 1 -0.564751 0.0154143 12.8388 
10.5 0.5 -0.5 1 -0.21375 -0.343265 21.628 
10.5 0.5 6 1 -0.182244 -0.043982 22.2405 
10.5 10.5 -0.5 1 0.262145 -0.432983 18.3539 
10.5 10.5 6 1 0.283721 -0.0791398 18.9665 
0.5 10.5 -0.5 1 0.180279 -0.756334 8.9522 
0.5 10.5 6 1 0.228305 -0.0339706 9.56475 
0.5 5.5 9.5 1 -0.193096 0.295482 11.5316 
10.5 5.5 9.5 1 0.0463762 0.106591 20.9333 
0.5 6.5 -0.5 1 -0.210476 -0.639432 10.2618 
0.5 8.5 -0.5 1 -0.0284151 -0.693899 9.607 
0.5 8.5 4.5 1 0.016403 -0.169463 10.0782 
0.5 6.5 4.5 1 -0.160399 -0.149382 10.733 
0.5 2.5 2 1 -0.483989 -0.328059 11.807 
0.5 4.5 2 1 -0.343213 -0.356697 11.1522 
0.5 4.5 4.5 1 -0.316869 -0.13161 11.3878 
0.5 2.5 4.5 1 -0.456323 -0.115771 12.0426 
