0 0 0 1 -0.0365115 -0.0500937 26.1596 
0 0 6.5 1 -0.0164968 0.201562 25.436 
10 0 0 1 0.367393 -0.112271 22.3085 
10 0 6.5 1 0.40452 0.182199 21.5849 
10 10 0 1 0.323194 -0.243864 13.1472 
10 10 6.5 1 0.385124 0.260089 12.4236 
0 10 0 1 -0.288384 -0.118362 16.9983 
0 10 6.5 1 -0.268302 0.271921 16.2746 
0 5 10 1 -0.102841 0.402745 20.4656 
10 5 10 1 0.424111 0.424221 16.6146 
0 6 0 1 -0.160833 -0.0837902 20.6628 
0 8 0 1 -0.218403 -0.099394 18.8305 
0 8 5 1 -0.202514 0.168556 18.2739 
0 6 5 1 -0.144798 0.160173 20.1062 
0 2 2.5 1 -0.0639752 0.0426284 24.049 
0 4 2.5 1 -0.104782 0.0398289 22.2168 
0 4 5 1 -0.0967232 0.153191 21.9384 
0 2 5 1 -0.0560595 0.147286 23.7707 
0.5 0.5 -0.5 1 -0.028794 -0.0743369 25.5647 
0.5 0.5 6 1 -0.00807514 0.18264 24.841 
10.5 0.5 -0.5 1 0.387547 -0.142518 21.7136 
10.5 0.5 6 1 0.42642 0.159256 20.9899 
10.5 10.5 -0.5 1 0.355961 -0.302423 12.5523 
10.5 10.5 6 1 0.423011 0.223295 11.8286 
0.5 10.5 -0.5 1 -0.285492 -0.158621 16.4033 
0.5 10.5 6 1 -0.264514 0.244612 15.6797 
0.5 5.5 9.5 1 -0.0948983 0.385113 19.8707 
10.5 5.5 9.5 1 0.453534 0.403149 16.0196 
0.5 6.5 -0.5 1 -0.154688 -0.115673 20.0679 
0.5 8.5 -0.5 1 -0.213518 -0.134989 18.2356 
0.5 8.5 4.5 1 -0.19694 0.140857 17.6789 
0.5 6.5 4.5 1 -0.137988 0.13482 19.5112 
0.5 2.5 2 1 -0.0562599 0.0185557 23.4541 
0.5 4.5 2 1 -0.097536 0.0136391 21.6218 
0.5 4.5 4.5 1 -0.0891578 0.12982 21.3435 
0.5 2.5 4.5 1 -0.0480483 0.12561 23.1757 
