0 0 0 1 0.273315 -0.211809 18.6313 
0 0 6.5 1 0.249612 0.138535 18.0672 
10 0 0 1 0.0366416 -0.518831 9.90124 
10 0 6.5 1 -0.0235233 0.140531 9.33709 
10 10 0 1 -0.571579 -0.374742 14.7004 
10 10 6.5 1 -0.635591 0.0665214 14.1363 
0 10 0 1 -0.156762 -0.184292 23.4305 
0 10 6.5 1 -0.186101 0.0932005 22.8664 
0 5 10 1 -0.00924748 0.287145 20.163 
10 5 10 1 -0.429977 0.402253 11.4329 
0 6 0 1 -0.00776008 -0.193826 21.5108 
0 8 0 1 -0.0854436 -0.188855 22.4707 
0 8 5 1 -0.107457 0.0325471 22.0367 
0 6 5 1 -0.0291767 0.0375572 21.0769 
0 2 2.5 1 0.160789 -0.0794959 19.3742 
0 4 2.5 1 0.0669867 -0.0794002 20.334 
0 4 5 1 0.0565737 0.0430454 20.117 
0 2 5 1 0.150917 0.0490835 19.1572 
0.5 0.5 -0.5 1 0.24149 -0.24464 18.4782 
0.5 0.5 6 1 0.216582 0.107665 17.914 
10.5 0.5 -0.5 1 -0.0274037 -0.585889 9.74809 
10.5 0.5 6 1 -0.0925061 0.0803498 9.18394 
10.5 10.5 -0.5 1 -0.620899 -0.41816 14.5473 
10.5 10.5 6 1 -0.687602 0.0261845 13.9831 
0.5 10.5 -0.5 1 -0.184856 -0.210174 23.2774 
0.5 10.5 6 1 -0.21509 0.0685475 22.7132 
0.5 5.5 9.5 1 -0.0407993 0.260646 20.0099 
10.5 5.5 9.5 1 -0.491661 0.356807 11.2798 
0.5 6.5 -0.5 1 -0.0373101 -0.222102 21.3577 
0.5 8.5 -0.5 1 -0.114256 -0.215881 22.3175 
0.5 8.5 4.5 1 -0.136995 0.00653496 21.8836 
0.5 6.5 4.5 1 -0.0594963 0.0103885 20.9237 
0.5 2.5 2 1 0.129297 -0.110004 19.221 
0.5 4.5 2 1 0.0362808 -0.108457 20.1809 
0.5 4.5 4.5 1 0.0254542 0.0146125 19.9639 
0.5 2.5 4.5 1 0.118986 0.0192633 19.0041 
