0 0 0 1 0.00248295 -0.124331 25.7691 
0 0 6.5 1 0.0274509 0.12774 25.5214 
10 0 0 1 0.41708 -0.204225 20.7727 
10 0 6.5 1 0.453128 0.108244 20.525 
10 10 0 1 0.301648 -0.336722 12.1187 
10 10 6.5 1 0.361568 0.200771 11.8711 
0 10 0 1 -0.288885 -0.177752 17.1151 
0 10 6.5 1 -0.255385 0.202862 16.8674 
0 5 10 1 -0.0693587 0.323894 21.061 
10 5 10 1 0.444398 0.359992 16.0647 
0 6 0 1 -0.142928 -0.150992 20.5767 
0 8 0 1 -0.209204 -0.163143 18.8459 
0 8 5 1 -0.185091 0.101726 18.6554 
0 6 5 1 -0.120243 0.0915033 20.3862 
0 2 2.5 1 -0.0289364 -0.0286269 23.943 
0 4 2.5 1 -0.0762859 -0.029402 22.2122 
0 4 5 1 -0.0655439 0.0828808 22.117 
0 2 5 1 -0.0187849 0.0755099 23.8478 
0.5 0.5 -0.5 1 0.00775104 -0.149169 25.1056 
0.5 0.5 6 1 0.0334379 0.109383 24.8579 
10.5 0.5 -0.5 1 0.437335 -0.237869 20.1092 
10.5 0.5 6 1 0.474841 0.084618 19.8616 
10.5 10.5 -0.5 1 0.330521 -0.403457 11.4553 
10.5 10.5 6 1 0.394626 0.164379 11.2076 
0.5 10.5 -0.5 1 -0.292596 -0.217809 16.4516 
0.5 10.5 6 1 -0.257781 0.177777 16.204 
0.5 5.5 9.5 1 -0.0652114 0.307903 20.3976 
10.5 5.5 9.5 1 0.472023 0.340369 15.4012 
0.5 6.5 -0.5 1 -0.141131 -0.183194 19.9132 
0.5 8.5 -0.5 1 -0.209654 -0.198854 18.1824 
0.5 8.5 4.5 1 -0.184657 0.075404 17.9919 
0.5 6.5 4.5 1 -0.117665 0.0671476 19.7227 
0.5 2.5 2 1 -0.0241505 -0.052685 23.2796 
0.5 4.5 2 1 -0.0725735 -0.0554163 21.5488 
0.5 4.5 4.5 1 -0.0614828 0.0602234 21.4535 
0.5 2.5 4.5 1 -0.0136889 0.0543331 23.1843 
