0 0 0 1 0.386643 -0.491795 11.1108 
0 0 6.5 1 0.317907 0.0815971 11.8788 
10 0 0 1 -0.247642 -0.412315 16.4314 
10 0 6.5 1 -0.266793 -0.0198491 17.1994 
10 10 0 1 0.0544782 -0.295698 24.8156 
10 10 6.5 1 0.0325342 -0.0353512 25.5836 
0 10 0 1 0.49843 -0.309169 19.4951 
0 10 6.5 1 0.453899 0.0200491 20.263 
0 5 10 1 0.376543 0.251872 16.4844 
10 5 10 1 -0.098965 0.130305 21.805 
0 6 0 1 0.467651 -0.359453 16.1414 
0 8 0 1 0.484489 -0.331945 17.8182 
0 8 5 1 0.447231 -0.0524636 18.409 
0 6 5 1 0.427254 -0.0509916 16.7321 
0 2 2.5 1 0.395955 -0.237133 13.083 
0 4 2.5 1 0.424427 -0.217822 14.7599 
0 4 5 1 0.402827 -0.0491916 15.0553 
0 2 5 1 0.372276 -0.0469405 13.3784 
0.5 0.5 -0.5 1 0.356879 -0.515705 11.737 
0.5 0.5 6 1 0.293413 0.0304443 12.505 
10.5 0.5 -0.5 1 -0.244838 -0.431685 17.0576 
10.5 0.5 6 1 -0.263437 -0.0521703 17.8255 
10.5 10.5 -0.5 1 0.0489225 -0.311554 25.4418 
10.5 10.5 6 1 0.0276656 -0.0569628 26.2098 
0.5 10.5 -0.5 1 0.47759 -0.328799 20.1212 
0.5 10.5 6 1 0.435159 -0.00872775 20.8892 
0.5 5.5 9.5 1 0.356496 0.208257 17.1106 
10.5 5.5 9.5 1 -0.100983 0.100429 22.4312 
0.5 6.5 -0.5 1 0.443792 -0.381131 16.7675 
0.5 8.5 -0.5 1 0.462227 -0.352586 18.4444 
0.5 8.5 4.5 1 0.426886 -0.0816581 19.0351 
0.5 6.5 4.5 1 0.405664 -0.0830594 17.3583 
0.5 2.5 2 1 0.370047 -0.269235 13.7092 
0.5 4.5 2 1 0.400184 -0.247211 15.3861 
0.5 4.5 4.5 1 0.379903 -0.0847604 15.6814 
0.5 2.5 4.5 1 0.347973 -0.0868687 14.0046 
