0 0 0 1 0.293454 -0.355733 15.3638 
0 0 6.5 1 0.325301 0.0630309 15.7575 
10 0 0 1 -0.379826 -0.315025 14.1125 
10 0 6.5 1 -0.326959 0.138757 14.5062 
10 10 0 1 -0.277547 -0.205064 24.0154 
10 10 6.5 1 -0.247778 0.0628426 24.4091 
0 10 0 1 0.126786 -0.235263 25.2667 
0 10 6.5 1 0.1489 0.0200431 25.6604 
0 5 10 1 0.229713 0.202261 20.921 
10 5 10 1 -0.257405 0.266965 19.6696 
0 6 0 1 0.174861 -0.270012 21.3056 
0 8 0 1 0.148779 -0.251159 23.2861 
0 8 5 1 0.167001 -0.0373208 23.589 
0 6 5 1 0.194388 -0.036309 21.6084 
0 2 2.5 1 0.256347 -0.175877 17.4958 
0 4 2.5 1 0.216877 -0.162909 19.4764 
0 4 5 1 0.227301 -0.035093 19.6278 
0 2 5 1 0.267603 -0.0336041 17.6472 
0.5 0.5 -0.5 1 0.247517 -0.376453 15.7661 
0.5 0.5 6 1 0.279691 0.0323908 16.1598 
10.5 0.5 -0.5 1 -0.411062 -0.33866 14.5148 
10.5 0.5 6 1 -0.358797 0.103501 14.9085 
10.5 10.5 -0.5 1 -0.2978 -0.220925 24.4177 
10.5 10.5 6 1 -0.268193 0.0428896 24.8114 
0.5 10.5 -0.5 1 0.101183 -0.249877 25.669 
0.5 10.5 6 1 0.123342 0.00170863 26.0627 
0.5 5.5 9.5 1 0.19695 0.176413 21.3233 
10.5 5.5 9.5 1 -0.282446 0.238209 20.0719 
0.5 6.5 -0.5 1 0.143695 -0.286649 21.7079 
0.5 8.5 -0.5 1 0.120662 -0.266726 23.6884 
0.5 8.5 4.5 1 0.138934 -0.0562763 23.9913 
0.5 6.5 4.5 1 0.163294 -0.0569887 22.0107 
0.5 2.5 2 1 0.216716 -0.198171 17.8981 
0.5 4.5 2 1 0.181993 -0.183245 19.8787 
0.5 4.5 4.5 1 0.192472 -0.057842 20.0301 
0.5 2.5 4.5 1 0.228053 -0.0588825 18.0495 
