0 0 0 1 -0.698449 -0.594634 13.4135 
0 0 6.5 1 -0.624234 -0.108924 14.5977 
10 0 0 1 -0.19497 -0.446341 21.824 
10 0 6.5 1 -0.173797 -0.145811 23.0082 
10 10 0 1 0.258786 -0.546364 16.7304 
10 10 6.5 1 0.255984 -0.153774 17.9146 
0 10 0 1 -0.0942368 -0.886556 8.31991 
0 10 6.5 1 -0.0555316 -0.104165 9.50413 
0 5 10 1 -0.369001 0.169336 12.6886 
10 5 10 1 0.0204528 0.0181916 21.0991 
0 6 0 1 -0.407236 -0.735332 10.3573 
0 8 0 1 -0.267808 -0.802696 9.33863 
0 8 5 1 -0.224774 -0.25208 10.2496 
0 6 5 1 -0.356821 -0.239941 11.2683 
0 2 2.5 1 -0.587783 -0.42022 12.8502 
0 4 2.5 1 -0.493279 -0.446258 11.8315 
0 4 5 1 -0.466972 -0.229815 12.287 
0 2 5 1 -0.560256 -0.221239 13.3057 
0.5 0.5 -0.5 1 -0.645261 -0.632076 13.4882 
0.5 0.5 6 1 -0.575717 -0.145819 14.6725 
10.5 0.5 -0.5 1 -0.163928 -0.469909 21.8987 
10.5 0.5 6 1 -0.144416 -0.169144 23.0829 
10.5 10.5 -0.5 1 0.297218 -0.57663 16.8051 
10.5 10.5 6 1 0.291897 -0.18368 17.9894 
0.5 10.5 -0.5 1 -0.0141569 -0.944117 8.39467 
0.5 10.5 6 1 0.0143461 -0.160715 9.57888 
0.5 5.5 9.5 1 -0.314722 0.125294 12.7633 
10.5 5.5 9.5 1 0.0517968 -0.00782333 21.1738 
0.5 6.5 -0.5 1 -0.340553 -0.782735 10.4321 
0.5 8.5 -0.5 1 -0.195016 -0.854693 9.41338 
0.5 8.5 4.5 1 -0.158716 -0.303477 10.3243 
0.5 6.5 4.5 1 -0.295826 -0.286802 11.343 
0.5 2.5 2 1 -0.532918 -0.460302 12.925 
0.5 4.5 2 1 -0.434312 -0.489606 11.9063 
0.5 4.5 4.5 1 -0.410337 -0.272875 12.3617 
0.5 2.5 4.5 1 -0.507411 -0.261069 13.3805 
