0 0 0 1 0.338593 -0.620719 13.4692 
0 0 6.5 1 0.338405 -0.134767 14.54 
10 0 0 1 -0.37752 -0.555389 14.2943 
10 0 6.5 1 -0.327793 -0.100085 15.3651 
10 10 0 1 -0.192899 -0.398988 24.1231 
10 10 6.5 1 -0.170418 -0.127958 25.1939 
0 10 0 1 0.227643 -0.431218 23.298 
0 10 6.5 1 0.232407 -0.149595 24.3688 
0 5 10 1 0.27386 0.0321631 20.031 
10 5 10 1 -0.214388 0.0511099 20.8561 
0 6 0 1 0.258509 -0.483937 19.3665 
0 8 0 1 0.241654 -0.455149 21.3323 
0 8 5 1 0.245163 -0.215989 22.156 
0 6 5 1 0.261672 -0.220317 20.1902 
0 2 2.5 1 0.305903 -0.393507 15.8468 
0 4 2.5 1 0.280487 -0.36901 17.8126 
0 4 5 1 0.281743 -0.22558 18.2244 
0 2 5 1 0.306666 -0.232115 16.2587 
0.5 0.5 -0.5 1 0.292553 -0.640553 13.9196 
0.5 0.5 6 1 0.295659 -0.167783 14.9903 
10.5 0.5 -0.5 1 -0.399112 -0.576108 14.7446 
10.5 0.5 6 1 -0.349339 -0.132366 15.8154 
10.5 10.5 -0.5 1 -0.209238 -0.414287 24.5735 
10.5 10.5 6 1 -0.18647 -0.147377 25.6442 
0.5 10.5 -0.5 1 0.202762 -0.446437 23.7484 
0.5 10.5 6 1 0.208512 -0.169267 24.8191 
0.5 5.5 9.5 1 0.243994 0.00432852 20.4813 
10.5 5.5 9.5 1 -0.232778 0.0239528 21.3064 
0.5 6.5 -0.5 1 0.22799 -0.500976 19.8168 
0.5 8.5 -0.5 1 0.214238 -0.471246 21.7826 
0.5 8.5 4.5 1 0.218676 -0.236264 22.6063 
0.5 6.5 4.5 1 0.232302 -0.242429 20.6405 
0.5 2.5 2 1 0.267483 -0.416725 16.2972 
0.5 4.5 2 1 0.24683 -0.390333 18.2629 
0.5 4.5 4.5 1 0.248797 -0.249892 18.6748 
0.5 2.5 4.5 1 0.269173 -0.259111 16.709 
