0 0 0 1 -0.676436 -0.391304 11.6569 
0 0 6.5 1 -0.603857 0.157779 12.0302 
10 0 0 1 -0.247323 -0.252401 21.2727 
10 0 6.5 1 -0.214386 0.0503693 21.646 
10 10 0 1 0.233541 -0.330141 18.5879 
10 10 6.5 1 0.261674 0.0170293 18.9612 
0 10 0 1 0.191381 -0.593924 8.97218 
0 10 6.5 1 0.250143 0.120992 9.3455 
0 5 10 1 -0.195542 0.458507 10.8889 
10 5 10 1 0.0241265 0.204091 20.5046 
0 6 0 1 -0.211406 -0.499881 10.0461 
0 8 0 1 -0.0213846 -0.544247 9.50913 
0 8 5 1 0.0279744 -0.0210745 9.7963 
0 6 5 1 -0.159331 -0.00512648 10.3332 
0 2 2.5 1 -0.508366 -0.198023 11.2636 
0 4 2.5 1 -0.354777 -0.222244 10.7266 
0 4 5 1 -0.328132 0.00924604 10.8702 
0 2 5 1 -0.481042 0.0222655 11.4071 
0.5 0.5 -0.5 1 -0.611419 -0.42899 11.9747 
0.5 0.5 6 1 -0.542673 0.1071 12.3481 
10.5 0.5 -0.5 1 -0.217579 -0.275347 21.5905 
10.5 0.5 6 1 -0.185625 0.0234315 21.9638 
10.5 10.5 -0.5 1 0.259424 -0.355039 18.9058 
10.5 10.5 6 1 0.286592 -0.0131102 19.2791 
0.5 10.5 -0.5 1 0.245497 -0.635569 9.29002 
0.5 10.5 6 1 0.300236 0.0574418 9.66334 
0.5 5.5 9.5 1 -0.139708 0.394137 11.2067 
10.5 5.5 9.5 1 0.0508237 0.17333 20.8225 
0.5 6.5 -0.5 1 -0.150545 -0.540094 10.3639 
0.5 8.5 -0.5 1 0.0366564 -0.585223 9.82696 
0.5 8.5 4.5 1 0.0828164 -0.0773275 10.1141 
0.5 6.5 4.5 1 -0.101664 -0.0590195 10.6511 
0.5 2.5 2 1 -0.445753 -0.242294 11.5814 
0.5 4.5 2 1 -0.29354 -0.26797 11.0444 
0.5 4.5 4.5 1 -0.268438 -0.0424688 11.188 
0.5 2.5 4.5 1 -0.419936 -0.027434 11.725 
