0 0 0 1 0.285151 -0.309112 15.8092 
0 0 6.5 1 0.323091 0.0990397 15.9491 
10 0 0 1 -0.377618 -0.277829 13.9355 
10 0 6.5 1 -0.328038 0.184343 14.0755 
10 10 0 1 -0.300898 -0.164005 23.756 
10 10 6.5 1 -0.272143 0.107561 23.896 
0 10 0 1 0.10231 -0.191623 25.6297 
0 10 6.5 1 0.126784 0.0603488 25.7697 
0 5 10 1 0.217696 0.241192 20.9348 
10 5 10 1 -0.273484 0.318157 19.0611 
0 6 0 1 0.155589 -0.225858 21.7015 
0 8 0 1 0.126738 -0.20732 23.6656 
0 8 5 1 0.147035 0.00285221 23.7733 
0 6 5 1 0.177571 0.0033331 21.8092 
0 2 2.5 1 0.245633 -0.134885 17.8271 
0 4 2.5 1 0.202198 -0.121746 19.7912 
0 4 5 1 0.214151 0.00390918 19.845 
0 2 5 1 0.258767 0.00461181 17.8809 
0.5 0.5 -0.5 1 0.239296 -0.329388 16.1958 
0.5 0.5 6 1 0.276731 0.0692786 16.3357 
10.5 0.5 -0.5 1 -0.411582 -0.301602 14.3221 
10.5 0.5 6 1 -0.362999 0.148446 14.462 
10.5 10.5 -0.5 1 -0.322275 -0.179931 24.1426 
10.5 10.5 6 1 -0.293855 0.0874043 24.2826 
0.5 10.5 -0.5 1 0.0764807 -0.205991 26.0163 
0.5 10.5 6 1 0.100731 0.0423335 26.1562 
0.5 5.5 9.5 1 0.184087 0.215813 21.3213 
10.5 5.5 9.5 1 -0.300567 0.288802 19.4477 
0.5 6.5 -0.5 1 0.124234 -0.242182 22.0881 
0.5 8.5 -0.5 1 0.0984074 -0.222609 24.0522 
0.5 8.5 4.5 1 0.118505 -0.0157317 24.1598 
0.5 6.5 4.5 1 0.145985 -0.0169037 22.1957 
0.5 2.5 2 1 0.205697 -0.156613 18.2137 
0.5 4.5 2 1 0.166982 -0.14161 20.1778 
0.5 4.5 4.5 1 0.1788 -0.0183032 20.2316 
0.5 2.5 4.5 1 0.218671 -0.0200037 18.2675 
