0 0 0 1 -0.666226 -0.365892 11.5515 
0 0 6.5 1 -0.596555 0.188843 11.8411 
10 0 0 1 -0.247924 -0.230746 21.2277 
10 0 6.5 1 -0.215214 0.0727089 21.5174 
10 10 0 1 0.234098 -0.305743 18.7433 
10 10 6.5 1 0.263742 0.0384633 19.033 
0 10 0 1 0.215585 -0.557955 9.0671 
0 10 6.5 1 0.276458 0.150018 9.35675 
0 5 10 1 -0.176501 0.492782 10.7549 
10 5 10 1 0.0261756 0.226527 20.4311 
0 6 0 1 -0.1894 -0.469747 10.0609 
0 8 0 1 0.00257219 -0.511559 9.56398 
0 8 5 1 0.0521896 0.00804907 9.78678 
0 6 5 1 -0.138021 0.0238496 10.2837 
0 2 2.5 1 -0.494599 -0.170824 11.166 
0 4 2.5 1 -0.336725 -0.194384 10.6691 
0 4 5 1 -0.310697 0.0381936 10.7805 
0 2 5 1 -0.468158 0.0512736 11.2774 
0.5 0.5 -0.5 1 -0.600594 -0.403651 11.8888 
0.5 0.5 6 1 -0.534413 0.136617 12.1785 
10.5 0.5 -0.5 1 -0.218284 -0.253677 21.565 
10.5 0.5 6 1 -0.186471 0.0453985 21.8547 
10.5 10.5 -0.5 1 0.259077 -0.330334 19.0806 
10.5 10.5 6 1 0.287831 0.00824646 19.3703 
0.5 10.5 -0.5 1 0.266928 -0.598801 9.40441 
0.5 10.5 6 1 0.324149 0.0857586 9.69406 
0.5 5.5 9.5 1 -0.121048 0.426199 11.0922 
10.5 5.5 9.5 1 0.0525011 0.19529 20.7684 
0.5 6.5 -0.5 1 -0.129827 -0.50955 10.3982 
0.5 8.5 -0.5 1 0.0585952 -0.551936 9.90129 
0.5 8.5 4.5 1 0.105327 -0.048751 10.1241 
0.5 6.5 4.5 1 -0.0813289 -0.030795 10.621 
0.5 2.5 2 1 -0.431799 -0.215569 11.5033 
0.5 4.5 2 1 -0.275929 -0.240427 11.0065 
0.5 4.5 4.5 1 -0.2513 -0.014444 11.1179 
0.5 2.5 4.5 1 -0.406729 0.000507986 11.6147 
