0 0 0 1 -0.500414 -0.444376 17.8923 
0 0 6.5 1 -0.495459 -0.0815828 18.8932 
10 0 0 1 -0.047129 -0.349442 24.1105 
10 0 6.5 1 -0.0614669 -0.0802688 25.1113 
10 10 0 1 0.30845 -0.415782 16.4317 
10 10 6.5 1 0.267382 -0.0242328 17.4325 
0 10 0 1 -0.269144 -0.622478 10.2135 
0 10 6.5 1 -0.281436 0.00462449 11.2144 
0 5 10 1 -0.415434 0.173579 15.5927 
10 5 10 1 0.0614165 0.102346 21.8108 
0 6 0 1 -0.393734 -0.526531 13.2851 
0 8 0 1 -0.339582 -0.568234 11.7493 
0 8 5 1 -0.34372 -0.139459 12.5192 
0 6 5 1 -0.394454 -0.146892 14.0549 
0 2 2.5 1 -0.470045 -0.308638 16.7415 
0 4 2.5 1 -0.435909 -0.318854 15.2058 
0 4 5 1 -0.435192 -0.15286 15.5907 
0 2 5 1 -0.468625 -0.157759 17.1264 
0.5 0.5 -0.5 1 -0.463364 -0.472769 17.7423 
0.5 0.5 6 1 -0.460348 -0.105556 18.7431 
10.5 0.5 -0.5 1 -0.0168562 -0.369873 23.9605 
10.5 0.5 6 1 -0.0324941 -0.0982623 24.9613 
10.5 10.5 -0.5 1 0.356277 -0.446459 16.2817 
10.5 10.5 6 1 0.312082 -0.0497344 17.2825 
0.5 10.5 -0.5 1 -0.200377 -0.675191 10.0635 
0.5 10.5 6 1 -0.219055 -0.0348178 11.0644 
0.5 5.5 9.5 1 -0.372041 0.14696 15.4427 
10.5 5.5 9.5 1 0.0956551 0.0828759 21.6608 
0.5 6.5 -0.5 1 -0.34247 -0.565822 13.135 
0.5 8.5 -0.5 1 -0.28083 -0.613266 11.5993 
0.5 8.5 4.5 1 -0.288675 -0.176488 12.3692 
0.5 6.5 4.5 1 -0.346036 -0.179912 13.9049 
0.5 2.5 2 1 -0.430151 -0.337773 16.5915 
0.5 4.5 2 1 -0.391606 -0.351063 15.0557 
0.5 4.5 4.5 1 -0.391986 -0.182654 15.4407 
0.5 2.5 4.5 1 -0.429623 -0.1849 16.9764 
