0 0 0 1 0.139668 -0.417203 22.4662 
0 0 6.5 1 0.143972 -0.126288 23.6417 
10 0 0 1 0.625211 -0.562088 14.5094 
10 0 6.5 1 0.595308 -0.112737 15.685 
10 10 0 1 0.118289 -0.774115 8.72847 
10 10 6.5 1 0.131102 -0.0373151 9.90406 
0 10 0 1 -0.293742 -0.477921 16.6852 
0 10 6.5 1 -0.259517 -0.0888508 17.8608 
0 5 10 1 -0.0220963 0.053918 21.3843 
10 5 10 1 0.406711 0.176531 13.4275 
0 6 0 1 -0.0887255 -0.449199 18.9976 
0 8 0 1 -0.184591 -0.46263 17.8414 
0 8 5 1 -0.164773 -0.17821 18.7457 
0 6 5 1 -0.0744145 -0.181913 19.9019 
0 2 2.5 1 0.0750063 -0.304959 21.7621 
0 4 2.5 1 0.00118934 -0.308494 20.6059 
0 4 5 1 0.00602139 -0.18521 21.0581 
0 2 5 1 0.0780844 -0.188163 22.2143 
0.5 0.5 -0.5 1 0.138876 -0.448777 21.6888 
0.5 0.5 6 1 0.143368 -0.146349 22.8644 
10.5 0.5 -0.5 1 0.651446 -0.62016 13.7321 
10.5 0.5 6 1 0.617914 -0.1428 14.9077 
10.5 10.5 -0.5 1 0.114042 -0.895136 7.95116 
10.5 10.5 6 1 0.128493 -0.0799951 9.12674 
0.5 10.5 -0.5 1 -0.315998 -0.523937 15.9079 
0.5 10.5 6 1 -0.278685 -0.113997 17.0835 
0.5 5.5 9.5 1 -0.0290308 0.0384565 20.607 
10.5 5.5 9.5 1 0.421764 0.158879 12.6502 
0.5 6.5 -0.5 1 -0.0994109 -0.48815 18.2203 
0.5 8.5 -0.5 1 -0.200367 -0.504831 17.0641 
0.5 8.5 4.5 1 -0.178898 -0.205984 17.9684 
0.5 6.5 4.5 1 -0.084013 -0.208159 19.1246 
0.5 2.5 2 1 0.0717935 -0.333435 20.9848 
0.5 4.5 2 1 -0.00510455 -0.33877 19.8286 
0.5 4.5 4.5 1 5.30167e-05 -0.210085 20.2808 
0.5 2.5 4.5 1 0.075051 -0.211804 21.4369 
