0 0 0 1 0.258044 -0.0750559 17.8701 
0 0 6.5 1 0.284629 0.303166 16.599 
10 0 0 1 -0.279126 -0.202309 11.8591 
10 0 6.5 1 -0.301934 0.375357 10.5881 
10 10 0 1 -0.47996 -0.0380164 19.608 
10 10 6.5 1 -0.507051 0.306927 18.3369 
0 10 0 1 -0.0581441 0.0121992 25.6189 
0 10 6.5 1 -0.0565266 0.274605 24.3478 
0 5 10 1 0.0876813 0.469505 19.789 
10 5 10 1 -0.448998 0.59755 13.7781 
0 6 0 1 0.0422193 -0.015497 22.5194 
0 8 0 1 -0.0111935 -0.000757234 24.0691 
0 8 5 1 -0.00789358 0.211528 23.0914 
0 6 5 1 0.048181 0.211391 21.5416 
0 2 2.5 1 0.181431 0.0761109 18.931 
0 4 2.5 1 0.108126 0.0865013 20.4807 
0 4 5 1 0.112949 0.211234 19.9919 
0 2 5 1 0.188603 0.21105 18.4421 
0.5 0.5 -0.5 1 0.216089 -0.0997928 18.0547 
0.5 0.5 6 1 0.239204 0.272394 16.7837 
10.5 0.5 -0.5 1 -0.333783 -0.237441 12.0438 
10.5 0.5 6 1 -0.36265 0.326178 10.7727 
10.5 10.5 -0.5 1 -0.511345 -0.0609268 19.7926 
10.5 10.5 6 1 -0.54032 0.279005 18.5216 
0.5 10.5 -0.5 1 -0.0852369 -0.0057336 25.8036 
0.5 10.5 6 1 -0.0850353 0.253768 24.5325 
0.5 5.5 9.5 1 0.0513324 0.44211 19.9737 
10.5 5.5 9.5 1 -0.493897 0.556668 13.9627 
0.5 6.5 -0.5 1 0.0106115 -0.0356527 22.704 
0.5 8.5 -0.5 1 -0.040375 -0.0197373 24.2538 
0.5 8.5 4.5 1 -0.038327 0.190066 23.2761 
0.5 6.5 4.5 1 0.0151 0.1884 21.7263 
0.5 2.5 2 1 0.142545 0.0512865 19.1156 
0.5 4.5 2 1 0.0728108 0.0634457 20.6654 
0.5 4.5 4.5 1 0.0767346 0.186478 20.1765 
0.5 2.5 4.5 1 0.148625 0.184236 18.6268 
