0 0 0 1 0.0805503 -0.389637 23.6299 
0 0 6.5 1 0.0984618 -0.113643 24.4401 
10 0 0 1 0.540972 -0.535942 16.5409 
10 0 6.5 1 0.544703 -0.140355 17.3511 
10 10 0 1 0.197235 -0.774915 9.59886 
10 10 6.5 1 0.230209 -0.0969002 10.409 
0 10 0 1 -0.3087 -0.466232 16.6879 
0 10 6.5 1 -0.26566 -0.0771947 17.4981 
0 5 10 1 -0.0397189 0.0653121 21.4053 
10 5 10 1 0.432693 0.12155 14.3163 
0 6 0 1 -0.119682 -0.429038 19.4647 
0 8 0 1 -0.206932 -0.446207 18.0763 
0 8 5 1 -0.179343 -0.166842 18.6995 
0 6 5 1 -0.0967063 -0.169515 20.0879 
0 2 2.5 1 0.0304117 -0.285939 22.5531 
0 4 2.5 1 -0.0342603 -0.291215 21.1647 
0 4 5 1 -0.0247547 -0.171842 21.4763 
0 2 5 1 0.0384587 -0.173887 22.8647 
0.5 0.5 -0.5 1 0.0815268 -0.420416 22.8661 
0.5 0.5 6 1 0.0999828 -0.134464 23.6762 
10.5 0.5 -0.5 1 0.564679 -0.587634 15.7771 
10.5 0.5 6 1 0.567424 -0.171305 16.5872 
10.5 10.5 -0.5 1 0.209851 -0.887885 8.83499 
10.5 10.5 6 1 0.244376 -0.146684 9.64517 
0.5 10.5 -0.5 1 -0.32597 -0.514103 15.924 
0.5 10.5 6 1 -0.280129 -0.104989 16.7342 
0.5 5.5 9.5 1 -0.0430879 0.0480527 20.6415 
10.5 5.5 9.5 1 0.454189 0.0984321 13.5525 
0.5 6.5 -0.5 1 -0.126667 -0.468281 18.7008 
0.5 8.5 -0.5 1 -0.218326 -0.489355 17.3124 
0.5 8.5 4.5 1 -0.189166 -0.196593 17.9356 
0.5 6.5 4.5 1 -0.102558 -0.197234 19.324 
0.5 2.5 2 1 0.0296787 -0.314603 21.7893 
0.5 4.5 2 1 -0.0374647 -0.322027 20.4008 
0.5 4.5 4.5 1 -0.0275603 -0.197789 20.7125 
0.5 2.5 4.5 1 0.0380142 -0.198274 22.1009 
