0 0 0 1 0.2658 -0.269031 16.7569 
0 0 6.5 1 0.310427 0.11947 16.3008 
10 0 0 1 -0.368796 -0.286061 13.476 
10 0 6.5 1 -0.335155 0.199741 13.0199 
10 10 0 1 -0.35737 -0.126119 22.8964 
10 10 6.5 1 -0.337619 0.158995 22.4403 
0 10 0 1 0.047422 -0.135264 26.1773 
0 10 6.5 1 0.0718319 0.113321 25.7211 
0 5 10 1 0.18205 0.284473 20.7653 
10 5 10 1 -0.322775 0.375208 17.4845 
0 6 0 1 0.112741 -0.175275 22.4091 
0 8 0 1 0.0775483 -0.153718 24.2932 
0 8 5 1 0.0981617 0.0514376 23.9423 
0 6 5 1 0.135674 0.0470608 22.0582 
0 2 2.5 1 0.219036 -0.0991984 18.4655 
0 4 2.5 1 0.167182 -0.0805074 20.3496 
0 4 5 1 0.180194 0.0418665 20.1742 
0 2 5 1 0.233885 0.035602 18.2901 
0.5 0.5 -0.5 1 0.220804 -0.287952 17.0989 
0.5 0.5 6 1 0.263281 0.0920453 16.6428 
10.5 0.5 -0.5 1 -0.408766 -0.309054 13.8181 
10.5 0.5 6 1 -0.37735 0.163527 13.362 
10.5 10.5 -0.5 1 -0.381305 -0.142145 23.2385 
10.5 10.5 6 1 -0.36233 0.138367 22.7823 
0.5 10.5 -0.5 1 0.0212268 -0.149189 26.5193 
0.5 10.5 6 1 0.0448579 0.0958892 26.0632 
0.5 5.5 9.5 1 0.146956 0.260175 21.1074 
10.5 5.5 9.5 1 -0.35464 0.344697 17.8266 
0.5 6.5 -0.5 1 0.0812248 -0.190905 22.7512 
0.5 8.5 -0.5 1 0.0489315 -0.168452 24.6352 
0.5 8.5 4.5 1 0.0688411 0.0336008 24.2844 
0.5 6.5 4.5 1 0.103315 0.0277906 22.4003 
0.5 2.5 2 1 0.178979 -0.11949 18.8076 
0.5 4.5 2 1 0.13163 -0.09926 20.6917 
0.5 4.5 4.5 1 0.14412 0.0209132 20.5162 
0.5 2.5 4.5 1 0.193178 0.012645 18.6322 
