0 0 0 1 -0.127714 -0.0330994 26.3262 
0 0 6.5 1 -0.128785 0.219578 25.0635 
10 0 0 1 0.26243 -0.055801 24.7916 
10 0 6.5 1 0.282226 0.212137 23.5289 
10 10 0 1 0.324549 -0.216429 15.1029 
10 10 6.5 1 0.363869 0.224422 13.8402 
0 10 0 1 -0.298523 -0.165692 16.6375 
0 10 6.5 1 -0.314298 0.235325 15.3747 
0 5 10 1 -0.20255 0.40909 19.5392 
10 5 10 1 0.328283 0.415519 18.0046 
0 6 0 1 -0.210837 -0.0976246 20.5129 
0 8 0 1 -0.250106 -0.128108 18.5752 
0 8 5 1 -0.258033 0.143379 17.6039 
0 6 5 1 -0.216026 0.148457 19.5416 
0 2 2.5 1 -0.151924 0.050345 23.9028 
0 4 2.5 1 -0.179936 0.0376199 21.965 
0 4 5 1 -0.181598 0.152619 21.4794 
0 2 5 1 -0.152867 0.156092 23.4171 
0.5 0.5 -0.5 1 -0.114428 -0.0572889 25.8621 
0.5 0.5 6 1 -0.114838 0.198913 24.5994 
10.5 0.5 -0.5 1 0.283996 -0.0819493 24.3276 
10.5 0.5 6 1 0.30537 0.189948 23.0649 
10.5 10.5 -0.5 1 0.362356 -0.264975 14.6389 
10.5 10.5 6 1 0.40661 0.186587 13.3762 
0.5 10.5 -0.5 1 -0.282179 -0.208176 16.1734 
0.5 10.5 6 1 -0.297062 0.201723 14.9107 
0.5 5.5 9.5 1 -0.186358 0.38705 19.0752 
10.5 5.5 9.5 1 0.359935 0.391721 17.5406 
0.5 6.5 -0.5 1 -0.195623 -0.130321 20.0489 
0.5 8.5 -0.5 1 -0.234271 -0.165084 18.1112 
0.5 8.5 4.5 1 -0.241515 0.111658 17.1399 
0.5 6.5 4.5 1 -0.200164 0.120081 19.0776 
0.5 2.5 2 1 -0.137744 0.0253065 23.4387 
0.5 4.5 2 1 -0.165083 0.0100503 21.501 
0.5 4.5 4.5 1 -0.166438 0.126951 21.0153 
0.5 2.5 4.5 1 -0.138407 0.132661 22.9531 
