0 0 0 1 0.199761 -0.390991 21.5615 
0 0 6.5 1 0.186527 -0.0901293 22.8496 
10 0 0 1 0.688678 -0.517027 12.8281 
10 0 6.5 1 0.622641 -0.0185296 14.1163 
10 10 0 1 -0.00975802 -0.691769 8.37827 
10 10 6.5 1 -0.0131199 0.0594937 9.66643 
0 10 0 1 -0.269352 -0.443773 17.1116 
0 10 6.5 1 -0.252945 -0.0664551 18.3998 
0 5 10 1 -0.0103332 0.0839374 21.3183 
10 5 10 1 0.342234 0.285043 12.585 
0 6 0 1 -0.0551873 -0.419676 18.8916 
0 8 0 1 -0.156976 -0.431129 18.0016 
0 8 5 1 -0.150611 -0.150602 18.9925 
0 6 5 1 -0.0541805 -0.152277 19.8825 
0 2 2.5 1 0.118419 -0.27461 21.1669 
0 4 2.5 1 0.0356727 -0.27841 20.277 
0 4 5 1 0.0339874 -0.153808 20.7724 
0 2 5 1 0.114911 -0.155214 21.6624 
0.5 0.5 -0.5 1 0.19666 -0.422467 20.8032 
0.5 0.5 6 1 0.183153 -0.109444 22.0914 
10.5 0.5 -0.5 1 0.714048 -0.579197 12.0699 
10.5 0.5 6 1 0.641816 -0.0464076 13.358 
10.5 10.5 -0.5 1 -0.0390726 -0.807632 7.62002 
10.5 10.5 6 1 -0.0384816 0.0243312 8.90818 
0.5 10.5 -0.5 1 -0.295048 -0.486262 16.3534 
0.5 10.5 6 1 -0.276059 -0.089624 17.6415 
0.5 5.5 9.5 1 -0.021219 0.0696038 20.5601 
10.5 5.5 9.5 1 0.345914 0.273018 11.8267 
0.5 6.5 -0.5 1 -0.0694055 -0.456987 18.1333 
0.5 8.5 -0.5 1 -0.176404 -0.470869 17.2433 
0.5 8.5 4.5 1 -0.168719 -0.176517 18.2342 
0.5 6.5 4.5 1 -0.0676221 -0.177052 19.1242 
0.5 2.5 2 1 0.112236 -0.302371 20.4087 
0.5 4.5 2 1 0.0259933 -0.307585 19.5187 
0.5 4.5 4.5 1 0.0244838 -0.17754 20.0142 
0.5 2.5 4.5 1 0.108747 -0.177986 20.9041 
