0 0 0 1 0.0884573 -0.400642 23.4367 
0 0 6.5 1 0.104789 -0.122016 24.3121 
10 0 0 1 0.55339 -0.549849 16.2134 
10 0 6.5 1 0.552808 -0.145806 17.0889 
10 10 0 1 0.187734 -0.790898 9.43032 
10 10 6.5 1 0.217829 -0.100444 10.3058 
0 10 0 1 -0.30797 -0.476367 16.6536 
0 10 6.5 1 -0.26552 -0.0861399 17.529 
0 5 10 1 -0.0372952 0.0570534 21.392 
10 5 10 1 0.430624 0.11965 14.1687 
0 6 0 1 -0.116076 -0.439712 19.3668 
0 8 0 1 -0.204796 -0.456659 18.0102 
0 8 5 1 -0.177878 -0.175745 18.6836 
0 6 5 1 -0.0939619 -0.178383 20.0402 
0 2 2.5 1 0.0363682 -0.295669 22.4168 
0 4 2.5 1 -0.0296832 -0.300883 21.0602 
0 4 5 1 -0.0206866 -0.180688 21.3969 
0 2 5 1 0.0438509 -0.182717 22.7535 
0.5 0.5 -0.5 1 0.0891749 -0.431746 22.669 
0.5 0.5 6 1 0.106013 -0.142878 23.5445 
10.5 0.5 -0.5 1 0.57755 -0.602914 15.4458 
10.5 0.5 6 1 0.575645 -0.177021 16.3212 
10.5 10.5 -0.5 1 0.198409 -0.906876 8.66266 
10.5 10.5 6 1 0.229947 -0.150206 9.5381 
0.5 10.5 -0.5 1 -0.326103 -0.524411 15.8859 
0.5 10.5 6 1 -0.280761 -0.113802 16.7614 
0.5 5.5 9.5 1 -0.0411872 0.039902 20.6243 
10.5 5.5 9.5 1 0.451438 0.0968396 13.401 
0.5 6.5 -0.5 1 -0.123643 -0.479234 18.5992 
0.5 8.5 -0.5 1 -0.216908 -0.500045 17.2426 
0.5 8.5 4.5 1 -0.188382 -0.205464 17.916 
0.5 6.5 4.5 1 -0.100384 -0.206116 19.2726 
0.5 2.5 2 1 0.0352726 -0.324515 21.6491 
0.5 4.5 2 1 -0.0333508 -0.331855 20.2925 
0.5 4.5 4.5 1 -0.0239596 -0.206682 20.6292 
0.5 2.5 4.5 1 0.0430333 -0.207178 21.9858 
