0 0 0 1 -0.719187 -0.596494 12.7652 
0 0 6.5 1 -0.637335 -0.0875926 13.7988 
10 0 0 1 -0.219559 -0.4314 21.5619 
10 0 6.5 1 -0.192428 -0.128173 22.5955 
10 10 0 1 0.246096 -0.533805 17.0797 
10 10 6.5 1 0.253368 -0.1497 18.1133 
0 10 0 1 -0.029359 -0.896989 8.28303 
0 10 6.5 1 0.0153396 -0.109923 9.31665 
0 5 10 1 -0.339918 0.192567 12.1143 
10 5 10 1 0.0157126 0.0308622 20.911 
0 6 0 1 -0.378937 -0.74471 10.0759 
0 8 0 1 -0.221217 -0.813414 9.17945 
0 8 5 1 -0.173808 -0.254574 9.97455 
0 6 5 1 -0.323902 -0.236977 10.871 
0 2 2.5 1 -0.590608 -0.416891 12.2663 
0 4 2.5 1 -0.479962 -0.446514 11.3699 
0 4 5 1 -0.451128 -0.222061 11.7674 
0 2 5 1 -0.560342 -0.209257 12.6638 
0.5 0.5 -0.5 1 -0.662026 -0.634213 12.9014 
0.5 0.5 6 1 -0.585214 -0.127489 13.935 
10.5 0.5 -0.5 1 -0.188709 -0.454864 21.6981 
10.5 0.5 6 1 -0.163143 -0.152387 22.7317 
10.5 10.5 -0.5 1 0.281294 -0.562567 17.2159 
10.5 10.5 6 1 0.286519 -0.179701 18.2496 
0.5 10.5 -0.5 1 0.0470718 -0.949928 8.41924 
0.5 10.5 6 1 0.0827689 -0.168415 9.45287 
0.5 5.5 9.5 1 -0.283938 0.144069 12.2505 
10.5 5.5 9.5 1 0.0459945 0.00368081 21.0472 
0.5 6.5 -0.5 1 -0.311262 -0.790385 10.2121 
0.5 8.5 -0.5 1 -0.149336 -0.86248 9.31567 
0.5 8.5 4.5 1 -0.108218 -0.307311 10.1108 
0.5 6.5 4.5 1 -0.261796 -0.285637 11.0072 
0.5 2.5 2 1 -0.53256 -0.458101 12.4025 
0.5 4.5 2 1 -0.418701 -0.490583 11.5061 
0.5 4.5 4.5 1 -0.392243 -0.267227 11.9036 
0.5 2.5 4.5 1 -0.504419 -0.251396 12.8 
