0 0 0 1 -0.146521 -0.292182 9.99224 
0 0 6.5 1 -0.173406 0.396523 8.70411 
10 0 0 1 -0.247605 -0.0556646 19.2487 
10 0 6.5 1 -0.267884 0.295061 17.9605 
10 10 0 1 0.207937 -0.0156917 22.4722 
10 10 6.5 1 0.218443 0.284095 21.1841 
0 10 0 1 0.603429 -0.166521 13.2158 
0 10 6.5 1 0.664801 0.349626 11.9277 
0 5 10 1 0.331076 0.752556 9.62227 
10 5 10 1 -0.00615955 0.481462 18.8787 
0 6 0 1 0.352098 -0.208634 11.9264 
0 8 0 1 0.484208 -0.186498 12.5711 
0 8 5 1 0.522632 0.220742 11.5802 
0 6 5 1 0.380816 0.220609 10.9355 
0 2 2.5 1 0.0400618 -0.0320884 10.1415 
0 4 2.5 1 0.212684 -0.0168415 10.7862 
0 4 5 1 0.221231 0.220459 10.2908 
0 2 5 1 0.0403141 0.22029 9.64608 
0.5 0.5 -0.5 1 -0.107672 -0.306223 10.7153 
0.5 0.5 6 1 -0.127187 0.327738 9.42719 
10.5 0.5 -0.5 1 -0.223102 -0.0717611 19.9718 
10.5 0.5 6 1 -0.240907 0.264281 18.6836 
10.5 10.5 -0.5 1 0.214834 -0.0307972 23.1953 
10.5 10.5 6 1 0.225399 0.258207 21.9072 
0.5 10.5 -0.5 1 0.594389 -0.183833 13.9389 
0.5 10.5 6 1 0.651333 0.301049 12.6507 
0.5 5.5 9.5 1 0.337932 0.664991 10.3454 
10.5 5.5 9.5 1 0.00989921 0.445248 19.6018 
0.5 6.5 -0.5 1 0.356503 -0.225304 12.6494 
0.5 8.5 -0.5 1 0.481215 -0.203563 13.2942 
0.5 8.5 4.5 1 0.517139 0.178368 12.3033 
0.5 6.5 4.5 1 0.383815 0.1759 11.6586 
0.5 2.5 2 1 0.0659586 -0.0632467 10.8646 
0.5 4.5 2 1 0.226285 -0.0472123 11.5093 
0.5 4.5 4.5 1 0.234883 0.173143 11.0139 
0.5 2.5 4.5 1 0.0674306 0.170043 10.3692 
