0 0 0 1 -0.330585 -0.397305 10.3428 
0 0 6.5 1 -0.341198 0.248279 9.18539 
10 0 0 1 -0.249787 -0.113792 20.0452 
10 0 6.5 1 -0.249997 0.217537 18.8878 
10 10 0 1 0.223937 -0.111769 21.6863 
10 10 6.5 1 0.250452 0.193187 20.5289 
0 10 0 1 0.53774 -0.354818 11.9839 
0 10 6.5 1 0.621562 0.197447 10.8265 
0 5 10 1 0.207955 0.602142 9.38274 
10 5 10 1 0.0190377 0.391824 19.0851 
0 6 0 1 0.220603 -0.370335 11.3274 
0 8 0 1 0.383637 -0.362358 11.6557 
0 8 5 1 0.435737 0.0642503 10.7654 
0 6 5 1 0.260435 0.0690086 10.4372 
0 2 2.5 1 -0.13073 -0.164309 10.2258 
0 4 2.5 1 0.0602473 -0.161907 10.5541 
0 4 5 1 0.0737486 0.0740759 10.1089 
0 2 5 1 -0.125467 0.0794833 9.7807 
0.5 0.5 -0.5 1 -0.275236 -0.410627 10.999 
0.5 0.5 6 1 -0.278633 0.190344 9.84159 
10.5 0.5 -0.5 1 -0.22294 -0.129858 20.7014 
10.5 0.5 6 1 -0.221554 0.189395 19.544 
10.5 10.5 -0.5 1 0.234898 -0.126714 22.3425 
10.5 10.5 6 1 0.26119 0.16798 21.1851 
0.5 10.5 -0.5 1 0.540824 -0.368617 12.6401 
0.5 10.5 6 1 0.620166 0.150697 11.4827 
0.5 5.5 9.5 1 0.233394 0.522216 10.0389 
10.5 5.5 9.5 1 0.0382538 0.35817 19.7413 
0.5 6.5 -0.5 1 0.241221 -0.38404 11.9837 
0.5 8.5 -0.5 1 0.395016 -0.376123 12.3119 
0.5 8.5 4.5 1 0.44501 0.0249026 11.4216 
0.5 6.5 4.5 1 0.280352 0.0282152 11.0934 
0.5 2.5 2 1 -0.0868382 -0.191825 10.8821 
0.5 4.5 2 1 0.0916746 -0.188758 11.2103 
0.5 4.5 4.5 1 0.105652 0.0317299 10.7651 
0.5 2.5 4.5 1 -0.0800346 0.0354656 10.4369 
