0 0 0 1 -0.475455 -0.442201 18.4614 
0 0 6.5 1 -0.478072 -0.0900088 19.3449 
10 0 0 1 -0.0292029 -0.344099 24.3683 
10 0 6.5 1 -0.0468214 -0.0777235 25.2518 
10 10 0 1 0.314043 -0.417979 16.4146 
10 10 6.5 1 0.270792 -0.0253515 17.2982 
0 10 0 1 -0.277038 -0.63187 10.5077 
0 10 6.5 1 -0.296872 -0.0190573 11.3913 
0 5 10 1 -0.414575 0.15647 15.8439 
10 5 10 1 0.0688474 0.103796 21.7508 
0 6 0 1 -0.384073 -0.529554 13.6892 
0 8 0 1 -0.337592 -0.573986 12.0985 
0 8 5 1 -0.347972 -0.156832 12.7781 
0 6 5 1 -0.391105 -0.160684 14.3689 
0 2 2.5 1 -0.452358 -0.313103 17.2105 
0 4 2.5 1 -0.42331 -0.325475 15.6198 
0 4 5 1 -0.42564 -0.163768 15.9596 
0 2 5 1 -0.453914 -0.166293 17.5503 
0.5 0.5 -0.5 1 -0.439817 -0.469767 18.2911 
0.5 0.5 6 1 -0.444099 -0.113176 19.1746 
10.5 0.5 -0.5 1 0.000876356 -0.364245 24.198 
10.5 0.5 6 1 -0.0179213 -0.0953515 25.0815 
10.5 10.5 -0.5 1 0.362448 -0.448764 16.2443 
10.5 10.5 6 1 0.31627 -0.0506446 17.1279 
0.5 10.5 -0.5 1 -0.210711 -0.68377 10.3374 
0.5 10.5 6 1 -0.236069 -0.0575697 11.221 
0.5 5.5 9.5 1 -0.372324 0.130806 15.6735 
10.5 5.5 9.5 1 0.103349 0.0847407 21.5804 
0.5 6.5 -0.5 1 -0.334703 -0.567951 13.5189 
0.5 8.5 -0.5 1 -0.280975 -0.618138 11.9282 
0.5 8.5 4.5 1 -0.294547 -0.192969 12.6078 
0.5 6.5 4.5 1 -0.344183 -0.192818 14.1985 
0.5 2.5 2 1 -0.413873 -0.341402 17.0402 
0.5 4.5 2 1 -0.380542 -0.356824 15.4495 
0.5 4.5 4.5 1 -0.383818 -0.192698 15.7893 
0.5 2.5 4.5 1 -0.416197 -0.1926 17.38 
