0 0 0 1 0.292464 -0.292744 18.6509 
0 0 6.5 1 0.253577 0.0512399 19.2547 
10 0 0 1 0.370699 -0.531729 8.91167 
10 0 6.5 1 0.287046 0.179492 9.51552 
10 10 0 1 -0.584847 -0.527764 10.9816 
10 10 6.5 1 -0.60375 0.0561761 11.5855 
0 10 0 1 -0.206141 -0.314517 20.7209 
0 10 6.5 1 -0.227135 -0.00330689 21.3247 
0 5 10 1 -0.0139996 0.190603 20.6149 
10 5 10 1 -0.224332 0.427617 10.8757 
0 6 0 1 -0.0191511 -0.306352 19.8929 
0 8 0 1 -0.114552 -0.310518 20.3069 
0 8 5 1 -0.133179 -0.0648373 20.7714 
0 6 5 1 -0.0403339 -0.0557701 20.3574 
0 2 2.5 1 0.170462 -0.165409 19.2971 
0 4 2.5 1 0.0681948 -0.172661 19.7111 
0 4 5 1 0.0563663 -0.0463265 19.9434 
0 2 5 1 0.157166 -0.0364825 19.5294 
0.5 0.5 -0.5 1 0.269188 -0.327788 18.221 
0.5 0.5 6 1 0.230159 0.025176 18.8248 
10.5 0.5 -0.5 1 0.324661 -0.619125 8.48176 
10.5 0.5 6 1 0.240109 0.131557 9.08561 
10.5 10.5 -0.5 1 -0.660786 -0.597854 10.5517 
10.5 10.5 6 1 -0.676307 0.012384 11.1556 
0.5 10.5 -0.5 1 -0.237607 -0.346447 20.2909 
0.5 10.5 6 1 -0.258123 -0.0279111 20.8948 
0.5 5.5 9.5 1 -0.0415385 0.169264 20.185 
10.5 5.5 9.5 1 -0.286204 0.396136 10.4457 
0.5 6.5 -0.5 1 -0.0478254 -0.33946 19.463 
0.5 8.5 -0.5 1 -0.144693 -0.343026 19.877 
0.5 8.5 4.5 1 -0.163025 -0.0914112 20.3414 
0.5 6.5 4.5 1 -0.0687968 -0.0827005 19.9275 
0.5 2.5 2 1 0.145203 -0.196351 18.8672 
0.5 4.5 2 1 0.0411978 -0.203101 19.2812 
0.5 4.5 4.5 1 0.0294301 -0.0736202 19.5135 
0.5 2.5 4.5 1 0.131915 -0.0641462 19.0995 
