0 0 0 1 -0.671404 -0.378354 11.6044 
0 0 6.5 1 -0.600245 0.173478 11.9361 
10 0 0 1 -0.247646 -0.241447 21.2511 
10 0 6.5 1 -0.214804 0.0616332 21.5827 
10 10 0 1 0.233799 -0.317794 18.6663 
10 10 6.5 1 0.262704 0.0278549 18.998 
0 10 0 1 0.20352 -0.57559 9.01959 
0 10 6.5 1 0.263316 0.13577 9.35127 
0 5 10 1 -0.186068 0.475802 10.8223 
10 5 10 1 0.0251513 0.21539 20.4689 
0 6 0 1 -0.200437 -0.484525 10.0535 
0 8 0 1 -0.00940737 -0.527589 9.53655 
0 8 5 1 0.0400689 -0.00625236 9.79169 
0 6 5 1 -0.148714 0.00960207 10.3086 
0 2 2.5 1 -0.501545 -0.18419 11.215 
0 4 2.5 1 -0.345806 -0.208065 10.698 
0 4 5 1 -0.319466 0.0239423 10.8256 
0 2 5 1 -0.474654 0.0369754 11.3426 
0.5 0.5 -0.5 1 -0.606075 -0.41608 11.932 
0.5 0.5 6 1 -0.538584 0.122032 12.2636 
10.5 0.5 -0.5 1 -0.217955 -0.264386 21.5786 
10.5 0.5 6 1 -0.186054 0.03451 21.9103 
10.5 10.5 -0.5 1 0.259227 -0.342538 18.9939 
10.5 10.5 6 1 0.287205 -0.00232349 19.3255 
0.5 10.5 -0.5 1 0.256252 -0.616837 9.34718 
0.5 10.5 6 1 0.312217 0.0718611 9.67885 
0.5 5.5 9.5 1 -0.130415 0.410334 11.1498 
10.5 5.5 9.5 1 0.0516618 0.184393 20.7965 
0.5 6.5 -0.5 1 -0.14021 -0.524537 10.3811 
0.5 8.5 -0.5 1 0.0476322 -0.568268 9.86413 
0.5 8.5 4.5 1 0.0940687 -0.0627823 10.1193 
0.5 6.5 4.5 1 -0.0915243 -0.0446686 10.6362 
0.5 2.5 2 1 -0.438833 -0.228699 11.5426 
0.5 4.5 2 1 -0.284781 -0.253952 11.0256 
0.5 4.5 4.5 1 -0.259913 -0.0282341 11.1532 
0.5 2.5 4.5 1 -0.413383 -0.0132556 11.6701 
