0 0 0 1 0.403178 -0.523767 11.6892 
0 0 6.5 1 0.344419 0.0208684 12.8419 
10 0 0 1 -0.279166 -0.462459 15.6919 
10 0 6.5 1 -0.277271 -0.0514382 16.8446 
10 10 0 1 -0.00989562 -0.352107 24.6827 
10 10 6.5 1 -0.0206735 -0.0890456 25.8353 
0 10 0 1 0.427913 -0.365402 20.68 
0 10 6.5 1 0.392045 -0.05341 21.8326 
0 5 10 1 0.352775 0.166609 17.9579 
10 5 10 1 -0.125606 0.0845834 21.9606 
0 6 0 1 0.421144 -0.408745 17.0837 
0 8 0 1 0.424851 -0.38501 18.8818 
0 8 5 1 0.394516 -0.119077 19.7685 
0 6 5 1 0.387957 -0.115032 17.9703 
0 2 2.5 1 0.389689 -0.283646 13.9307 
0 4 2.5 1 0.397735 -0.269454 15.7288 
0 4 5 1 0.379938 -0.110087 16.1722 
0 2 5 1 0.369914 -0.103905 14.374 
0.5 0.5 -0.5 1 0.366302 -0.550392 12.2502 
0.5 0.5 6 1 0.313173 -0.0262635 13.4029 
10.5 0.5 -0.5 1 -0.283408 -0.484643 16.2529 
10.5 0.5 6 1 -0.281293 -0.0854008 17.4056 
10.5 10.5 -0.5 1 -0.0186109 -0.368842 25.2437 
10.5 10.5 6 1 -0.0287792 -0.110641 26.3963 
0.5 10.5 -0.5 1 0.405992 -0.38494 21.241 
0.5 10.5 6 1 0.372151 -0.0797582 22.3936 
0.5 5.5 9.5 1 0.329908 0.128083 18.5189 
10.5 5.5 9.5 1 -0.132492 0.0549476 22.5216 
0.5 6.5 -0.5 1 0.39497 -0.430887 17.6447 
0.5 8.5 -0.5 1 0.400991 -0.405789 19.4428 
0.5 8.5 4.5 1 0.372534 -0.146289 20.3295 
0.5 6.5 4.5 1 0.36404 -0.145006 18.5313 
0.5 2.5 2 1 0.359038 -0.315448 14.4917 
0.5 4.5 2 1 0.370191 -0.298235 16.2898 
0.5 4.5 4.5 1 0.353721 -0.143448 16.7332 
0.5 2.5 4.5 1 0.340916 -0.141515 14.935 
