0 0 0 1 0.2768 -0.247958 20.0846 
0 0 6.5 1 0.243515 0.0737168 20.1712 
10 0 0 1 0.57045 -0.478477 10.0877 
10 0 6.5 1 0.501962 0.161225 10.1743 
10 10 0 1 -0.424548 -0.589156 9.87831 
10 10 6.5 1 -0.485829 0.0649509 9.96491 
0 10 0 1 -0.220824 -0.300538 19.8752 
0 10 6.5 1 -0.252299 0.0247387 19.9618 
0 5 10 1 -0.0204238 0.222376 20.1132 
10 5 10 1 -0.0213195 0.457292 10.1162 
0 6 0 1 -0.0205215 -0.279374 19.959 
0 8 0 1 -0.120462 -0.289934 19.9171 
0 8 5 1 -0.144982 -0.0400301 19.9837 
0 6 5 1 -0.0453222 -0.0300278 20.0256 
0 2 2.5 1 0.165408 -0.134061 20.0761 
0 4 2.5 1 0.0664402 -0.144256 20.0342 
0 4 5 1 0.0539213 -0.0200672 20.0675 
0 2 5 1 0.152752 -0.0101482 20.1094 
0.5 0.5 -0.5 1 0.261736 -0.282077 19.5677 
0.5 0.5 6 1 0.227642 0.0482086 19.6543 
10.5 0.5 -0.5 1 0.555514 -0.560687 9.57074 
10.5 0.5 6 1 0.483493 0.113997 9.65734 
10.5 10.5 -0.5 1 -0.494767 -0.679318 9.36134 
10.5 10.5 6 1 -0.558757 0.0114073 9.44794 
0.5 10.5 -0.5 1 -0.24934 -0.336431 19.3583 
0.5 10.5 6 1 -0.281525 -0.00234638 19.4449 
0.5 5.5 9.5 1 -0.0433068 0.200714 19.5962 
10.5 5.5 9.5 1 -0.0680816 0.425722 9.59927 
0.5 6.5 -0.5 1 -0.0435885 -0.314549 19.442 
0.5 8.5 -0.5 1 -0.146242 -0.325467 19.4001 
0.5 8.5 4.5 1 -0.171325 -0.0688048 19.4668 
0.5 6.5 4.5 1 -0.0689677 -0.0584757 19.5086 
0.5 2.5 2 1 0.147394 -0.165185 19.5591 
0.5 4.5 2 1 0.0457655 -0.175717 19.5172 
0.5 4.5 4.5 1 0.0329508 -0.0481908 19.5505 
0.5 2.5 4.5 1 0.134434 -0.0379499 19.5924 
