0 0 0 1 -0.226594 -0.0134053 25.022 
0 0 6.5 1 -0.250558 0.253518 23.9001 
10 0 0 1 0.166438 0.0111477 25.7434 
10 0 6.5 1 0.161085 0.271369 24.6214 
10 10 0 1 0.320465 -0.0876787 15.9199 
10 10 6.5 1 0.323237 0.337795 14.798 
0 10 0 1 -0.31929 -0.132792 15.1985 
0 10 6.5 1 -0.367365 0.31089 14.0766 
0 5 10 1 -0.312839 0.471104 18.3842 
10 5 10 1 0.219998 0.485894 19.1056 
0 6 0 1 -0.270786 -0.0703222 19.1279 
0 8 0 1 -0.292262 -0.0979816 17.1632 
0 8 5 1 -0.322767 0.198598 16.3002 
0 6 5 1 -0.296995 0.195662 18.2649 
0 2 2.5 1 -0.248784 0.0790001 22.6258 
0 4 2.5 1 -0.264531 0.0702227 20.6611 
0 4 5 1 -0.276229 0.193296 20.2296 
0 2 5 1 -0.25914 0.19135 22.1943 
0.5 0.5 -0.5 1 -0.207144 -0.0357087 24.6532 
0.5 0.5 6 1 -0.230556 0.234334 23.5313 
10.5 0.5 -0.5 1 0.191048 -0.0101648 25.3746 
10.5 0.5 6 1 0.186752 0.253028 24.2526 
10.5 10.5 -0.5 1 0.364274 -0.124798 15.5511 
10.5 10.5 6 1 0.370523 0.308665 14.4292 
0.5 10.5 -0.5 1 -0.289261 -0.172839 14.8297 
0.5 10.5 6 1 -0.336171 0.279503 13.7078 
0.5 5.5 9.5 1 -0.287988 0.450502 18.0154 
10.5 5.5 9.5 1 0.254381 0.466375 18.7368 
0.5 6.5 -0.5 1 -0.246094 -0.100752 18.7591 
0.5 8.5 -0.5 1 -0.265152 -0.132579 16.7944 
0.5 8.5 4.5 1 -0.294895 0.168992 15.9314 
0.5 6.5 4.5 1 -0.271652 0.169246 17.8961 
0.5 2.5 2 1 -0.227607 0.0558267 22.257 
0.5 4.5 2 1 -0.24159 0.0446461 20.2923 
0.5 4.5 4.5 1 -0.253007 0.16945 19.8608 
0.5 2.5 4.5 1 -0.23772 0.169617 21.8255 
