0 0 0 1 0.396021 -0.485926 11.3701 
0 0 6.5 1 0.330195 0.0721299 12.3292 
10 0 0 1 -0.259863 -0.422862 16.1348 
10 0 6.5 1 -0.270543 -0.0238935 17.0938 
10 10 0 1 0.0282433 -0.314057 24.802 
10 10 6.5 1 0.0104306 -0.0533715 25.7611 
0 10 0 1 0.46893 -0.32397 20.0374 
0 10 6.5 1 0.426946 -0.00367555 20.9964 
0 5 10 1 0.36586 0.224687 17.1792 
10 5 10 1 -0.109847 0.116762 21.9438 
0 6 0 1 0.448919 -0.368422 16.5705 
0 8 0 1 0.459872 -0.344091 18.3039 
0 8 5 1 0.424612 -0.0716383 19.0417 
0 6 5 1 0.410595 -0.0676452 17.3082 
0 2 2.5 1 0.394539 -0.241328 13.4724 
0 4 2.5 1 0.413923 -0.226529 15.2059 
0 4 5 1 0.393457 -0.0627632 15.5748 
0 2 5 1 0.372027 -0.0566584 13.8413 
0.5 0.5 -0.5 1 0.363129 -0.51234 11.968 
0.5 0.5 6 1 0.302787 0.0218674 12.927 
10.5 0.5 -0.5 1 -0.259955 -0.444008 16.7326 
10.5 0.5 6 1 -0.27027 -0.0573747 17.6916 
10.5 10.5 -0.5 1 0.0214013 -0.330548 25.3998 
10.5 10.5 6 1 0.00424156 -0.0751749 26.3589 
0.5 10.5 -0.5 1 0.447741 -0.343982 20.6352 
0.5 10.5 6 1 0.407861 -0.0316656 21.5942 
0.5 5.5 9.5 1 0.344731 0.183007 17.777 
10.5 5.5 9.5 1 -0.113894 0.0867544 22.5417 
0.5 6.5 -0.5 1 0.424148 -0.390927 17.1683 
0.5 8.5 -0.5 1 0.437026 -0.365302 18.9018 
0.5 8.5 4.5 1 0.403698 -0.100345 19.6395 
0.5 6.5 4.5 1 0.388124 -0.0992648 17.906 
0.5 2.5 2 1 0.366625 -0.274188 14.0703 
0.5 4.5 2 1 0.388337 -0.256345 15.8037 
0.5 4.5 4.5 1 0.369211 -0.0979524 16.1726 
0.5 2.5 4.5 1 0.345757 -0.096325 14.4391 
