0 0 0 1 0.156641 -0.409922 22.2113 
0 0 6.5 1 0.156319 -0.11627 23.4473 
10 0 0 1 0.645353 -0.547464 14.0341 
10 0 6.5 1 0.605302 -0.0854259 15.27 
10 10 0 1 0.0885866 -0.742756 8.60113 
10 10 6.5 1 0.0963684 -0.000999763 9.83707 
0 10 0 1 -0.287023 -0.465497 16.7784 
0 10 6.5 1 -0.257004 -0.0794695 18.0143 
0 5 10 1 -0.0178572 0.0633654 21.3963 
10 5 10 1 0.393043 0.210116 13.2191 
0 6 0 1 -0.0790326 -0.439443 18.9516 
0 8 0 1 -0.176703 -0.451678 17.865 
0 8 5 1 -0.160169 -0.168079 18.8157 
0 6 5 1 -0.0680668 -0.171912 19.9023 
0 2 2.5 1 0.0875811 -0.295954 21.6001 
0 4 2.5 1 0.0113467 -0.299009 20.5135 
0 4 5 1 0.0144989 -0.175349 20.9889 
0 2 5 1 0.0889365 -0.178447 22.0755 
0.5 0.5 -0.5 1 0.155303 -0.441308 21.4358 
0.5 0.5 6 1 0.155042 -0.135899 22.6717 
10.5 0.5 -0.5 1 0.671778 -0.606253 13.2585 
10.5 0.5 6 1 0.627331 -0.114479 14.4944 
10.5 10.5 -0.5 1 0.0781761 -0.861715 7.82554 
10.5 10.5 6 1 0.0880439 -0.0402457 9.06148 
0.5 10.5 -0.5 1 -0.310318 -0.510232 16.0028 
0.5 10.5 6 1 -0.277278 -0.103629 17.2387 
0.5 5.5 9.5 1 -0.0258115 0.0485403 20.6207 
10.5 5.5 9.5 1 0.405472 0.194696 12.4435 
0.5 6.5 -0.5 1 -0.0906672 -0.477718 18.176 
0.5 8.5 -0.5 1 -0.19351 -0.492941 17.0894 
0.5 8.5 4.5 1 -0.175379 -0.194975 18.0401 
0.5 6.5 4.5 1 -0.0786784 -0.197436 19.1267 
0.5 2.5 2 1 0.0836316 -0.324017 20.8245 
0.5 4.5 2 1 0.00418422 -0.328736 19.7379 
0.5 4.5 4.5 1 0.00762572 -0.199632 20.2133 
0.5 2.5 4.5 1 0.0851244 -0.201604 21.2999 
