0 0 0 1 0.355966 -0.667953 13.0094 
0 0 6.5 1 0.345235 -0.162312 14.1848 
10 0 0 1 -0.367977 -0.594139 14.3439 
10 0 6.5 1 -0.322956 -0.13757 15.5193 
10 10 0 1 -0.165937 -0.430453 24.0881 
10 10 6.5 1 -0.147681 -0.157598 25.2635 
0 10 0 1 0.259829 -0.463055 22.7536 
0 10 6.5 1 0.25819 -0.173382 23.929 
0 5 10 1 0.288524 0.0108541 19.6898 
10 5 10 1 -0.201109 0.0181257 21.0243 
0 6 0 1 0.28636 -0.519601 18.8559 
0 8 0 1 0.271852 -0.48868 20.8047 
0 8 5 1 0.269961 -0.242 21.7089 
0 6 5 1 0.28362 -0.247178 19.76 
0 2 2.5 1 0.323777 -0.428434 15.4103 
0 4 2.5 1 0.302189 -0.40161 17.3591 
0 4 5 1 0.300266 -0.253489 17.8112 
0 2 5 1 0.321004 -0.261351 15.8624 
0.5 0.5 -0.5 1 0.31018 -0.687672 13.4729 
0.5 0.5 6 1 0.303462 -0.196449 14.6483 
10.5 0.5 -0.5 1 -0.386975 -0.614392 14.8074 
10.5 0.5 6 1 -0.341863 -0.169574 15.9828 
10.5 10.5 -0.5 1 -0.181209 -0.445758 24.5516 
10.5 10.5 6 1 -0.162584 -0.17712 25.727 
0.5 10.5 -0.5 1 0.235178 -0.478589 23.2171 
0.5 10.5 6 1 0.234758 -0.193672 24.3925 
0.5 5.5 9.5 1 0.259466 -0.0179411 20.1533 
10.5 5.5 9.5 1 -0.2178 -0.009038 21.4878 
0.5 6.5 -0.5 1 0.2561 -0.536913 19.3194 
0.5 8.5 -0.5 1 0.244681 -0.505078 21.2683 
0.5 8.5 4.5 1 0.243938 -0.262887 22.1724 
0.5 6.5 4.5 1 0.254775 -0.269959 20.2236 
0.5 2.5 2 1 0.285856 -0.452165 15.8738 
0.5 4.5 2 1 0.268975 -0.423443 17.8227 
0.5 4.5 4.5 1 0.267924 -0.278539 18.2747 
0.5 2.5 4.5 1 0.284212 -0.289169 16.3259 
