0 0 0 1 -0.462985 -0.439964 18.7531 
0 0 6.5 1 -0.469137 -0.0930842 19.5719 
10 0 0 1 -0.0203713 -0.340688 24.4998 
10 0 6.5 1 -0.0394405 -0.0757514 25.3185 
10 10 0 1 0.316617 -0.418827 16.4134 
10 10 6.5 1 0.272588 -0.0258543 17.2322 
0 10 0 1 -0.279987 -0.635461 10.6667 
0 10 6.5 1 -0.303516 -0.0304247 11.4855 
0 5 10 1 -0.413469 0.148786 15.9696 
10 5 10 1 0.0727752 0.104989 21.7162 
0 6 0 1 -0.378734 -0.529969 13.9013 
0 8 0 1 -0.335861 -0.57577 12.284 
0 8 5 1 -0.349233 -0.164746 12.9138 
0 6 5 1 -0.38876 -0.166676 14.5311 
0 2 2.5 1 -0.443268 -0.314231 17.4507 
0 4 2.5 1 -0.416597 -0.327729 15.8335 
0 4 5 1 -0.420369 -0.168219 16.1484 
0 2 5 1 -0.446224 -0.169481 17.7656 
0.5 0.5 -0.5 1 -0.428039 -0.467148 18.5731 
0.5 0.5 6 1 -0.435724 -0.115901 19.3919 
10.5 0.5 -0.5 1 0.00959252 -0.360713 24.3198 
10.5 0.5 6 1 -0.0105891 -0.0932283 25.1386 
10.5 10.5 -0.5 1 0.365243 -0.449695 16.2334 
10.5 10.5 6 1 0.318414 -0.0510924 17.0522 
0.5 10.5 -0.5 1 -0.214953 -0.686961 10.4868 
0.5 10.5 6 1 -0.243567 -0.0685642 11.3055 
0.5 5.5 9.5 1 -0.371798 0.123521 15.7896 
10.5 5.5 9.5 1 0.10739 0.0860994 21.5362 
0.5 6.5 -0.5 1 -0.330326 -0.567946 13.7213 
0.5 8.5 -0.5 1 -0.280348 -0.619502 12.104 
0.5 8.5 4.5 1 -0.296655 -0.200506 12.7339 
0.5 6.5 4.5 1 -0.342602 -0.19843 14.3511 
0.5 2.5 2 1 -0.405481 -0.342155 17.2708 
0.5 4.5 2 1 -0.3746 -0.358693 15.6535 
0.5 4.5 4.5 1 -0.379243 -0.196774 15.9684 
0.5 2.5 4.5 1 -0.409144 -0.195423 17.5857 
