0 0 0 1 0.277618 -0.259498 20.0995 
0 0 6.5 1 0.243925 0.0618304 20.2293 
10 0 0 1 0.581088 -0.49335 10.1064 
10 0 6.5 1 0.510655 0.144639 10.2362 
10 10 0 1 -0.415989 -0.609927 9.79239 
10 10 6.5 1 -0.475611 0.0497796 9.92216 
0 10 0 1 -0.22068 -0.313483 19.7855 
0 10 6.5 1 -0.251657 0.0132638 19.9152 
0 5 10 1 -0.0191786 0.210477 20.1421 
10 5 10 1 -0.00921934 0.440359 10.1491 
0 6 0 1 -0.0194745 -0.291685 19.9111 
0 8 0 1 -0.119759 -0.302549 19.8483 
0 8 5 1 -0.144053 -0.0516744 19.9481 
0 6 5 1 -0.044193 -0.0416513 20.0109 
0 2 2.5 1 0.166402 -0.145667 20.0866 
0 4 2.5 1 0.0675796 -0.155979 20.0238 
0 4 5 1 0.0550426 -0.0316908 20.0737 
0 2 5 1 0.153659 -0.0217926 20.1365 
0.5 0.5 -0.5 1 0.262947 -0.293808 19.5742 
0.5 0.5 6 1 0.228453 0.0363132 19.7039 
10.5 0.5 -0.5 1 0.567754 -0.576268 9.58109 
10.5 0.5 6 1 0.493689 0.0973428 9.71087 
10.5 10.5 -0.5 1 -0.486298 -0.702264 9.26705 
10.5 10.5 6 1 -0.548281 -0.00440039 9.39682 
0.5 10.5 -0.5 1 -0.249182 -0.349825 19.2601 
0.5 10.5 6 1 -0.280808 -0.0139825 19.3899 
0.5 5.5 9.5 1 -0.0417661 0.188828 19.6168 
10.5 5.5 9.5 1 -0.0547174 0.408777 9.62372 
0.5 6.5 -0.5 1 -0.0423392 -0.327201 19.3857 
0.5 8.5 -0.5 1 -0.145424 -0.338476 19.3229 
0.5 8.5 4.5 1 -0.170244 -0.080631 19.4228 
0.5 6.5 4.5 1 -0.0676069 -0.0702443 19.4856 
0.5 2.5 2 1 0.148734 -0.176943 19.5613 
0.5 4.5 2 1 0.0471926 -0.187633 19.4985 
0.5 4.5 4.5 1 0.0343707 -0.0599244 19.5484 
0.5 2.5 4.5 1 0.135695 -0.0496705 19.6112 
