0 0 0 1 0.290913 -0.387437 18.7708 
0 0 6.5 1 0.256661 -0.0438475 19.824 
10 0 0 1 0.531248 -0.638246 8.92241 
10 0 6.5 1 0.437808 0.0710327 9.97556 
10 10 0 1 -0.546798 -0.668216 9.54189 
10 10 6.5 1 -0.527617 0.00257048 10.595 
0 10 0 1 -0.231912 -0.410198 19.3903 
0 10 6.5 1 -0.238192 -0.0758477 20.4434 
0 5 10 1 -0.00441362 0.108112 20.7008 
10 5 10 1 -0.0748244 0.351613 10.8524 
0 6 0 1 -0.0268424 -0.401271 19.1425 
0 8 0 1 -0.130036 -0.405763 19.2664 
0 8 5 1 -0.139067 -0.144049 20.0765 
0 6 5 1 -0.0401187 -0.138114 19.9526 
0 2 2.5 1 0.172326 -0.256272 19.2998 
0 4 2.5 1 0.0686971 -0.261653 19.4237 
0 4 5 1 0.0600658 -0.132104 19.8287 
0 2 5 1 0.16151 -0.126019 19.7048 
0.5 0.5 -0.5 1 0.271853 -0.42353 18.2284 
0.5 0.5 6 1 0.237678 -0.0683022 19.2815 
10.5 0.5 -0.5 1 0.505345 -0.73299 8.37996 
10.5 0.5 6 1 0.409424 0.0276531 9.4331 
10.5 10.5 -0.5 1 -0.635899 -0.758246 8.99944 
10.5 10.5 6 1 -0.606349 -0.0418303 10.0526 
0.5 10.5 -0.5 1 -0.265393 -0.44576 18.8478 
0.5 10.5 6 1 -0.270073 -0.100413 19.901 
0.5 5.5 9.5 1 -0.0295962 0.0888107 20.1583 
10.5 5.5 9.5 1 -0.127767 0.326685 10.3099 
0.5 6.5 -0.5 1 -0.0547889 -0.437045 18.6001 
0.5 8.5 -0.5 1 -0.160788 -0.441431 18.7239 
0.5 8.5 4.5 1 -0.168793 -0.17097 19.5341 
0.5 6.5 4.5 1 -0.0672698 -0.165041 19.4102 
0.5 2.5 2 1 0.150374 -0.287553 18.7573 
0.5 4.5 2 1 0.0439117 -0.292883 18.8812 
0.5 4.5 4.5 1 0.0355581 -0.159035 19.2863 
0.5 2.5 4.5 1 0.139716 -0.152952 19.1624 
