0 0 0 1 -0.568487 -0.460959 16.3559 
0 0 6.5 1 -0.540277 -0.0659361 17.5822 
10 0 0 1 -0.0968014 -0.37079 23.3723 
10 0 6.5 1 -0.100153 -0.0929371 24.5986 
10 10 0 1 0.293134 -0.431583 16.5013 
10 10 6.5 1 0.261509 -0.0418319 17.7277 
0 10 0 1 -0.231795 -0.632042 9.4849 
0 10 6.5 1 -0.224037 0.035966 10.7112 
0 5 10 1 -0.409116 0.205875 14.8071 
10 5 10 1 0.0448066 0.0880511 21.8235 
0 6 0 1 -0.411858 -0.540547 12.2333 
0 8 0 1 -0.33322 -0.580505 10.8591 
0 8 5 1 -0.319697 -0.11828 11.8024 
0 6 5 1 -0.394116 -0.129389 13.1766 
0 2 2.5 1 -0.514812 -0.309098 15.4534 
0 4 2.5 1 -0.464208 -0.317327 14.0792 
0 4 5 1 -0.454478 -0.138399 14.5508 
0 2 5 1 -0.504422 -0.145854 15.925 
0.5 0.5 -0.5 1 -0.527136 -0.492309 16.2688 
0.5 0.5 6 1 -0.501684 -0.0931225 17.4952 
10.5 0.5 -0.5 1 -0.0661465 -0.392356 23.2852 
10.5 0.5 6 1 -0.0710438 -0.112437 24.5116 
10.5 10.5 -0.5 1 0.338689 -0.462499 16.4142 
10.5 10.5 6 1 0.303741 -0.0686753 17.6406 
0.5 10.5 -0.5 1 -0.157092 -0.687897 9.39784 
0.5 10.5 6 1 -0.157893 -0.00796762 10.6242 
0.5 5.5 9.5 1 -0.362471 0.175171 14.72 
10.5 5.5 9.5 1 0.078213 0.0667861 21.7364 
0.5 6.5 -0.5 1 -0.355349 -0.583108 12.1462 
0.5 8.5 -0.5 1 -0.268866 -0.628818 10.772 
0.5 8.5 4.5 1 -0.260425 -0.159268 11.7154 
0.5 6.5 4.5 1 -0.341561 -0.166147 13.0896 
0.5 2.5 2 1 -0.470728 -0.341429 15.3663 
0.5 4.5 2 1 -0.415479 -0.352884 13.9921 
0.5 4.5 4.5 1 -0.407279 -0.171719 14.4638 
0.5 2.5 4.5 1 -0.461594 -0.176324 15.838 
