0 0 0 1 0.308902 -0.539906 10.5848 
0 0 6.5 1 0.247585 0.0711087 10.5853 
10 0 0 1 -0.223461 -0.367635 17.5061 
10 0 6.5 1 -0.260522 0.00180813 17.5066 
10 10 0 1 0.120323 -0.232383 24.7239 
10 10 6.5 1 0.0940745 0.0292072 24.7243 
0 10 0 1 0.570506 -0.282226 17.8026 
0 10 6.5 1 0.534041 0.0810638 17.803 
0 5 10 1 0.402605 0.322695 14.1944 
10 5 10 1 -0.0694686 0.182774 21.1157 
0 6 0 1 0.496246 -0.355372 14.9155 
0 8 0 1 0.536652 -0.315572 16.359 
0 8 5 1 0.506128 -0.0114564 16.3594 
0 6 5 1 0.462769 -0.0218235 14.9158 
0 2 2.5 1 0.365584 -0.256823 12.0286 
0 4 2.5 1 0.428649 -0.219054 13.4721 
0 4 5 1 0.410118 -0.0344121 13.4723 
0 2 5 1 0.34483 -0.0500223 12.0287 
0.5 0.5 -0.5 1 0.292679 -0.5503 11.2918 
0.5 0.5 6 1 0.235201 0.0224646 11.2922 
10.5 0.5 -0.5 1 -0.212856 -0.380765 18.2131 
10.5 0.5 6 1 -0.248479 -0.025661 18.2135 
10.5 10.5 -0.5 1 0.118361 -0.245546 25.4308 
10.5 10.5 6 1 0.0928427 0.00877259 25.4312 
0.5 10.5 -0.5 1 0.550617 -0.298408 18.5095 
0.5 10.5 6 1 0.515546 0.0510078 18.5099 
0.5 5.5 9.5 1 0.385866 0.273897 14.9013 
10.5 5.5 9.5 1 -0.0656063 0.153986 21.8226 
0.5 6.5 -0.5 1 0.476043 -0.371234 15.6224 
0.5 8.5 -0.5 1 0.516484 -0.331741 17.0659 
0.5 8.5 4.5 1 0.487225 -0.0402226 17.0663 
0.5 6.5 4.5 1 0.444081 -0.0527786 15.6227 
0.5 2.5 2 1 0.348054 -0.281752 12.7355 
0.5 4.5 2 1 0.409759 -0.243328 14.179 
0.5 4.5 4.5 1 0.392152 -0.0678911 14.1792 
0.5 2.5 4.5 1 0.328452 -0.0864295 12.7357 
