0 0 0 1 0.192318 -0.392823 21.6806 
0 0 6.5 1 0.181393 -0.0934276 22.9719 
10 0 0 1 0.681913 -0.51857 13.0432 
10 0 6.5 1 0.620299 -0.0274438 14.3346 
10 10 0 1 0.00962135 -0.692905 8.41192 
10 10 6.5 1 0.00806978 0.0558338 9.70326 
0 10 0 1 -0.272378 -0.44468 17.0493 
0 10 6.5 1 -0.253344 -0.0660308 18.3406 
0 5 10 1 -0.0112959 0.0820362 21.3516 
10 5 10 1 0.352643 0.275629 12.7143 
0 6 0 1 -0.0591732 -0.420888 18.9018 
0 8 0 1 -0.160283 -0.432171 17.9755 
0 8 5 1 -0.151996 -0.151204 18.9689 
0 6 5 1 -0.0563205 -0.153566 19.8951 
0 2 2.5 1 0.113212 -0.276667 21.251 
0 4 2.5 1 0.0316457 -0.280073 20.3247 
0 4 5 1 0.0308423 -0.155717 20.8214 
0 2 5 1 0.11058 -0.157685 21.7477 
0.5 0.5 -0.5 1 0.189568 -0.424149 20.9178 
0.5 0.5 6 1 0.178427 -0.112649 22.2092 
10.5 0.5 -0.5 1 0.707638 -0.579739 12.2805 
10.5 0.5 6 1 0.640114 -0.0551902 13.5718 
10.5 10.5 -0.5 1 -0.0161189 -0.808495 7.64915 
10.5 10.5 6 1 -0.014085 0.0208194 8.94049 
0.5 10.5 -0.5 1 -0.297674 -0.487343 16.2865 
0.5 10.5 6 1 -0.275956 -0.0891281 17.5779 
0.5 5.5 9.5 1 -0.0216338 0.0678023 20.5888 
10.5 5.5 9.5 1 0.358062 0.263464 11.9515 
0.5 6.5 -0.5 1 -0.0729207 -0.458193 18.139 
0.5 8.5 -0.5 1 -0.17925 -0.471984 17.2128 
0.5 8.5 4.5 1 -0.169581 -0.177073 18.2061 
0.5 6.5 4.5 1 -0.0692404 -0.178276 19.1324 
0.5 2.5 2 1 0.107459 -0.304325 20.4882 
0.5 4.5 2 1 0.0224395 -0.309174 19.562 
0.5 4.5 4.5 1 0.0218335 -0.179368 20.0586 
0.5 2.5 4.5 1 0.104867 -0.180364 20.9849 
