0 0 0 1 0.280982 -0.294379 16.0167 
0 0 6.5 1 0.321291 0.10935 16.0269 
10 0 0 1 -0.376553 -0.270135 13.835 
10 0 6.5 1 -0.329407 0.197196 13.8452 
10 10 0 1 -0.312874 -0.149817 23.5941 
10 10 6.5 1 -0.285247 0.124246 23.6043 
0 10 0 1 0.0903191 -0.175066 25.7758 
0 10 6.5 1 0.115448 0.0758189 25.786 
0 5 10 1 0.211005 0.25518 20.912 
10 5 10 1 -0.28283 0.337101 18.7303 
0 6 0 1 0.146167 -0.210014 21.8722 
0 8 0 1 0.115955 -0.191108 23.824 
0 8 5 1 0.136862 0.0177099 23.8318 
0 6 5 1 0.168928 0.0174385 21.88 
0 2 2.5 1 0.240118 -0.121684 17.9725 
0 4 2.5 1 0.19479 -0.107731 19.9243 
0 4 5 1 0.207275 0.0171139 19.9282 
0 2 5 1 0.253949 0.0167188 17.9764 
0.5 0.5 -0.5 1 0.23522 -0.314336 16.3948 
0.5 0.5 6 1 0.274628 0.0801007 16.405 
10.5 0.5 -0.5 1 -0.411849 -0.2938 14.2131 
10.5 0.5 6 1 -0.365931 0.161125 14.2233 
10.5 10.5 -0.5 1 -0.334805 -0.165745 23.9721 
10.5 10.5 6 1 -0.307605 0.104003 23.9824 
0.5 10.5 -0.5 1 0.0643887 -0.189301 26.1539 
0.5 10.5 6 1 0.0891645 0.057964 26.1641 
0.5 5.5 9.5 1 0.177007 0.230052 21.2901 
10.5 5.5 9.5 1 -0.310938 0.307483 19.1083 
0.5 6.5 -0.5 1 0.114738 -0.226153 22.2502 
0.5 8.5 -0.5 1 0.0875333 -0.206241 24.2021 
0.5 8.5 4.5 1 0.108122 -0.000678772 24.2099 
0.5 6.5 4.5 1 0.137123 -0.00255807 22.2581 
0.5 2.5 2 1 0.200075 -0.143072 18.3505 
0.5 4.5 2 1 0.15944 -0.127323 20.3024 
0.5 4.5 4.5 1 0.1717 -0.00479865 20.3063 
0.5 2.5 4.5 1 0.213629 -0.00751575 18.3545 
