0 0 0 1 0.234686 -0.396547 20.9564 
0 0 6.5 1 0.210746 -0.0869145 22.145 
10 0 0 1 0.715909 -0.54878 11.778 
10 0 6.5 1 0.630912 -0.00602031 12.9665 
10 10 0 1 -0.111739 -0.748147 8.25474 
10 10 6.5 1 -0.124278 0.0222079 9.44329 
0 10 0 1 -0.254468 -0.460182 17.4331 
0 10 6.5 1 -0.251717 -0.0879049 18.6217 
0 5 10 1 -0.00692067 0.0788412 21.0233 
10 5 10 1 0.284367 0.295837 11.8449 
0 6 0 1 -0.0368551 -0.431872 18.8424 
0 8 0 1 -0.141435 -0.445477 18.1378 
0 8 5 1 -0.14479 -0.166285 19.0521 
0 6 5 1 -0.0449308 -0.163267 19.7567 
0 2 2.5 1 0.142484 -0.279913 20.7089 
0 4 2.5 1 0.0539789 -0.286896 20.0042 
0 4 5 1 0.0480508 -0.160457 20.4614 
0 2 5 1 0.134841 -0.157835 21.166 
0.5 0.5 -0.5 1 0.229634 -0.429793 20.2299 
0.5 0.5 6 1 0.205162 -0.107813 21.4184 
10.5 0.5 -0.5 1 0.738296 -0.619645 11.0515 
10.5 0.5 6 1 0.64608 -0.0377884 12.24 
10.5 10.5 -0.5 1 -0.158747 -0.871417 7.52823 
10.5 10.5 6 1 -0.165921 -0.0200478 8.71678 
0.5 10.5 -0.5 1 -0.281857 -0.503206 16.7066 
0.5 10.5 6 1 -0.277175 -0.112958 17.8952 
0.5 5.5 9.5 1 -0.0206041 0.0627209 20.2968 
10.5 5.5 9.5 1 0.278422 0.280588 11.1184 
0.5 6.5 -0.5 1 -0.0533864 -0.470414 18.1159 
0.5 8.5 -0.5 1 -0.162999 -0.486146 17.4113 
0.5 8.5 4.5 1 -0.165412 -0.193857 18.3256 
0.5 6.5 4.5 1 -0.0609761 -0.189703 19.0302 
0.5 2.5 2 1 0.134017 -0.30933 19.9824 
0.5 4.5 2 1 0.0418672 -0.317651 19.2777 
0.5 4.5 4.5 1 0.0360013 -0.185846 19.7349 
0.5 2.5 4.5 1 0.126292 -0.182255 20.4395 
