0 0 0 1 -0.337346 -0.258568 22.4058 
0 0 6.5 1 -0.368591 0.0302313 22.2547 
10 0 0 1 0.0662994 -0.184112 25.9885 
10 0 6.5 1 0.0417483 0.0650772 25.8374 
10 10 0 1 0.318852 -0.278917 16.6552 
10 10 6.5 1 0.28273 0.110323 16.5041 
0 10 0 1 -0.303766 -0.432515 13.0725 
0 10 6.5 1 -0.357186 0.0628534 12.9214 
0 5 10 1 -0.385914 0.241296 17.5067 
10 5 10 1 0.119751 0.248131 21.0894 
0 6 0 1 -0.321674 -0.339752 16.8058 
0 8 0 1 -0.313839 -0.380338 14.9392 
0 8 5 1 -0.349739 -0.0477587 14.8229 
0 6 5 1 -0.353613 -0.0440872 16.6896 
0 2 2.5 1 -0.346117 -0.160077 20.481 
0 4 2.5 1 -0.34228 -0.174633 18.6144 
0 4 5 1 -0.356708 -0.0411543 18.5562 
0 2 5 1 -0.359237 -0.0387576 20.4229 
0.5 0.5 -0.5 1 -0.310236 -0.281675 22.1299 
0.5 0.5 6 1 -0.341687 0.0105914 21.9788 
10.5 0.5 -0.5 1 0.0939634 -0.2032 25.7126 
10.5 0.5 6 1 0.0693108 0.0485661 25.5615 
10.5 10.5 -0.5 1 0.366534 -0.310479 16.3793 
10.5 10.5 6 1 0.330241 0.0850858 16.2282 
0.5 10.5 -0.5 1 -0.256159 -0.476225 12.7966 
0.5 10.5 6 1 -0.310176 0.0294296 12.6455 
0.5 5.5 9.5 1 -0.351874 0.219623 17.2308 
10.5 5.5 9.5 1 0.154635 0.23028 20.8135 
0.5 6.5 -0.5 1 -0.285118 -0.372041 16.5299 
0.5 8.5 -0.5 1 -0.272482 -0.417502 14.6633 
0.5 8.5 4.5 1 -0.308732 -0.0789114 14.547 
0.5 6.5 4.5 1 -0.317335 -0.0716353 16.4137 
0.5 2.5 2 1 -0.316545 -0.18404 20.2051 
0.5 4.5 2 1 -0.30964 -0.201253 18.3385 
0.5 4.5 4.5 1 -0.324181 -0.0658451 18.2803 
0.5 2.5 4.5 1 -0.329759 -0.061128 20.147 
