0 0 0 1 0.403773 -0.579869 11.8935 
0 0 6.5 1 0.352541 -0.0395247 13.1385 
10 0 0 1 -0.297068 -0.510263 15.3145 
10 0 6.5 1 -0.285024 -0.0867802 16.5595 
10 10 0 1 -0.0414959 -0.388187 24.5138 
10 10 6.5 1 -0.0461058 -0.121845 25.7588 
0 10 0 1 0.395134 -0.407636 21.0929 
0 10 6.5 1 0.365482 -0.0994204 22.3379 
0 5 10 1 0.34257 0.112116 18.4086 
10 5 10 1 -0.139513 0.0525051 21.8296 
0 6 0 1 0.397494 -0.454692 17.4131 
0 8 0 1 0.396201 -0.428916 19.253 
0 8 5 1 0.370941 -0.165864 20.2107 
0 6 5 1 0.369637 -0.163952 18.3708 
0 2 2.5 1 0.382993 -0.336622 14.2122 
0 4 2.5 1 0.383104 -0.319239 16.0521 
0 4 5 1 0.368042 -0.161613 16.5309 
0 2 5 1 0.366048 -0.158689 14.6911 
0.5 0.5 -0.5 1 0.364028 -0.604904 12.4287 
0.5 0.5 6 1 0.31842 -0.0834319 13.6738 
10.5 0.5 -0.5 1 -0.304568 -0.532245 15.8497 
10.5 0.5 6 1 -0.292354 -0.120421 17.0947 
10.5 10.5 -0.5 1 -0.0517022 -0.404705 25.0491 
10.5 10.5 6 1 -0.055735 -0.143002 26.2941 
0.5 10.5 -0.5 1 0.372507 -0.426285 21.6281 
0.5 10.5 6 1 0.344781 -0.124267 22.8731 
0.5 5.5 9.5 1 0.318223 0.0761393 18.9438 
10.5 5.5 9.5 1 -0.148598 0.0234579 22.3648 
0.5 6.5 -0.5 1 0.370159 -0.475761 17.9484 
0.5 8.5 -0.5 1 0.371442 -0.448723 19.7882 
0.5 8.5 4.5 1 0.347977 -0.191544 20.7459 
0.5 6.5 4.5 1 0.344475 -0.192185 18.9061 
0.5 2.5 2 1 0.350251 -0.366549 14.7475 
0.5 4.5 2 1 0.35399 -0.346408 16.5873 
0.5 4.5 4.5 1 0.340217 -0.192963 17.0662 
0.5 2.5 4.5 1 0.334931 -0.19393 15.2263 
