0 0 0 1 0.255477 -0.203047 17.6356 
0 0 6.5 1 0.295189 0.17007 16.6278 
10 0 0 1 -0.332946 -0.293309 12.8761 
10 0 6.5 1 -0.327276 0.221774 11.8682 
10 10 0 1 -0.418431 -0.0983781 21.533 
10 10 6.5 1 -0.419351 0.209029 20.5252 
0 10 0 1 -0.00827463 -0.0731224 26.2926 
0 10 6.5 1 0.00732783 0.177426 25.2847 
0 5 10 1 0.135387 0.348194 20.4135 
10 5 10 1 -0.385128 0.441553 15.654 
0 6 0 1 0.0732229 -0.113268 22.8298 
0 8 0 1 0.0296016 -0.0917803 24.5612 
0 8 5 1 0.0435943 0.112485 23.7859 
0 6 5 1 0.0898474 0.106278 22.0545 
0 2 2.5 1 0.195782 -0.0413241 18.9794 
0 4 2.5 1 0.133805 -0.0218557 20.7108 
0 4 5 1 0.143981 0.099013 20.3231 
0 2 5 1 0.208198 0.0903948 18.5917 
0.5 0.5 -0.5 1 0.212125 -0.223404 17.908 
0.5 0.5 6 1 0.248611 0.142485 16.9002 
10.5 0.5 -0.5 1 -0.379801 -0.319164 13.1485 
10.5 0.5 6 1 -0.378148 0.182216 12.1406 
10.5 10.5 -0.5 1 -0.445616 -0.116404 21.8054 
10.5 10.5 6 1 -0.447841 0.186104 20.7976 
0.5 10.5 -0.5 1 -0.034795 -0.0881774 26.565 
0.5 10.5 6 1 -0.0204047 0.159107 25.5571 
0.5 5.5 9.5 1 0.0994375 0.323313 20.6859 
10.5 5.5 9.5 1 -0.422918 0.407638 15.9264 
0.5 6.5 -0.5 1 0.0417664 -0.130107 23.1022 
0.5 8.5 -0.5 1 0.000816751 -0.10768 24.8336 
0.5 8.5 4.5 1 0.0137234 0.0937603 24.0583 
0.5 6.5 4.5 1 0.0570958 0.0861765 22.3269 
0.5 2.5 2 1 0.1563 -0.0625481 19.2518 
0.5 4.5 2 1 0.0983859 -0.0415811 20.9832 
0.5 4.5 4.5 1 0.107761 0.0773177 20.5955 
0.5 2.5 4.5 1 0.167726 0.0668326 18.8641 
