0 0 0 1 -0.655476 -0.342799 11.4448 
0 0 6.5 1 -0.588977 0.218195 11.6495 
10 0 0 1 -0.248381 -0.210308 21.1758 
10 0 6.5 1 -0.216045 0.0940904 21.3804 
10 10 0 1 0.234779 -0.282731 18.8934 
10 10 6.5 1 0.265802 0.0588206 19.0981 
0 10 0 1 0.239417 -0.525143 9.16247 
0 10 6.5 1 0.302567 0.176524 9.36711 
0 5 10 1 -0.157145 0.525396 10.6185 
10 5 10 1 0.0281821 0.248102 20.3494 
0 6 0 1 -0.167192 -0.442292 10.0754 
0 8 0 1 0.0264644 -0.481752 9.61894 
0 8 5 1 0.0764371 0.0346991 9.77636 
0 6 5 1 -0.11647 0.0505137 10.2328 
0 2 2.5 1 -0.480376 -0.14587 11.0671 
0 4 2.5 1 -0.318292 -0.16889 10.6106 
0 4 5 1 -0.292901 0.0649776 10.6893 
0 2 5 1 -0.454881 0.0782568 11.1458 
0.5 0.5 -0.5 1 -0.589263 -0.380588 11.8015 
0.5 0.5 6 1 -0.525869 0.164383 12.0061 
10.5 0.5 -0.5 1 -0.218835 -0.233214 21.5325 
10.5 0.5 6 1 -0.187308 0.0664049 21.7371 
10.5 10.5 -0.5 1 0.258876 -0.307011 19.2501 
10.5 10.5 6 1 0.289077 0.0285338 19.4548 
0.5 10.5 -0.5 1 0.287973 -0.56516 9.51916 
0.5 10.5 6 1 0.347785 0.11161 9.7238 
0.5 5.5 9.5 1 -0.102143 0.456545 10.9752 
10.5 5.5 9.5 1 0.0541432 0.216385 20.7061 
0.5 6.5 -0.5 1 -0.108983 -0.48164 10.4321 
0.5 8.5 -0.5 1 0.0804126 -0.521489 9.97563 
0.5 8.5 4.5 1 0.127788 -0.0226004 10.133 
0.5 6.5 4.5 1 -0.0608343 -0.00484855 10.5895 
0.5 2.5 2 1 -0.417441 -0.191058 11.4237 
0.5 4.5 2 1 -0.258009 -0.21521 10.9673 
0.5 4.5 4.5 1 -0.233867 0.0114361 11.046 
0.5 2.5 4.5 1 -0.393167 0.0264283 11.5025 
