0 0 0 1 0.273895 -0.27942 16.3545 
0 0 6.5 1 0.31704 0.117366 16.1489 
10 0 0 1 -0.374175 -0.271098 13.6663 
10 0 6.5 1 -0.332309 0.205055 13.4608 
10 10 0 1 -0.333146 -0.134662 23.2931 
10 10 6.5 1 -0.308371 0.144165 23.0875 
0 10 0 1 0.0705524 -0.154017 25.9812 
0 10 6.5 1 0.0959624 0.0955767 25.7757 
0 5 10 1 0.19862 0.271473 20.8516 
10 5 10 1 -0.300134 0.359266 18.1635 
0 6 0 1 0.130661 -0.191086 22.1305 
0 8 0 1 0.098201 -0.171068 24.0559 
0 8 5 1 0.119466 0.0359014 23.8978 
0 6 5 1 0.154022 0.0338752 21.9724 
0 2 2.5 1 0.230565 -0.108212 18.2008 
0 4 2.5 1 0.18221 -0.0922136 20.1261 
0 4 5 1 0.195217 0.0314598 20.0471 
0 2 5 1 0.245164 0.0285311 18.1217 
0.5 0.5 -0.5 1 0.228398 -0.298819 16.7172 
0.5 0.5 6 1 0.270029 0.0890082 16.5117 
10.5 0.5 -0.5 1 -0.411634 -0.294429 14.0291 
10.5 0.5 6 1 -0.371423 0.168881 13.8235 
10.5 10.5 -0.5 1 -0.355989 -0.150591 23.6558 
10.5 10.5 6 1 -0.331798 0.123783 23.4503 
0.5 10.5 -0.5 1 0.0444808 -0.168054 26.3439 
0.5 10.5 6 1 0.0693332 0.0779654 26.1384 
0.5 5.5 9.5 1 0.164054 0.246766 21.2144 
10.5 5.5 9.5 1 -0.329949 0.329255 18.5262 
0.5 6.5 -0.5 1 0.0991564 -0.206929 22.4933 
0.5 8.5 -0.5 1 0.0696631 -0.185959 24.4186 
0.5 8.5 4.5 1 0.0904242 0.0178192 24.2605 
0.5 6.5 4.5 1 0.121916 0.0142671 22.3351 
0.5 2.5 2 1 0.19044 -0.129028 18.5635 
0.5 4.5 2 1 0.146712 -0.111356 20.4889 
0.5 4.5 4.5 1 0.159349 0.0100449 20.4098 
0.5 2.5 4.5 1 0.20458 0.00494313 18.4845 
