0 0 0 1 -0.494184 -0.443972 18.0331 
0 0 6.5 1 -0.491178 -0.0838382 19.0063 
10 0 0 1 -0.0426264 -0.348189 24.1746 
10 0 6.5 1 -0.0578285 -0.0797122 25.1477 
10 10 0 1 0.309881 -0.416233 16.426 
10 10 6.5 1 0.268194 -0.0243853 17.3991 
0 10 0 1 -0.271389 -0.624814 10.2845 
0 10 6.5 1 -0.285573 -0.00116847 11.2576 
0 5 10 1 -0.415393 0.169247 15.6559 
10 5 10 1 0.0632116 0.1027 21.7974 
0 6 0 1 -0.391463 -0.527349 13.384 
0 8 0 1 -0.339288 -0.5697 11.8342 
0 8 5 1 -0.345011 -0.143774 12.5828 
0 6 5 1 -0.393795 -0.150372 14.1325 
0 2 2.5 1 -0.465696 -0.309871 16.8577 
0 4 2.5 1 -0.432875 -0.320594 15.308 
0 4 5 1 -0.432938 -0.155666 15.6822 
0 2 5 1 -0.46504 -0.160008 17.232 
0.5 0.5 -0.5 1 -0.457491 -0.472149 17.8779 
0.5 0.5 6 1 -0.456355 -0.107595 18.851 
10.5 0.5 -0.5 1 -0.0123979 -0.368543 24.0194 
10.5 0.5 6 1 -0.0288713 -0.0976057 24.9925 
10.5 10.5 -0.5 1 0.357868 -0.446928 16.2708 
10.5 10.5 6 1 0.313097 -0.0498213 17.2439 
0.5 10.5 -0.5 1 -0.203214 -0.677316 10.1293 
0.5 10.5 6 1 -0.223572 -0.0403502 11.1024 
0.5 5.5 9.5 1 -0.372284 0.142889 15.5007 
10.5 5.5 9.5 1 0.0975196 0.0833447 21.6422 
0.5 6.5 -0.5 1 -0.34067 -0.566407 13.2288 
0.5 8.5 -0.5 1 -0.281062 -0.614503 11.679 
0.5 8.5 4.5 1 -0.290363 -0.180559 12.4276 
0.5 6.5 4.5 1 -0.345748 -0.183152 13.9773 
0.5 2.5 2 1 -0.426156 -0.338784 16.7025 
0.5 4.5 2 1 -0.388956 -0.352574 15.1528 
0.5 4.5 4.5 1 -0.390077 -0.185227 15.527 
0.5 2.5 4.5 1 -0.426361 -0.186926 17.0768 
