0 0 0 1 0.256468 -0.053347 18.2109 
0 0 6.5 1 0.256061 0.317561 17.0686 
10 0 0 1 -0.160303 -0.244568 10.6916 
10 0 6.5 1 -0.210883 0.395522 9.54934 
10 10 0 1 -0.551273 -0.107932 17.0456 
10 10 6.5 1 -0.609728 0.286233 15.9033 
0 10 0 1 -0.12263 -0.0079963 24.5648 
0 10 6.5 1 -0.141414 0.264505 23.4225 
0 5 10 1 0.0187303 0.471186 19.6305 
10 5 10 1 -0.496788 0.628033 12.1112 
0 6 0 1 0.00275946 -0.0229964 22.0232 
0 8 0 1 -0.0633554 -0.0150872 23.294 
0 8 5 1 -0.0761305 0.20367 22.4153 
0 6 5 1 -0.00803592 0.20858 21.1445 
0 2 2.5 1 0.158519 0.086224 19.0423 
0 4 2.5 1 0.072958 0.088461 20.3131 
0 4 5 1 0.068767 0.214117 19.8738 
0 2 5 1 0.156063 0.220411 18.603 
0.5 0.5 -0.5 1 0.218755 -0.0825958 18.2405 
0.5 0.5 6 1 0.215831 0.285716 17.0982 
10.5 0.5 -0.5 1 -0.223313 -0.293802 10.7212 
10.5 0.5 6 1 -0.281252 0.338439 9.57894 
10.5 10.5 -0.5 1 -0.590159 -0.139082 17.0752 
10.5 10.5 6 1 -0.651292 0.252117 15.9329 
0.5 10.5 -0.5 1 -0.150143 -0.0297433 24.5944 
0.5 10.5 6 1 -0.170243 0.241355 23.4521 
0.5 5.5 9.5 1 -0.0159008 0.443259 19.6601 
10.5 5.5 9.5 1 -0.551611 0.582428 12.1408 
0.5 6.5 -0.5 1 -0.0280926 -0.0472295 22.0528 
0.5 8.5 -0.5 1 -0.0924426 -0.03801 23.3236 
0.5 8.5 4.5 1 -0.10634 0.179561 22.4449 
0.5 6.5 4.5 1 -0.0401532 0.183017 21.1742 
0.5 2.5 2 1 0.122603 0.0580337 19.0719 
0.5 4.5 2 1 0.0394101 0.0620285 20.3427 
0.5 4.5 4.5 1 0.0344848 0.186914 19.9034 
0.5 2.5 4.5 1 0.119304 0.191342 18.6326 
