0 0 0 1 -0.166481 -0.0208631 25.9401 
0 0 6.5 1 -0.177429 0.236475 24.6537 
10 0 0 1 0.223594 -0.0228292 25.3246 
10 0 6.5 1 0.233241 0.240993 24.0382 
10 10 0 1 0.325048 -0.164642 15.5418 
10 10 6.5 1 0.350471 0.267433 14.2553 
0 10 0 1 -0.305072 -0.156083 16.1573 
0 10 6.5 1 -0.335212 0.258849 14.8708 
0 5 10 1 -0.24697 0.43369 19.0695 
10 5 10 1 0.285649 0.446153 18.454 
0 6 0 1 -0.233423 -0.0861767 20.0704 
0 8 0 1 -0.265378 -0.117354 18.1139 
0 8 5 1 -0.283218 0.16206 17.1243 
0 6 5 1 -0.247776 0.166203 19.0808 
0 2 2.5 1 -0.189967 0.064419 23.4888 
0 4 2.5 1 -0.2129 0.0518751 21.5322 
0 4 5 1 -0.218927 0.169576 21.0374 
0 2 5 1 -0.194987 0.172374 22.994 
0.5 0.5 -0.5 1 -0.150699 -0.0443652 25.5192 
0.5 0.5 6 1 -0.161 0.216196 24.2327 
10.5 0.5 -0.5 1 0.246359 -0.0469454 24.9037 
10.5 0.5 6 1 0.257418 0.220266 23.6172 
10.5 10.5 -0.5 1 0.365366 -0.208309 15.1208 
10.5 10.5 6 1 0.395312 0.232853 13.8344 
0.5 10.5 -0.5 1 -0.283187 -0.197813 15.7363 
0.5 10.5 6 1 -0.312257 0.225492 14.4499 
0.5 5.5 9.5 1 -0.227191 0.41179 18.6486 
10.5 5.5 9.5 1 0.318535 0.423796 18.0331 
0.5 6.5 -0.5 1 -0.214361 -0.118099 19.6495 
0.5 8.5 -0.5 1 -0.244969 -0.153548 17.6929 
0.5 8.5 4.5 1 -0.262049 0.130764 16.7033 
0.5 6.5 4.5 1 -0.228028 0.138282 18.6599 
0.5 2.5 2 1 -0.172937 0.0399757 23.0678 
0.5 4.5 2 1 -0.19475 0.0249163 21.1113 
0.5 4.5 4.5 1 -0.200464 0.144373 20.6165 
0.5 2.5 4.5 1 -0.177678 0.149409 22.573 
