0 0 0 1 -0.397746 -0.394953 20.4514 
0 0 6.5 1 -0.41954 -0.0776374 20.8561 
10 0 0 1 0.024448 -0.298679 25.2596 
10 0 6.5 1 7.86603e-05 -0.0423308 25.6643 
10 10 0 1 0.324677 -0.396296 16.5135 
10 10 6.5 1 0.280528 -0.00509 16.9182 
0 10 0 1 -0.289649 -0.604601 11.7053 
0 10 6.5 1 -0.330796 -0.0511094 12.1101 
0 5 10 1 -0.401736 0.141211 16.701 
10 5 10 1 0.0949635 0.134417 21.5092 
0 6 0 1 -0.347812 -0.491797 15.2038 
0 8 0 1 -0.322511 -0.540866 13.4546 
0 8 5 1 -0.349612 -0.167757 13.7659 
0 6 5 1 -0.37135 -0.161738 15.5151 
0 2 2.5 1 -0.393597 -0.286002 18.8579 
0 4 2.5 1 -0.378381 -0.30355 17.1086 
0 4 5 1 -0.388682 -0.156939 17.2643 
0 2 5 1 -0.402826 -0.153022 19.0135 
0.5 0.5 -0.5 1 -0.366522 -0.42018 20.2234 
0.5 0.5 6 1 -0.38917 -0.0988622 20.6281 
10.5 0.5 -0.5 1 0.0535202 -0.318184 25.0316 
10.5 0.5 6 1 0.0284699 -0.059227 25.4363 
10.5 10.5 -0.5 1 0.373567 -0.427642 16.2855 
10.5 10.5 6 1 0.327628 -0.0303314 16.6902 
0.5 10.5 -0.5 1 -0.232484 -0.653218 11.4773 
0.5 10.5 6 1 -0.276368 -0.0874481 11.882 
0.5 5.5 9.5 1 -0.363459 0.117662 16.473 
10.5 5.5 9.5 1 0.129915 0.116115 21.2812 
0.5 6.5 -0.5 1 -0.304886 -0.527339 14.9757 
0.5 8.5 -0.5 1 -0.273473 -0.581955 13.2265 
0.5 8.5 4.5 1 -0.302158 -0.201616 13.5379 
0.5 6.5 4.5 1 -0.32965 -0.191633 15.2871 
0.5 2.5 2 1 -0.359651 -0.312054 18.6298 
0.5 4.5 2 1 -0.340713 -0.332539 16.8806 
0.5 4.5 4.5 1 -0.351496 -0.1837 17.0363 
0.5 2.5 4.5 1 -0.369273 -0.177244 18.7855 
