0 0 0 1 0.292621 -0.316328 18.7042 
0 0 6.5 1 0.254511 0.0264404 19.4895 
10 0 0 1 0.429132 -0.54513 8.89963 
10 0 6.5 1 0.341374 0.163192 9.68496 
10 10 0 1 -0.575133 -0.55729 10.4524 
10 10 6.5 1 -0.580585 0.0540111 11.2377 
0 10 0 1 -0.215106 -0.340141 20.2569 
0 10 6.5 1 -0.231454 -0.0217771 21.0423 
0 5 10 1 -0.0111753 0.168783 20.6888 
10 5 10 1 -0.173216 0.41869 10.8842 
0 6 0 1 -0.0216513 -0.331067 19.6358 
0 8 0 1 -0.119885 -0.335675 19.9464 
0 8 5 1 -0.13556 -0.0850505 20.5505 
0 6 5 1 -0.0404994 -0.0767354 20.2399 
0 2 2.5 1 0.171345 -0.188309 19.3168 
0 4 2.5 1 0.0684608 -0.19525 19.6273 
0 4 5 1 0.0575242 -0.0681611 19.9294 
0 2 5 1 0.158651 -0.0593154 19.6188 
0.5 0.5 -0.5 1 0.270879 -0.351422 18.2312 
0.5 0.5 6 1 0.23272 0.00132133 19.0165 
10.5 0.5 -0.5 1 0.389757 -0.633899 8.42663 
10.5 0.5 6 1 0.300849 0.11836 9.21196 
10.5 10.5 -0.5 1 -0.655982 -0.632824 9.97937 
10.5 10.5 6 1 -0.655775 0.0108481 10.7647 
0.5 10.5 -0.5 1 -0.24728 -0.37305 19.7839 
0.5 10.5 6 1 -0.262776 -0.0461088 20.5693 
0.5 5.5 9.5 1 -0.0378905 0.148484 20.2158 
10.5 5.5 9.5 1 -0.232451 0.390629 10.4112 
0.5 6.5 -0.5 1 -0.050093 -0.364819 19.1628 
0.5 8.5 -0.5 1 -0.150259 -0.369 19.4734 
0.5 8.5 4.5 1 -0.16539 -0.111469 20.0775 
0.5 6.5 4.5 1 -0.0685228 -0.10337 19.7669 
0.5 2.5 2 1 0.147266 -0.219049 18.8438 
0.5 4.5 2 1 0.0422318 -0.225663 19.1543 
0.5 4.5 4.5 1 0.0314365 -0.0950121 19.4564 
0.5 2.5 4.5 1 0.134638 -0.0863834 19.1458 
