0 0 0 1 -0.296017 -0.388934 10.2929 
0 0 6.5 1 -0.310492 0.261919 9.08436 
10 0 0 1 -0.248824 -0.105986 19.9247 
10 0 6.5 1 -0.252802 0.228194 18.7161 
10 10 0 1 0.22188 -0.0956566 21.8669 
10 10 6.5 1 0.245813 0.20771 20.6583 
0 10 0 1 0.552726 -0.325559 12.2351 
0 10 6.5 1 0.633828 0.217601 11.0266 
0 5 10 1 0.234563 0.619498 9.40469 
10 5 10 1 0.0155039 0.405419 19.0364 
0 6 0 1 0.247756 -0.348331 11.4583 
0 8 0 1 0.405241 -0.336572 11.8467 
0 8 5 1 0.455693 0.084498 10.917 
0 6 5 1 0.286164 0.0872352 10.5286 
0 2 2.5 1 -0.0976798 -0.151168 10.2165 
0 4 2.5 1 0.0908972 -0.145253 10.605 
0 4 5 1 0.103646 0.090182 10.1401 
0 2 5 1 -0.093412 0.0933637 9.7517 
0.5 0.5 -0.5 1 -0.243452 -0.40117 10.9646 
0.5 0.5 6 1 -0.250419 0.203359 9.75603 
10.5 0.5 -0.5 1 -0.222379 -0.121727 20.5964 
10.5 0.5 6 1 -0.224572 0.199895 19.3878 
10.5 10.5 -0.5 1 0.232018 -0.110349 22.5386 
10.5 10.5 6 1 0.255772 0.182632 21.33 
0.5 10.5 -0.5 1 0.553213 -0.339252 12.9068 
0.5 10.5 6 1 0.629708 0.171308 11.6982 
0.5 5.5 9.5 1 0.256394 0.538964 10.0764 
10.5 5.5 9.5 1 0.0341316 0.371539 19.7081 
0.5 6.5 -0.5 1 0.265161 -0.36164 12.1299 
0.5 8.5 -0.5 1 0.413656 -0.350098 12.5184 
0.5 8.5 4.5 1 0.461859 0.0454816 11.5887 
0.5 6.5 4.5 1 0.30271 0.0467015 11.2002 
0.5 2.5 2 1 -0.0569808 -0.178156 10.8882 
0.5 4.5 2 1 0.118962 -0.171665 11.2766 
0.5 4.5 4.5 1 0.132126 0.048009 10.8118 
0.5 2.5 4.5 1 -0.051173 0.049414 10.4234 
