0 0 0 1 0.27499 -0.392914 20.2891 
0 0 6.5 1 0.240285 -0.0730559 21.0567 
10 0 0 1 0.70642 -0.630874 10.555 
10 0 6.5 1 0.61263 -0.0198996 11.3226 
10 10 0 1 -0.271572 -0.839771 8.59225 
10 10 6.5 1 -0.304826 -0.083544 9.35984 
0 10 0 1 -0.229744 -0.465369 18.3264 
0 10 6.5 1 -0.247726 -0.109719 19.094 
0 5 10 1 -0.00561668 0.0804146 20.4887 
10 5 10 1 0.163826 0.275288 10.7545 
0 6 0 1 -0.0154093 -0.434601 19.1115 
0 8 0 1 -0.120329 -0.449662 18.7189 
0 8 5 1 -0.137353 -0.179617 19.3094 
0 6 5 1 -0.0352387 -0.170388 19.7019 
0 2 2.5 1 0.16945 -0.277774 20.1918 
0 4 2.5 1 0.0739197 -0.288904 19.7992 
0 4 5 1 0.0628862 -0.161519 20.0945 
0 2 5 1 0.157251 -0.15299 20.487 
0.5 0.5 -0.5 1 0.265899 -0.429058 19.6452 
0.5 0.5 6 1 0.230441 -0.0977517 20.4128 
10.5 0.5 -0.5 1 0.716429 -0.717977 9.91111 
10.5 0.5 6 1 0.616264 -0.0639016 10.6787 
10.5 10.5 -0.5 1 -0.338318 -0.965305 7.94836 
10.5 10.5 6 1 -0.368151 -0.142157 8.71595 
0.5 10.5 -0.5 1 -0.258223 -0.508164 17.6825 
0.5 10.5 6 1 -0.275648 -0.138321 18.4501 
0.5 5.5 9.5 1 -0.023721 0.0599914 19.8448 
10.5 5.5 9.5 1 0.139082 0.247612 10.1106 
0.5 6.5 -0.5 1 -0.0352051 -0.474504 18.4676 
0.5 8.5 -0.5 1 -0.144292 -0.490968 18.075 
0.5 8.5 4.5 1 -0.161146 -0.210301 18.6655 
0.5 6.5 4.5 1 -0.0550911 -0.200128 19.058 
0.5 2.5 2 1 0.156837 -0.310306 19.5479 
0.5 4.5 2 1 0.0578373 -0.322477 19.1554 
0.5 4.5 4.5 1 0.0466828 -0.190365 19.4506 
0.5 2.5 4.5 1 0.14443 -0.180989 19.8431 
