0 0 0 1 0.21064 -0.390246 21.3799 
0 0 6.5 1 0.194022 -0.0869729 22.6527 
10 0 0 1 0.698063 -0.519678 12.5068 
10 0 6.5 1 0.625722 -0.00916296 13.7796 
10 10 0 1 -0.0396822 -0.69852 8.33142 
10 10 6.5 1 -0.0457031 0.0576392 9.60422 
0 10 0 1 -0.264911 -0.445439 17.2045 
0 10 6.5 1 -0.252526 -0.0698331 18.4773 
0 5 10 1 -0.00911867 0.0847748 21.2504 
10 5 10 1 0.325863 0.294524 12.3773 
0 6 0 1 -0.049443 -0.420432 18.8747 
0 8 0 1 -0.15219 -0.432357 18.0396 
0 8 5 1 -0.148737 -0.152326 19.0187 
0 6 5 1 -0.0512021 -0.152768 19.8537 
0 2 2.5 1 0.125964 -0.273657 21.0344 
0 4 2.5 1 0.0414539 -0.278239 20.1993 
0 4 5 1 0.0384591 -0.153174 20.6888 
0 2 5 1 0.121163 -0.153548 21.5239 
0.5 0.5 -0.5 1 0.206989 -0.422087 20.6296 
0.5 0.5 6 1 0.190014 -0.106575 21.9024 
10.5 0.5 -0.5 1 0.722765 -0.583813 11.7565 
10.5 0.5 6 1 0.643845 -0.0376325 13.0293 
10.5 10.5 -0.5 1 -0.0743929 -0.815678 7.58109 
10.5 10.5 6 1 -0.0759342 0.0214051 8.85389 
0.5 10.5 -0.5 1 -0.291175 -0.487878 16.4542 
0.5 10.5 6 1 -0.27638 -0.0933261 17.727 
0.5 5.5 9.5 1 -0.0208363 0.0701186 20.5 
10.5 5.5 9.5 1 0.32682 0.282219 11.6269 
0.5 6.5 -0.5 1 -0.0643659 -0.457924 18.1243 
0.5 8.5 -0.5 1 -0.172293 -0.472178 17.2893 
0.5 8.5 4.5 1 -0.167621 -0.178511 18.2683 
0.5 6.5 4.5 1 -0.0654294 -0.177826 19.1034 
0.5 2.5 2 1 0.119118 -0.301728 20.284 
0.5 4.5 2 1 0.0310541 -0.307692 19.4489 
0.5 4.5 4.5 1 0.0282019 -0.177197 19.9385 
0.5 2.5 4.5 1 0.114305 -0.176619 20.7736 
