0 0 0 1 -0.0950251 -0.0357746 26.41 
0 0 6.5 1 -0.0876723 0.215588 25.2624 
10 0 0 1 0.298062 -0.0753459 24.0622 
10 0 6.5 1 0.325854 0.19979 22.9146 
10 10 0 1 0.324765 -0.23552 14.5034 
10 10 6.5 1 0.374744 0.222769 13.3558 
0 10 0 1 -0.295018 -0.151186 16.8512 
0 10 6.5 1 -0.297805 0.244748 15.7036 
0 5 10 1 -0.165465 0.407057 19.8651 
10 5 10 1 0.365049 0.412054 17.5172 
0 6 0 1 -0.19283 -0.092215 20.6748 
0 8 0 1 -0.238718 -0.118696 18.763 
0 8 5 1 -0.237821 0.150397 17.8802 
0 6 5 1 -0.189973 0.152067 19.792 
0 2 2.5 1 -0.120073 0.0495797 24.0569 
0 4 2.5 1 -0.152673 0.0393839 22.1451 
0 4 5 1 -0.150553 0.153442 21.7037 
0 2 5 1 -0.117516 0.154595 23.6155 
0.5 0.5 -0.5 1 -0.0838245 -0.060224 25.903 
0.5 0.5 6 1 -0.0758018 0.195154 24.7554 
10.5 0.5 -0.5 1 0.31884 -0.103084 23.5551 
10.5 0.5 6 1 0.348326 0.176858 22.4075 
10.5 10.5 -0.5 1 0.360702 -0.288005 13.9963 
10.5 10.5 6 1 0.415863 0.183682 12.8487 
0.5 10.5 -0.5 1 -0.283472 -0.193515 16.3442 
0.5 10.5 6 1 -0.28548 0.212433 15.1966 
0.5 5.5 9.5 1 -0.152323 0.38594 19.358 
10.5 5.5 9.5 1 0.395819 0.388172 17.0102 
0.5 6.5 -0.5 1 -0.180903 -0.125036 20.1677 
0.5 8.5 -0.5 1 -0.226817 -0.15569 18.256 
0.5 8.5 4.5 1 -0.225289 0.119377 17.3732 
0.5 6.5 4.5 1 -0.177425 0.124166 19.2849 
0.5 2.5 2 1 -0.108293 0.024525 23.5498 
0.5 4.5 2 1 -0.140615 0.0118767 21.6381 
0.5 4.5 4.5 1 -0.138194 0.128091 21.1967 
0.5 2.5 4.5 1 -0.105455 0.131366 23.1084 
