0 0 0 1 -0.353761 -0.307676 21.8448 
0 0 6.5 1 -0.383079 -0.0115981 21.8666 
10 0 0 1 0.054432 -0.225374 25.8162 
10 0 6.5 1 0.0292749 0.0251258 25.8381 
10 10 0 1 0.321767 -0.324014 16.6387 
10 10 6.5 1 0.282401 0.0646035 16.6606 
0 10 0 1 -0.298349 -0.49687 12.6673 
0 10 6.5 1 -0.348968 0.0136746 12.6891 
0 5 10 1 -0.390508 0.199105 17.2896 
10 5 10 1 0.112004 0.204377 21.2611 
0 6 0 1 -0.327984 -0.395687 16.3383 
0 8 0 1 -0.315042 -0.439875 14.5028 
0 8 5 1 -0.349051 -0.0967251 14.5196 
0 6 5 1 -0.358163 -0.091093 16.3551 
0 2 2.5 1 -0.359066 -0.207226 20.0177 
0 4 2.5 1 -0.35188 -0.223447 18.1822 
0 4 5 1 -0.365436 -0.0865975 18.1906 
0 2 5 1 -0.371376 -0.0829261 20.0261 
0.5 0.5 -0.5 1 -0.325437 -0.331381 21.5828 
0.5 0.5 6 1 -0.355139 -0.0316883 21.6046 
10.5 0.5 -0.5 1 0.0825389 -0.244551 25.5542 
10.5 0.5 6 1 0.0571001 0.00853138 25.5761 
10.5 10.5 -0.5 1 0.369901 -0.355515 16.3767 
10.5 10.5 6 1 0.329842 0.0393527 16.3986 
0.5 10.5 -0.5 1 -0.247901 -0.542107 12.4053 
0.5 10.5 6 1 -0.299675 -0.0207195 12.4271 
0.5 5.5 9.5 1 -0.355172 0.176857 17.0276 
10.5 5.5 9.5 1 0.146926 0.186402 20.9991 
0.5 6.5 -0.5 1 -0.289538 -0.428945 16.0763 
0.5 8.5 -0.5 1 -0.271403 -0.478233 14.2408 
0.5 8.5 4.5 1 -0.306088 -0.128732 14.2576 
0.5 6.5 4.5 1 -0.320249 -0.119358 16.0931 
0.5 2.5 2 1 -0.328192 -0.231791 19.7557 
0.5 4.5 2 1 -0.31774 -0.250765 17.9202 
0.5 4.5 4.5 1 -0.33151 -0.111903 17.9286 
0.5 2.5 4.5 1 -0.340679 -0.105833 19.7641 
