0 0 0 1 0.292173 -0.351965 18.7468 
0 0 6.5 1 0.255826 -0.00925733 19.6914 
10 0 0 1 0.486776 -0.586921 8.90717 
10 0 6.5 1 0.395468 0.120602 9.85177 
10 10 0 1 -0.560875 -0.609518 9.94122 
10 10 6.5 1 -0.5526 0.0327575 10.8858 
0 10 0 1 -0.224169 -0.375604 19.7809 
0 10 6.5 1 -0.235169 -0.0489176 20.7255 
0 5 10 1 -0.00748055 0.13789 20.7171 
10 5 10 1 -0.119192 0.388613 10.8774 
0 6 0 1 -0.0242484 -0.366452 19.3673 
0 8 0 1 -0.125265 -0.371076 19.5741 
0 8 5 1 -0.137443 -0.114682 20.3007 
0 6 5 1 -0.0402052 -0.107586 20.0939 
0 2 2.5 1 0.172174 -0.222441 19.3169 
0 4 2.5 1 0.0688168 -0.228603 19.5238 
0 4 5 1 0.0590552 -0.100342 19.8871 
0 2 5 1 0.160402 -0.0929461 19.6803 
0.5 0.5 -0.5 1 0.271938 -0.387456 18.2339 
0.5 0.5 6 1 0.235616 -0.0338338 19.1785 
10.5 0.5 -0.5 1 0.454713 -0.67837 8.39423 
10.5 0.5 6 1 0.361633 0.0772637 9.33883 
10.5 10.5 -0.5 1 -0.646418 -0.692167 9.42828 
10.5 10.5 6 1 -0.629944 -0.0106043 10.3729 
0.5 10.5 -0.5 1 -0.257064 -0.409819 19.2679 
0.5 10.5 6 1 -0.266805 -0.0732432 20.2125 
0.5 5.5 9.5 1 -0.0333498 0.118297 20.2041 
10.5 5.5 9.5 1 -0.175149 0.362827 10.3645 
0.5 6.5 -0.5 1 -0.0524259 -0.401168 18.8543 
0.5 8.5 -0.5 1 -0.155855 -0.405541 19.0611 
0.5 8.5 4.5 1 -0.167226 -0.141235 19.7877 
0.5 6.5 4.5 1 -0.0677551 -0.134233 19.5809 
0.5 2.5 2 1 0.149279 -0.253322 18.804 
0.5 4.5 2 1 0.0433823 -0.259314 19.0108 
0.5 4.5 4.5 1 0.0338392 -0.127082 19.3741 
0.5 2.5 4.5 1 0.137626 -0.119776 19.1673 
