0 0 0 1 0.0162031 -0.174934 25.5056 
0 0 6.5 1 0.0416902 0.0787366 25.473 
10 0 0 1 0.436475 -0.265512 20.0593 
10 0 6.5 1 0.469577 0.0569978 20.0267 
10 10 0 1 0.28545 -0.413295 11.6727 
10 10 6.5 1 0.34198 0.141167 11.6401 
0 10 0 1 -0.292664 -0.231326 17.119 
0 10 6.5 1 -0.255256 0.146747 17.0864 
0 5 10 1 -0.0611612 0.269916 21.2622 
10 5 10 1 0.445229 0.308223 15.8159 
0 6 0 1 -0.138752 -0.203226 20.4737 
0 8 0 1 -0.208841 -0.216022 18.7964 
0 8 5 1 -0.182537 0.0487204 18.7713 
0 6 5 1 -0.11452 0.0398169 20.4486 
0 2 2.5 1 -0.0177155 -0.0786863 23.8158 
0 4 2.5 1 -0.0680529 -0.0801154 22.1385 
0 4 5 1 -0.056815 0.0322634 22.1259 
0 2 5 1 -0.00724293 0.0257743 23.8032 
0.5 0.5 -0.5 1 0.0205228 -0.200569 24.8165 
0.5 0.5 6 1 0.0467243 0.0601213 24.7839 
10.5 0.5 -0.5 1 0.456961 -0.301578 19.3702 
10.5 0.5 6 1 0.491278 0.0323648 19.3376 
10.5 10.5 -0.5 1 0.312104 -0.486171 10.9836 
10.5 10.5 6 1 0.37227 0.102966 10.951 
0.5 10.5 -0.5 1 -0.299095 -0.272412 16.4299 
0.5 10.5 6 1 -0.260127 0.121469 16.3973 
0.5 5.5 9.5 1 -0.0585419 0.253894 20.5731 
10.5 5.5 9.5 1 0.471861 0.288179 15.1267 
0.5 6.5 -0.5 1 -0.138731 -0.236366 19.7845 
0.5 8.5 -0.5 1 -0.211486 -0.25272 18.1072 
0.5 8.5 4.5 1 -0.184182 0.0220618 18.0821 
0.5 6.5 4.5 1 -0.113653 0.0151108 19.7595 
0.5 2.5 2 1 -0.0140908 -0.103327 23.1266 
0.5 4.5 2 1 -0.0657621 -0.106728 21.4493 
0.5 4.5 4.5 1 -0.0541616 0.00924748 21.4368 
0.5 2.5 4.5 1 -0.00330406 0.00423516 23.1141 
