0 0 0 1 0.168949 -0.403386 22.0321 
0 0 6.5 1 0.165086 -0.107872 23.2991 
10 0 0 1 0.658803 -0.535455 13.6962 
10 0 6.5 1 0.611312 -0.0641292 14.9632 
10 10 0 1 0.0639983 -0.720165 8.5277 
10 10 6.5 1 0.0683868 0.0237646 9.79468 
0 10 0 1 -0.28197 -0.456314 16.8636 
0 10 6.5 1 -0.255423 -0.0728592 18.1306 
0 5 10 1 -0.0152124 0.0708073 21.3971 
10 5 10 1 0.380924 0.234958 13.0611 
0 6 0 1 -0.0720568 -0.431675 18.931 
0 8 0 1 -0.170952 -0.443283 17.8973 
0 8 5 1 -0.157066 -0.160577 18.8719 
0 6 5 1 -0.0637344 -0.164218 19.9056 
0 2 2.5 1 0.0965546 -0.288442 21.4857 
0 4 2.5 1 0.0185349 -0.291361 20.452 
0 4 5 1 0.0203825 -0.1675 20.9393 
0 2 5 1 0.096585 -0.170473 21.973 
0.5 0.5 -0.5 1 0.167169 -0.434652 21.2594 
0.5 0.5 6 1 0.163275 -0.127243 22.5264 
10.5 0.5 -0.5 1 0.685164 -0.594785 12.9235 
10.5 0.5 6 1 0.632733 -0.0924978 14.1905 
10.5 10.5 -0.5 1 0.0486637 -0.83744 7.75502 
10.5 10.5 6 1 0.0555815 -0.013328 9.022 
0.5 10.5 -0.5 1 -0.305974 -0.500164 16.0909 
0.5 10.5 6 1 -0.276493 -0.0964397 17.3579 
0.5 5.5 9.5 1 -0.023946 0.0563437 20.6244 
10.5 5.5 9.5 1 0.391174 0.221004 12.2885 
0.5 6.5 -0.5 1 -0.0843954 -0.469484 18.1583 
0.5 8.5 -0.5 1 -0.188497 -0.483898 17.1246 
0.5 8.5 4.5 1 -0.173074 -0.186937 18.0992 
0.5 6.5 4.5 1 -0.0751083 -0.189301 19.1329 
0.5 2.5 2 1 0.0920277 -0.316246 20.713 
0.5 4.5 2 1 0.010707 -0.320739 19.6793 
0.5 4.5 4.5 1 0.0128145 -0.191423 20.1666 
0.5 2.5 4.5 1 0.0921633 -0.193337 21.2003 
