0 0 0 1 0.22119 -0.391812 21.1965 
0 0 6.5 1 0.201316 -0.0858971 22.4414 
10 0 0 1 0.706506 -0.528496 12.1889 
10 0 6.5 1 0.628333 -0.00479114 13.4337 
10 10 0 1 -0.0703317 -0.714866 8.29089 
10 10 6.5 1 -0.0790442 0.047245 9.53578 
0 10 0 1 -0.260493 -0.450336 17.2985 
0 10 6.5 1 -0.252208 -0.0761871 18.5434 
0 5 10 1 -0.00809777 0.0833432 21.1627 
10 5 10 1 0.308651 0.298398 12.1551 
0 6 0 1 -0.0439245 -0.424023 18.8577 
0 8 0 1 -0.147539 -0.436612 18.0781 
0 8 5 1 -0.147013 -0.156939 19.0357 
0 6 5 1 -0.0484258 -0.155961 19.8153 
0 2 2.5 1 0.133228 -0.275139 20.8957 
0 4 2.5 1 0.0469761 -0.280683 20.1161 
0 4 5 1 0.0426973 -0.155058 20.5949 
0 2 5 1 0.127173 -0.15422 21.3745 
0.5 0.5 -0.5 1 0.216959 -0.424175 20.4555 
0.5 0.5 6 1 0.196649 -0.105957 21.7004 
10.5 0.5 -0.5 1 0.730362 -0.595172 11.4478 
10.5 0.5 6 1 0.645285 -0.0343523 12.6927 
10.5 10.5 -0.5 1 -0.110408 -0.83426 7.54985 
10.5 10.5 6 1 -0.114182 0.00896645 8.79474 
0.5 10.5 -0.5 1 -0.287278 -0.492938 16.5575 
0.5 10.5 6 1 -0.276774 -0.100235 17.8024 
0.5 5.5 9.5 1 -0.0206556 0.0681682 20.4217 
10.5 5.5 9.5 1 0.306747 0.28521 11.414 
0.5 6.5 -0.5 1 -0.0595455 -0.461882 18.1167 
0.5 8.5 -0.5 1 -0.168292 -0.476712 17.3371 
0.5 8.5 4.5 1 -0.166657 -0.183611 18.2947 
0.5 6.5 4.5 1 -0.0634375 -0.181505 19.0743 
0.5 2.5 2 1 0.1257 -0.303695 20.1547 
0.5 4.5 2 1 0.0358463 -0.3106 19.3751 
0.5 4.5 4.5 1 0.0316762 -0.179565 19.8539 
0.5 2.5 4.5 1 0.119603 -0.177771 20.6335 
