0 0 0 1 -0.686 -0.418276 11.7609 
0 0 6.5 1 -0.610796 0.12576 12.2162 
10 0 0 1 -0.2465 -0.274849 21.3106 
10 0 6.5 1 -0.213485 0.0274932 21.7659 
10 10 0 1 0.233191 -0.355499 18.4274 
10 10 6.5 1 0.259681 -0.00504752 18.8827 
0 10 0 1 0.166955 -0.63226 8.87773 
0 10 6.5 1 0.223783 0.0902795 9.33301 
0 5 10 1 -0.214162 0.42338 11.0198 
10 5 10 1 0.0221158 0.181223 20.5694 
0 6 0 1 -0.233066 -0.531905 10.031 
0 8 0 1 -0.0452545 -0.579023 9.45437 
0 8 5 1 0.00393649 -0.0518568 9.80458 
0 6 5 1 -0.180272 -0.0356113 10.3812 
0 2 2.5 1 -0.521571 -0.226696 11.3594 
0 4 2.5 1 -0.372326 -0.251687 10.7828 
0 4 5 1 -0.345092 -0.0210757 10.9579 
0 2 5 1 -0.493434 -0.00799336 11.5345 
0.5 0.5 -0.5 1 -0.62163 -0.455873 12.0592 
0.5 0.5 6 1 -0.550561 0.0765621 12.5145 
10.5 0.5 -0.5 1 -0.216645 -0.297811 21.6089 
10.5 0.5 6 1 -0.184692 0.000917643 22.0642 
10.5 10.5 -0.5 1 0.260001 -0.380711 18.7257 
10.5 10.5 6 1 0.285444 -0.0351117 19.181 
0.5 10.5 -0.5 1 0.223821 -0.674715 9.17604 
0.5 10.5 6 1 0.276201 0.0274534 9.63131 
0.5 5.5 9.5 1 -0.158013 0.361138 11.3181 
10.5 5.5 9.5 1 0.0491917 0.150926 20.8677 
0.5 6.5 -0.5 1 -0.170997 -0.572518 10.3293 
0.5 8.5 -0.5 1 0.0147403 -0.620595 9.75268 
0.5 8.5 4.5 1 0.0603991 -0.107554 10.1029 
0.5 6.5 4.5 1 -0.121712 -0.0887545 10.6795 
0.5 2.5 2 1 -0.459192 -0.27049 11.6577 
0.5 4.5 2 1 -0.310718 -0.297087 11.0811 
0.5 4.5 4.5 1 -0.285165 -0.0718816 11.2562 
0.5 2.5 4.5 1 -0.432687 -0.0566532 11.8328 
