0 0 0 1 -0.063116 -0.0372072 26.3134 
0 0 6.5 1 -0.0482952 0.214343 25.3619 
10 0 0 1 0.335235 -0.0901399 23.1582 
10 0 6.5 1 0.369231 0.194884 22.2066 
10 10 0 1 0.325562 -0.236203 13.7826 
10 10 6.5 1 0.383682 0.246254 12.831 
0 10 0 1 -0.291485 -0.126761 16.9378 
0 10 6.5 1 -0.281565 0.266987 15.9863 
0 5 10 1 -0.13036 0.411992 20.1617 
10 5 10 1 0.399609 0.423253 17.0065 
0 6 0 1 -0.175299 -0.0811991 20.6881 
0 8 0 1 -0.227602 -0.101709 18.8129 
0 8 5 1 -0.218269 0.167098 18.081 
0 6 5 1 -0.164925 0.163103 19.9561 
0 2 2.5 1 -0.0892475 0.0521233 24.0723 
0 4 2.5 1 -0.126307 0.0460025 22.1972 
0 4 5 1 -0.120744 0.159794 21.8312 
0 2 5 1 -0.0835525 0.157009 23.7063 
0.5 0.5 -0.5 1 -0.0538406 -0.0615815 25.7601 
0.5 0.5 6 1 -0.0383334 0.194644 24.8085 
10.5 0.5 -0.5 1 0.355556 -0.119212 22.6048 
10.5 0.5 6 1 0.391314 0.171817 21.6533 
10.5 10.5 -0.5 1 0.359881 -0.291988 13.2292 
10.5 10.5 6 1 0.423279 0.207889 12.2777 
0.5 10.5 -0.5 1 -0.284615 -0.168107 16.3845 
0.5 10.5 6 1 -0.273916 0.237209 15.4329 
0.5 5.5 9.5 1 -0.120072 0.392647 19.6084 
10.5 5.5 9.5 1 0.429693 0.400577 16.4531 
0.5 6.5 -0.5 1 -0.166515 -0.113592 20.1347 
0.5 8.5 -0.5 1 -0.219501 -0.138051 18.2596 
0.5 8.5 4.5 1 -0.209535 0.137726 17.5276 
0.5 6.5 4.5 1 -0.155514 0.136455 19.4028 
0.5 2.5 2 1 -0.0797031 0.027528 23.519 
0.5 4.5 2 1 -0.116883 0.01912 21.6438 
0.5 4.5 4.5 1 -0.111013 0.135409 21.2779 
0.5 2.5 4.5 1 -0.0737211 0.134532 23.153 
