0 0 0 1 -0.690499 -0.432091 11.8125 
0 0 6.5 1 -0.614095 0.10963 12.308 
10 0 0 1 -0.24598 -0.286228 21.3272 
10 0 6.5 1 -0.212981 0.0159924 21.8227 
10 10 0 1 0.233118 -0.368388 18.3455 
10 10 6.5 1 0.258739 -0.016179 18.841 
0 10 0 1 0.154706 -0.652024 8.83083 
0 10 6.5 1 0.210632 0.0745744 9.32632 
0 5 10 1 -0.223278 0.405751 11.084 
10 5 10 1 0.0211503 0.169769 20.5986 
0 6 0 1 -0.243717 -0.548349 10.0235 
0 8 0 1 -0.0571068 -0.596907 9.42717 
0 8 5 1 -0.00797035 -0.0675936 9.80832 
0 6 5 1 -0.190561 -0.0511516 10.4047 
0 2 2.5 1 -0.527924 -0.241328 11.4068 
0 4 2.5 1 -0.380869 -0.266737 10.8104 
0 4 5 1 -0.353356 -0.0364921 11.001 
0 2 5 1 -0.499409 -0.0233402 11.5973 
0.5 0.5 -0.5 1 -0.626465 -0.469646 12.101 
0.5 0.5 6 1 -0.554331 0.0611443 12.5965 
10.5 0.5 -0.5 1 -0.216066 -0.309199 21.6157 
10.5 0.5 6 1 -0.184168 -0.0104077 22.1112 
10.5 10.5 -0.5 1 0.2604 -0.393762 18.634 
10.5 10.5 6 1 0.284928 -0.0462089 19.1295 
0.5 10.5 -0.5 1 0.212935 -0.694899 9.11936 
0.5 10.5 6 1 0.264181 0.0121042 9.61486 
0.5 5.5 9.5 1 -0.166997 0.344534 11.3725 
10.5 5.5 9.5 1 0.0484177 0.139697 20.8871 
0.5 6.5 -0.5 1 -0.181075 -0.589166 10.312 
0.5 8.5 -0.5 1 0.00383768 -0.638788 9.7157 
0.5 8.5 4.5 1 0.0492694 -0.123019 10.0968 
0.5 6.5 4.5 1 -0.131586 -0.10393 10.6932 
0.5 2.5 2 1 -0.465679 -0.284892 11.6953 
0.5 4.5 2 1 -0.319103 -0.311981 11.0989 
0.5 4.5 4.5 1 -0.293336 -0.086857 11.2895 
0.5 2.5 4.5 1 -0.438854 -0.0714975 11.8859 
