0 0 0 1 -0.322276 -0.207317 22.91 
0 0 6.5 1 -0.354664 0.0757882 22.5887 
10 0 0 1 0.0779678 -0.140859 26.0957 
10 0 6.5 1 0.0545721 0.108084 25.7744 
10 10 0 1 0.315977 -0.230525 16.6296 
10 10 6.5 1 0.28369 0.161148 16.3083 
0 10 0 1 -0.309687 -0.365026 13.4439 
0 10 6.5 1 -0.365131 0.118438 13.1226 
0 5 10 1 -0.381143 0.28912 17.6827 
10 5 10 1 0.128345 0.296442 20.8683 
0 6 0 1 -0.316382 -0.281148 17.2304 
0 8 0 1 -0.313448 -0.31791 15.3372 
0 8 5 1 -0.350598 0.00627091 15.09 
0 6 5 1 -0.349434 0.00742946 16.9832 
0 2 2.5 1 -0.334124 -0.10989 20.8932 
0 4 2.5 1 -0.333523 -0.1225 19 
0 4 5 1 -0.348503 0.00835562 18.8764 
0 2 5 1 -0.347742 0.00911293 20.7697 
0.5 0.5 -0.5 1 -0.296327 -0.229917 22.6207 
0.5 0.5 6 1 -0.328762 0.0565359 22.2994 
10.5 0.5 -0.5 1 0.1052 -0.159923 25.8064 
10.5 0.5 6 1 0.081882 0.0916045 25.4851 
10.5 10.5 -0.5 1 0.363198 -0.262222 16.3403 
10.5 10.5 6 1 0.331276 0.135889 16.019 
0.5 10.5 -0.5 1 -0.264789 -0.407356 13.1546 
0.5 10.5 6 1 -0.320358 0.0859463 12.8333 
0.5 5.5 9.5 1 -0.348376 0.267986 17.3934 
10.5 5.5 9.5 1 0.163203 0.278682 20.579 
0.5 6.5 -0.5 1 -0.281634 -0.312585 16.9411 
0.5 8.5 -0.5 1 -0.274271 -0.354009 15.0479 
0.5 8.5 4.5 1 -0.311493 -0.0240944 14.8007 
0.5 6.5 4.5 1 -0.314744 -0.0194721 16.6939 
0.5 2.5 2 1 -0.305802 -0.133334 20.6039 
0.5 4.5 2 1 -0.302326 -0.148511 18.7107 
0.5 4.5 4.5 1 -0.317332 -0.0157914 18.5871 
0.5 2.5 4.5 1 -0.319442 -0.0127913 20.4804 
