0 0 0 1 0.214193 -0.390528 21.3188 
0 0 6.5 1 0.196474 -0.0863965 22.5837 
10 0 0 1 0.700988 -0.521942 12.4003 
10 0 6.5 1 0.626645 -0.00715542 13.6651 
10 10 0 1 -0.049835 -0.702968 8.31703 
10 10 6.5 1 -0.056744 0.0550855 9.58192 
0 10 0 1 -0.263442 -0.446749 17.2356 
0 10 6.5 1 -0.252416 -0.0716494 18.5005 
0 5 10 1 -0.008761 0.084532 21.2232 
10 5 10 1 0.320217 0.296426 12.3046 
0 6 0 1 -0.0475811 -0.421341 18.8689 
0 8 0 1 -0.150629 -0.43347 18.0522 
0 8 5 1 -0.148151 -0.153569 19.0252 
0 6 5 1 -0.0502581 -0.153555 19.8419 
0 2 2.5 1 0.128415 -0.273898 20.9887 
0 4 2.5 1 0.0433212 -0.278784 20.172 
0 4 5 1 0.0398949 -0.153541 20.6585 
0 2 5 1 0.123191 -0.153529 21.4751 
0.5 0.5 -0.5 1 0.210352 -0.422527 20.5714 
0.5 0.5 6 1 0.192249 -0.106133 21.8363 
10.5 0.5 -0.5 1 0.725429 -0.58686 11.6529 
10.5 0.5 6 1 0.644392 -0.0359328 12.9178 
10.5 10.5 -0.5 1 -0.0863421 -0.820778 7.56964 
10.5 10.5 6 1 -0.0886087 0.0182729 8.83453 
0.5 10.5 -0.5 1 -0.289884 -0.489221 16.4882 
0.5 10.5 6 1 -0.27651 -0.095304 17.7531 
0.5 5.5 9.5 1 -0.020758 0.0697235 20.4758 
10.5 5.5 9.5 1 0.320237 0.283893 11.5572 
0.5 6.5 -0.5 1 -0.0627378 -0.458937 18.1215 
0.5 8.5 -0.5 1 -0.170951 -0.473364 17.3048 
0.5 8.5 4.5 1 -0.16729 -0.179895 18.2778 
0.5 6.5 4.5 1 -0.0647473 -0.178754 19.0945 
0.5 2.5 2 1 0.121344 -0.302113 20.2413 
0.5 4.5 2 1 0.0326789 -0.308373 19.4246 
0.5 4.5 4.5 1 0.029384 -0.177706 19.9111 
0.5 2.5 4.5 1 0.116098 -0.176741 20.7278 
