0 0 0 1 -0.333478 -0.245825 22.5375 
0 0 6.5 1 -0.365079 0.0414029 22.3435 
10 0 0 1 0.0692121 -0.173373 26.0217 
10 0 6.5 1 0.044899 0.075652 25.8276 
10 10 0 1 0.3181 -0.266967 16.653 
10 10 6.5 1 0.282882 0.122703 16.459 
0 10 0 1 -0.305224 -0.415726 13.1689 
0 10 6.5 1 -0.359222 0.076358 12.9748 
0 5 10 1 -0.384761 0.252882 17.5546 
10 5 10 1 0.121795 0.259905 21.0388 
0 6 0 1 -0.320281 -0.325183 16.9163 
0 8 0 1 -0.31369 -0.364815 15.0426 
0 8 5 1 -0.349961 -0.0345394 14.8933 
0 6 5 1 -0.352557 -0.0314626 16.767 
0 2 2.5 1 -0.343054 -0.147674 20.5891 
0 4 2.5 1 -0.340036 -0.161757 18.7154 
0 4 5 1 -0.354631 -0.0290044 18.6408 
0 2 5 1 -0.356327 -0.0269952 20.5145 
0.5 0.5 -0.5 1 -0.306663 -0.268795 22.2582 
0.5 0.5 6 1 -0.338429 0.0218668 22.0642 
10.5 0.5 -0.5 1 0.0967668 -0.192448 25.7424 
10.5 0.5 6 1 0.0723971 0.0591545 25.5483 
10.5 10.5 -0.5 1 0.365666 -0.298553 16.3737 
10.5 10.5 6 1 0.33041 0.0974645 16.1797 
0.5 10.5 -0.5 1 -0.258306 -0.459073 12.8896 
0.5 10.5 6 1 -0.312775 0.0431742 12.6955 
0.5 5.5 9.5 1 -0.351041 0.23135 17.2753 
10.5 5.5 9.5 1 0.156671 0.242081 20.7595 
0.5 6.5 -0.5 1 -0.284184 -0.357246 16.637 
0.5 8.5 -0.5 1 -0.272888 -0.401697 14.7633 
0.5 8.5 4.5 1 -0.309435 -0.0654863 14.614 
0.5 6.5 4.5 1 -0.316681 -0.0588405 16.4878 
0.5 2.5 2 1 -0.313798 -0.171497 20.3098 
0.5 4.5 2 1 -0.307761 -0.188215 18.4361 
0.5 4.5 4.5 1 -0.322447 -0.0535511 18.3615 
0.5 2.5 4.5 1 -0.327146 -0.0492412 20.2352 
