0 0 0 1 -0.509177 -0.323437 10.5538 
0 0 6.5 1 -0.487685 0.306363 9.8845 
10 0 0 1 -0.252749 -0.116905 20.5001 
10 0 6.5 1 -0.233382 0.203984 19.8308 
10 10 0 1 0.234383 -0.159979 20.396 
10 10 6.5 1 0.270381 0.161142 19.7267 
0 10 0 1 0.439065 -0.409567 10.4497 
0 10 6.5 1 0.525678 0.221042 9.7804 
0 5 10 1 0.048385 0.640167 9.47205 
10 5 10 1 0.0335087 0.364635 19.4183 
0 6 0 1 0.0575103 -0.37491 10.4914 
0 8 0 1 0.247908 -0.392204 10.4705 
0 8 5 1 0.303475 0.0852375 9.95567 
0 6 5 1 0.103135 0.102428 9.97649 
0 2 2.5 1 -0.308363 -0.107943 10.2756 
0 4 2.5 1 -0.114701 -0.125059 10.2547 
0 4 5 1 -0.0963704 0.119547 9.99731 
0 2 5 1 -0.295047 0.136594 10.0181 
0.5 0.5 -0.5 1 -0.442319 -0.351567 11.0974 
0.5 0.5 6 1 -0.417657 0.243597 10.4281 
10.5 0.5 -0.5 1 -0.224115 -0.137074 21.0437 
10.5 0.5 6 1 -0.204324 0.174591 20.3744 
10.5 10.5 -0.5 1 0.250513 -0.17913 20.9396 
10.5 10.5 6 1 0.286077 0.132747 20.2703 
0.5 10.5 -0.5 1 0.459667 -0.433705 10.9933 
0.5 10.5 6 1 0.543055 0.162136 10.324 
0.5 5.5 9.5 1 0.0922018 0.556699 10.0156 
10.5 5.5 9.5 1 0.0558983 0.33026 19.9619 
0.5 6.5 -0.5 1 0.0968302 -0.400663 11.0349 
0.5 8.5 -0.5 1 0.277906 -0.417153 11.0141 
0.5 8.5 4.5 1 0.332066 0.0343459 10.4993 
0.5 6.5 4.5 1 0.142022 0.0507487 10.5201 
0.5 2.5 2 1 -0.249876 -0.147624 10.8192 
0.5 4.5 2 1 -0.0658502 -0.163954 10.7983 
0.5 4.5 4.5 1 -0.047272 0.0670867 10.5409 
0.5 2.5 4.5 1 -0.235819 0.0833602 10.5617 
