0 0 0 1 0.241125 -0.39942 20.842 
0 0 6.5 1 0.215302 -0.0879438 21.9944 
10 0 0 1 0.719529 -0.561605 11.5823 
10 0 6.5 1 0.631637 -0.00896913 12.7347 
10 10 0 1 -0.132459 -0.767569 8.24855 
10 10 6.5 1 -0.147076 0.00628758 9.40099 
0 10 0 1 -0.251358 -0.465573 17.5083 
0 10 6.5 1 -0.251379 -0.0943664 18.6607 
0 5 10 1 -0.00639293 0.0760638 20.9481 
10 5 10 1 0.27158 0.292038 11.6884 
0 6 0 1 -0.0334522 -0.436303 18.8418 
0 8 0 1 -0.138408 -0.450401 18.175 
0 8 5 1 -0.143677 -0.171567 19.0615 
0 6 5 1 -0.0432591 -0.167526 19.7283 
0 2 2.5 1 0.146891 -0.282862 20.6185 
0 4 2.5 1 0.0573086 -0.290577 19.9518 
0 4 5 1 0.050593 -0.163749 20.395 
0 2 5 1 0.138503 -0.160211 21.0618 
0.5 0.5 -0.5 1 0.235639 -0.433152 20.1237 
0.5 0.5 6 1 0.209242 -0.109333 21.2761 
10.5 0.5 -0.5 1 0.741 -0.634812 10.8639 
10.5 0.5 6 1 0.645794 -0.0421194 12.0164 
10.5 10.5 -0.5 1 -0.182755 -0.892833 7.53022 
10.5 10.5 6 1 -0.191905 -0.0383285 8.68267 
0.5 10.5 -0.5 1 -0.279002 -0.508833 16.79 
0.5 10.5 6 1 -0.277248 -0.119987 17.9424 
0.5 5.5 9.5 1 -0.0206385 0.0593922 20.2298 
10.5 5.5 9.5 1 0.263512 0.275436 10.9701 
0.5 6.5 -0.5 1 -0.0504259 -0.47522 18.1235 
0.5 8.5 -0.5 1 -0.160349 -0.491384 17.4567 
0.5 8.5 4.5 1 -0.164764 -0.199651 18.3432 
0.5 6.5 4.5 1 -0.0598119 -0.194472 19.0099 
0.5 2.5 2 1 0.137943 -0.312765 19.9002 
0.5 4.5 2 1 0.0447042 -0.321805 19.2334 
0.5 4.5 4.5 1 0.0380273 -0.189644 19.6767 
0.5 2.5 4.5 1 0.129453 -0.185132 20.3434 
