0 0 0 1 -0.00943178 -0.0914876 25.9276 
0 0 6.5 1 0.0144728 0.160139 25.5127 
10 0 0 1 0.40132 -0.164522 21.3041 
10 0 6.5 1 0.438674 0.141348 20.8892 
10 10 0 1 0.311718 -0.29131 12.4601 
10 10 6.5 1 0.373412 0.234772 12.0452 
0 10 0 1 -0.287424 -0.146153 17.0836 
0 10 6.5 1 -0.257756 0.23762 16.6687 
0 5 10 1 -0.0782619 0.359433 20.8673 
10 5 10 1 0.440856 0.391993 16.2438 
0 6 0 1 -0.147613 -0.11866 20.6212 
0 8 0 1 -0.21096 -0.131117 18.8524 
0 8 5 1 -0.189118 0.134652 18.5333 
0 6 5 1 -0.126678 0.12415 20.3021 
0 2 2.5 1 -0.0392352 0.00361265 23.9992 
0 4 2.5 1 -0.0843328 0.00277761 22.2304 
0 4 5 1 -0.0742466 0.115331 22.0709 
0 2 5 1 -0.0295954 0.107821 23.8396 
0.5 0.5 -0.5 1 -0.0033745 -0.11594 25.2861 
0.5 0.5 6 1 0.0212476 0.141769 24.8712 
10.5 0.5 -0.5 1 0.421484 -0.196714 20.6626 
10.5 0.5 6 1 0.460434 0.118187 20.2477 
10.5 10.5 -0.5 1 0.342108 -0.354472 11.8187 
10.5 10.5 6 1 0.408378 0.198904 11.4038 
0.5 10.5 -0.5 1 -0.288954 -0.185891 16.4422 
0.5 10.5 6 1 -0.258138 0.212213 16.0273 
0.5 5.5 9.5 1 -0.0728721 0.343163 20.2258 
10.5 5.5 9.5 1 0.469186 0.372241 15.6023 
0.5 6.5 -0.5 1 -0.144384 -0.150479 19.9798 
0.5 8.5 -0.5 1 -0.209648 -0.166465 18.211 
0.5 8.5 4.5 1 -0.186999 0.108202 17.8918 
0.5 6.5 4.5 1 -0.122713 0.0997362 19.6606 
0.5 2.5 2 1 -0.0334963 -0.0202471 23.3578 
0.5 4.5 2 1 -0.0794637 -0.0230617 21.589 
0.5 4.5 4.5 1 -0.0690393 0.0926684 21.4294 
0.5 2.5 4.5 1 -0.0235505 0.0866784 23.1982 
