0 0 0 1 0.25651 -0.0279676 18.0384 
0 0 6.5 1 0.26464 0.349639 16.7996 
10 0 0 1 -0.20564 -0.18955 10.9529 
10 0 6.5 1 -0.250519 0.442877 9.7141 
10 10 0 1 -0.535556 -0.0542335 17.7473 
10 10 6.5 1 -0.586721 0.32806 16.5085 
0 10 0 1 -0.105718 0.0245294 24.8328 
0 10 6.5 1 -0.118949 0.296153 23.594 
0 5 10 1 0.0369746 0.505131 19.5297 
10 5 10 1 -0.494792 0.666447 12.4442 
0 6 0 1 0.0124642 0.00740148 22.115 
0 8 0 1 -0.0500478 0.0164612 23.4739 
0 8 5 1 -0.0583547 0.235016 22.521 
0 6 5 1 0.00643881 0.239582 21.1621 
0 2 2.5 1 0.164204 0.114764 18.9208 
0 4 2.5 1 0.0816786 0.118056 20.2797 
0 4 5 1 0.0801245 0.244775 19.8032 
0 2 5 1 0.164668 0.250733 18.4443 
0.5 0.5 -0.5 1 0.21714 -0.0561852 18.1191 
0.5 0.5 6 1 0.222341 0.317545 16.8803 
10.5 0.5 -0.5 1 -0.266911 -0.234705 11.0337 
10.5 0.5 6 1 -0.31917 0.386797 9.79484 
10.5 10.5 -0.5 1 -0.571982 -0.0827929 17.8281 
10.5 10.5 6 1 -0.625619 0.295507 16.5892 
0.5 10.5 -0.5 1 -0.133178 0.00383714 24.9135 
0.5 10.5 6 1 -0.1478 0.273451 23.6747 
0.5 5.5 9.5 1 0.00150205 0.476865 19.6104 
10.5 5.5 9.5 1 -0.546903 0.62115 12.525 
0.5 6.5 -0.5 1 -0.0187874 -0.0157622 22.1958 
0.5 8.5 -0.5 1 -0.0792822 -0.00539716 23.5547 
0.5 8.5 4.5 1 -0.0887921 0.211455 22.6017 
0.5 6.5 4.5 1 -0.0261918 0.214497 21.2428 
0.5 2.5 2 1 0.127054 0.0872498 19.0015 
0.5 4.5 2 1 0.0473354 0.0923657 20.3604 
0.5 4.5 4.5 1 0.0449646 0.217954 19.8839 
0.5 2.5 4.5 1 0.12656 0.221919 18.5251 
