0 0 0 1 -0.0514779 -0.0406387 26.2524 
0 0 6.5 1 -0.0342478 0.211005 25.3928 
10 0 0 1 0.349194 -0.0977051 22.7973 
10 0 6.5 1 0.384838 0.191336 21.9377 
10 10 0 1 0.325172 -0.237128 13.5068 
10 10 6.5 1 0.385367 0.254762 12.6472 
0 10 0 1 -0.290066 -0.120405 16.9619 
0 10 6.5 1 -0.275632 0.272171 16.1023 
0 5 10 1 -0.118048 0.410647 20.2847 
10 5 10 1 0.411036 0.425994 16.8296 
0 6 0 1 -0.168904 -0.0798971 20.6781 
0 8 0 1 -0.223504 -0.0981513 18.82 
0 8 5 1 -0.211234 0.170441 18.1588 
0 6 5 1 -0.155969 0.164366 20.0169 
0 2 2.5 1 -0.0781199 0.0502481 24.0637 
0 4 2.5 1 -0.116799 0.0456673 22.2056 
0 4 5 1 -0.110093 0.159322 21.875 
0 2 5 1 -0.0714007 0.155069 23.7331 
0.5 0.5 -0.5 1 -0.0428836 -0.0649455 25.6813 
0.5 0.5 6 1 -0.0249595 0.191647 24.8216 
10.5 0.5 -0.5 1 0.369421 -0.127257 22.2261 
10.5 0.5 6 1 0.406831 0.168321 21.3665 
10.5 10.5 -0.5 1 0.358865 -0.294061 12.9357 
10.5 10.5 6 1 0.424305 0.217042 12.076 
0.5 10.5 -0.5 1 -0.284914 -0.161269 16.3908 
0.5 10.5 6 1 -0.269664 0.243482 15.5311 
0.5 5.5 9.5 1 -0.108781 0.392057 19.7135 
10.5 5.5 9.5 1 0.440859 0.403992 16.2584 
0.5 6.5 -0.5 1 -0.161263 -0.112058 20.107 
0.5 8.5 -0.5 1 -0.216793 -0.134158 18.2489 
0.5 8.5 4.5 1 -0.203873 0.141803 17.5876 
0.5 6.5 4.5 1 -0.147688 0.138286 19.4457 
0.5 2.5 2 1 -0.0693727 0.0258863 23.4925 
0.5 4.5 2 1 -0.108321 0.0190922 21.6344 
0.5 4.5 4.5 1 -0.101305 0.135382 21.3038 
0.5 2.5 4.5 1 -0.0623629 0.132944 23.1619 
