0 0 0 1 -0.537575 -0.448954 17.0565 
0 0 6.5 1 -0.520279 -0.0695539 18.1992 
10 0 0 1 -0.0742222 -0.35842 23.7198 
10 0 6.5 1 -0.0828579 -0.0848629 24.8625 
10 10 0 1 0.299889 -0.41838 16.4735 
10 10 6.5 1 0.263434 -0.0284073 17.6162 
0 10 0 1 -0.251616 -0.616514 9.81016 
0 10 6.5 1 -0.252712 0.0313755 10.9529 
0 5 10 1 -0.413366 0.196206 15.1913 
10 5 10 1 0.0516613 0.0977616 21.8547 
0 6 0 1 -0.405132 -0.52656 12.7087 
0 8 0 1 -0.338254 -0.565748 11.2594 
0 8 5 1 -0.332741 -0.119724 12.1384 
0 6 5 1 -0.39588 -0.130645 13.5877 
0 2 2.5 1 -0.495066 -0.303945 16.0467 
0 4 2.5 1 -0.452411 -0.312069 14.5975 
0 4 5 1 -0.446849 -0.13946 15.037 
0 2 5 1 -0.488856 -0.146725 16.4862 
0.5 0.5 -0.5 1 -0.498283 -0.478822 16.9395 
0.5 0.5 6 1 -0.483359 -0.0950788 18.0822 
10.5 0.5 -0.5 1 -0.0437249 -0.379407 23.6028 
10.5 0.5 6 1 -0.0538098 -0.103587 24.7455 
10.5 10.5 -0.5 1 0.346574 -0.449094 16.3564 
10.5 10.5 6 1 0.306827 -0.0545074 17.4991 
0.5 10.5 -0.5 1 -0.179497 -0.670735 9.69311 
0.5 10.5 6 1 -0.18821 -0.0101286 10.8358 
0.5 5.5 9.5 1 -0.368247 0.167651 15.0743 
10.5 5.5 9.5 1 0.0854532 0.07743 21.7376 
0.5 6.5 -0.5 1 -0.351041 -0.567463 12.5917 
0.5 8.5 -0.5 1 -0.276426 -0.612383 11.1424 
0.5 8.5 4.5 1 -0.275379 -0.158606 12.0214 
0.5 6.5 4.5 1 -0.345239 -0.165438 13.4706 
0.5 2.5 2 1 -0.452971 -0.334641 15.9297 
0.5 4.5 2 1 -0.405758 -0.345903 14.4804 
0.5 4.5 4.5 1 -0.401526 -0.170943 14.9199 
0.5 2.5 4.5 1 -0.447847 -0.175473 16.3692 
