0 0 0 1 -0.272884 -0.379355 10.2532 
0 0 6.5 1 -0.289681 0.276042 9.0171 
10 0 0 1 -0.248282 -0.0993744 19.8342 
10 0 6.5 1 -0.254791 0.236995 18.5982 
10 10 0 1 0.22036 -0.0837529 21.9759 
10 10 6.5 1 0.242453 0.218812 20.7399 
0 10 0 1 0.562262 -0.303281 12.3949 
0 10 6.5 1 0.641198 0.234752 11.1588 
0 5 10 1 0.251691 0.635614 9.42238 
10 5 10 1 0.012891 0.416113 19.0034 
0 6 0 1 0.265408 -0.330322 11.5382 
0 8 0 1 0.419148 -0.316317 11.9665 
0 8 5 1 0.468304 0.101806 11.0157 
0 6 5 1 0.302746 0.10346 10.5874 
0 2 2.5 1 -0.075742 -0.138168 10.2061 
0 4 2.5 1 0.110997 -0.130149 10.6344 
0 4 5 1 0.123227 0.105254 10.159 
0 2 5 1 -0.072097 0.107205 9.73068 
0.5 0.5 -0.5 1 -0.222252 -0.391225 10.9344 
0.5 0.5 6 1 -0.231417 0.216623 9.69832 
10.5 0.5 -0.5 1 -0.222113 -0.114998 20.5154 
10.5 0.5 6 1 -0.226714 0.208485 19.2794 
10.5 10.5 -0.5 1 0.229965 -0.0983691 22.6572 
10.5 10.5 6 1 0.25191 0.19373 21.4211 
0.5 10.5 -0.5 1 0.561092 -0.31717 13.0761 
0.5 10.5 6 1 0.635364 0.188457 11.84 
0.5 5.5 9.5 1 0.271117 0.554336 10.1036 
10.5 5.5 9.5 1 0.031126 0.381991 19.6847 
0.5 6.5 -0.5 1 0.280706 -0.343677 12.2194 
0.5 8.5 -0.5 1 0.425647 -0.329974 12.6478 
0.5 8.5 4.5 1 0.472468 0.0626869 11.6969 
0.5 6.5 4.5 1 0.317077 0.0627542 11.2686 
0.5 2.5 2 1 -0.0372267 -0.165181 10.8873 
0.5 4.5 2 1 0.136812 -0.156622 11.3157 
0.5 4.5 4.5 1 0.149406 0.0628269 10.8402 
0.5 2.5 4.5 1 -0.0320616 0.0629055 10.4119 
