0 0 0 1 -0.625057 -0.509883 15.0737 
0 0 6.5 1 -0.576548 -0.0803762 16.3648 
10 0 0 1 -0.137747 -0.406184 22.6903 
10 0 6.5 1 -0.13088 -0.118674 23.9814 
10 10 0 1 0.281031 -0.481186 16.5225 
10 10 6.5 1 0.259924 -0.0886913 17.8135 
0 10 0 1 -0.185615 -0.720846 8.90586 
0 10 6.5 1 -0.163404 -0.00483324 10.1969 
0 5 10 1 -0.397661 0.196618 13.9761 
10 5 10 1 0.034209 0.0563766 21.5927 
0 6 0 1 -0.418588 -0.609002 11.373 
0 8 0 1 -0.316273 -0.658121 10.1394 
0 8 5 1 -0.288968 -0.159227 11.1326 
0 6 5 1 -0.385789 -0.16382 12.3661 
0 2 2.5 1 -0.549164 -0.347529 14.3367 
0 4 2.5 1 -0.482284 -0.360922 13.1031 
0 4 5 1 -0.465047 -0.167579 13.5997 
0 2 5 1 -0.531121 -0.170713 14.8333 
0.5 0.5 -0.5 1 -0.579368 -0.54424 15.0468 
0.5 0.5 6 1 -0.534389 -0.111312 16.3379 
10.5 0.5 -0.5 1 -0.106835 -0.428872 22.6634 
10.5 0.5 6 1 -0.101626 -0.139816 23.9545 
10.5 10.5 -0.5 1 0.324184 -0.512479 16.4956 
10.5 10.5 6 1 0.299913 -0.11712 17.7867 
0.5 10.5 -0.5 1 -0.106858 -0.779708 8.87899 
0.5 10.5 6 1 -0.0945859 -0.0543309 10.1701 
0.5 5.5 9.5 1 -0.347938 0.160918 13.9492 
10.5 5.5 9.5 1 0.0669087 0.0331106 21.5658 
0.5 6.5 -0.5 1 -0.357508 -0.6548 11.3461 
0.5 8.5 -0.5 1 -0.24747 -0.709636 10.1126 
0.5 8.5 4.5 1 -0.226251 -0.204928 11.1057 
0.5 6.5 4.5 1 -0.329554 -0.204962 12.3393 
0.5 2.5 2 1 -0.50098 -0.383351 14.3098 
0.5 4.5 2 1 -0.429416 -0.400151 13.0763 
0.5 4.5 4.5 1 -0.414079 -0.20499 13.5728 
0.5 2.5 4.5 1 -0.48452 -0.205013 14.8064 
