0 0 0 1 -0.285915 -0.0914758 23.9189 
0 0 6.5 1 -0.317931 0.18316 23.2045 
10 0 0 1 0.109879 -0.0435234 26.0871 
10 0 6.5 1 0.0917439 0.208994 25.3727 
10 10 0 1 0.313033 -0.123419 16.3871 
10 10 6.5 1 0.292934 0.281743 15.6726 
0 10 0 1 -0.321791 -0.216267 14.2189 
0 10 6.5 1 -0.378703 0.249033 13.5044 
0 5 10 1 -0.363713 0.404751 17.9697 
10 5 10 1 0.157383 0.413442 20.1379 
0 6 0 1 -0.302826 -0.150299 18.0989 
0 8 0 1 -0.31117 -0.179323 16.1589 
0 8 5 1 -0.348671 0.131636 15.6093 
0 6 5 1 -0.33592 0.127194 17.5493 
0 2 2.5 1 -0.303781 0.00510442 21.7041 
0 4 2.5 1 -0.310696 -0.00337115 19.7641 
0 4 5 1 -0.325707 0.123636 19.4893 
0 2 5 1 -0.317344 0.120722 21.4293 
0.5 0.5 -0.5 1 -0.262696 -0.113359 23.5973 
0.5 0.5 6 1 -0.294437 0.164453 22.8828 
10.5 0.5 -0.5 1 0.136085 -0.0629666 25.7655 
10.5 0.5 6 1 0.118464 0.192238 25.051 
10.5 10.5 -0.5 1 0.359128 -0.156201 16.0654 
10.5 10.5 6 1 0.340754 0.255924 15.351 
0.5 10.5 -0.5 1 -0.283197 -0.256313 13.8972 
0.5 10.5 6 1 -0.339405 0.21817 13.1828 
0.5 5.5 9.5 1 -0.334085 0.384535 17.6481 
10.5 5.5 9.5 1 0.192227 0.395579 19.8163 
0.5 6.5 -0.5 1 -0.272312 -0.180411 17.7772 
0.5 8.5 -0.5 1 -0.277088 -0.213713 15.8372 
0.5 8.5 4.5 1 -0.314152 0.102552 15.2877 
0.5 6.5 4.5 1 -0.30505 0.101302 17.2277 
0.5 2.5 2 1 -0.278426 -0.0175928 21.3825 
0.5 4.5 2 1 -0.282926 -0.0284733 19.4425 
0.5 4.5 4.5 1 -0.29779 0.100305 19.1677 
0.5 2.5 4.5 1 -0.291865 0.099491 21.1077 
