0 0 0 1 0.286057 -0.263063 18.5953 
0 0 6.5 1 0.252746 0.0851984 18.4877 
10 0 0 1 0.168676 -0.580446 9.33779 
10 0 6.5 1 0.100588 0.113407 9.23024 
10 10 0 1 -0.582821 -0.47875 13.1155 
10 10 6.5 1 -0.637349 0.014438 13.008 
0 10 0 1 -0.174306 -0.257038 22.373 
0 10 6.5 1 -0.204189 0.0321645 22.2655 
0 5 10 1 -0.0140265 0.227761 20.3187 
10 5 10 1 -0.364269 0.370616 11.0612 
0 6 0 1 -0.0101678 -0.259186 20.8619 
0 8 0 1 -0.095105 -0.258074 21.6175 
0 8 5 1 -0.118568 -0.0280664 21.5347 
0 6 5 1 -0.0341454 -0.0208193 20.7792 
0 2 2.5 1 0.16711 -0.13342 19.3095 
0 4 2.5 1 0.0689256 -0.136958 20.065 
0 4 5 1 0.0566479 -0.0130253 20.0237 
0 2 5 1 0.154562 -0.0046201 19.2681 
0.5 0.5 -0.5 1 0.257556 -0.2978 18.3296 
0.5 0.5 6 1 0.223591 0.0553346 18.222 
10.5 0.5 -0.5 1 0.107653 -0.659926 9.07208 
10.5 0.5 6 1 0.0368145 0.0535401 8.96452 
10.5 10.5 -0.5 1 -0.641443 -0.532761 12.8498 
10.5 10.5 6 1 -0.697603 -0.0297442 12.7422 
0.5 10.5 -0.5 1 -0.20347 -0.285766 22.1073 
0.5 10.5 6 1 -0.233856 0.00678828 21.9998 
0.5 5.5 9.5 1 -0.0440547 0.202513 20.053 
10.5 5.5 9.5 1 -0.428669 0.327233 10.7955 
0.5 6.5 -0.5 1 -0.0393541 -0.29005 20.5962 
0.5 8.5 -0.5 1 -0.124316 -0.287832 21.3518 
0.5 8.5 4.5 1 -0.148185 -0.0550669 21.269 
0.5 6.5 4.5 1 -0.06376 -0.0487204 20.5135 
0.5 2.5 2 1 0.138018 -0.165046 19.0438 
0.5 4.5 2 1 0.039626 -0.167424 19.7993 
0.5 4.5 4.5 1 0.0271218 -0.0418885 19.7579 
0.5 2.5 4.5 1 0.125231 -0.0345134 19.0024 
