0 0 0 1 -0.54323 -0.298279 10.6569 
0 0 6.5 1 -0.512315 0.322796 10.141 
10 0 0 1 -0.252062 -0.118251 20.6117 
10 0 6.5 1 -0.228986 0.199786 20.0958 
10 10 0 1 0.236188 -0.168933 20.0901 
10 10 6.5 1 0.272749 0.156245 19.5741 
0 10 0 1 0.409588 -0.408006 10.1353 
0 10 6.5 1 0.493285 0.240865 9.61935 
0 5 10 1 0.00984883 0.652912 9.60236 
10 5 10 1 0.035195 0.358482 19.5571 
0 6 0 1 0.0169287 -0.362787 10.344 
0 8 0 1 0.211258 -0.385166 10.2396 
0 8 5 1 0.266182 0.103558 9.84275 
0 6 5 1 0.0635226 0.121704 9.94708 
0 2 2.5 1 -0.345049 -0.0858036 10.3542 
0 4 2.5 1 -0.154598 -0.105341 10.2498 
0 4 5 1 -0.134929 0.139473 10.0514 
0 2 5 1 -0.329304 0.156877 10.1557 
0.5 0.5 -0.5 1 -0.475286 -0.330026 11.1683 
0.5 0.5 6 1 -0.442565 0.259698 10.6523 
10.5 0.5 -0.5 1 -0.223187 -0.139395 21.1231 
10.5 0.5 6 1 -0.199961 0.170222 20.6071 
10.5 10.5 -0.5 1 0.253675 -0.189353 20.6014 
10.5 10.5 6 1 0.289754 0.127021 20.0855 
0.5 10.5 -0.5 1 0.435098 -0.436038 10.6466 
0.5 10.5 6 1 0.515869 0.178654 10.1307 
0.5 5.5 9.5 1 0.0569136 0.569763 10.1137 
10.5 5.5 9.5 1 0.0582679 0.32408 20.0685 
0.5 6.5 -0.5 1 0.0604446 -0.392411 10.8553 
0.5 8.5 -0.5 1 0.245953 -0.414012 10.751 
0.5 8.5 4.5 1 0.299495 0.0494697 10.3541 
0.5 6.5 4.5 1 0.106412 0.0672678 10.4584 
0.5 2.5 2 1 -0.284539 -0.128434 10.8655 
0.5 4.5 2 1 -0.102551 -0.147457 10.7612 
0.5 4.5 4.5 1 -0.0828567 0.0847144 10.5628 
0.5 2.5 4.5 1 -0.268423 0.10182 10.6671 
