0 0 0 1 -0.311443 -0.169508 23.2482 
0 0 6.5 1 -0.344201 0.11031 22.8029 
10 0 0 1 0.0869417 -0.108896 26.1317 
10 0 6.5 1 0.0647672 0.140561 25.6864 
10 10 0 1 0.314276 -0.194643 16.581 
10 10 6.5 1 0.28525 0.2001 16.1357 
0 10 0 1 -0.31403 -0.315569 13.6974 
0 10 6.5 1 -0.370482 0.161003 13.2522 
0 5 10 1 -0.377044 0.326117 17.7878 
10 5 10 1 0.135726 0.333603 20.6713 
0 6 0 1 -0.312657 -0.238033 17.5177 
0 8 0 1 -0.313259 -0.272056 15.6076 
0 8 5 1 -0.350941 0.0471741 15.2651 
0 6 5 1 -0.346135 0.0463729 17.1752 
0 2 2.5 1 -0.325351 -0.0724706 21.1668 
0 4 2.5 1 -0.327098 -0.083624 19.2566 
0 4 5 1 -0.342292 0.045732 19.0854 
0 2 5 1 -0.339148 0.0452078 20.9955 
0.5 0.5 -0.5 1 -0.286335 -0.191804 22.9491 
0.5 0.5 6 1 -0.319031 0.0912926 22.5038 
10.5 0.5 -0.5 1 0.11386 -0.128001 25.8326 
10.5 0.5 6 1 0.0918964 0.12406 25.3873 
10.5 10.5 -0.5 1 0.361161 -0.22653 16.2819 
10.5 10.5 6 1 0.332904 0.174773 15.8366 
0.5 10.5 -0.5 1 -0.271082 -0.357018 13.3983 
0.5 10.5 6 1 -0.327361 0.129134 12.9531 
0.5 5.5 9.5 1 -0.345218 0.305337 17.4887 
10.5 5.5 9.5 1 0.170575 0.315874 20.3722 
0.5 6.5 -0.5 1 -0.279214 -0.268939 17.2186 
0.5 8.5 -0.5 1 -0.275655 -0.307483 15.3085 
0.5 8.5 4.5 1 -0.313229 0.0173166 14.966 
0.5 6.5 4.5 1 -0.312607 0.0198806 16.8761 
0.5 2.5 2 1 -0.297938 -0.095599 20.8677 
0.5 4.5 2 1 -0.296951 -0.109259 18.9575 
0.5 4.5 4.5 1 -0.312111 0.0219232 18.7863 
0.5 2.5 4.5 1 -0.311707 0.0235888 20.6964 
