0 0 0 1 -0.426323 -0.423631 19.6626 
0 0 6.5 1 -0.441866 -0.0929195 20.2661 
10 0 0 1 0.00506946 -0.323793 24.9094 
10 0 6.5 1 -0.0174809 -0.0634547 25.5129 
10 10 0 1 0.322573 -0.414272 16.4472 
10 10 6.5 1 0.277594 -0.0215258 17.0506 
0 10 0 1 -0.286016 -0.631925 11.2004 
0 10 6.5 1 -0.319875 -0.0534767 11.8038 
0 5 10 1 -0.407916 0.135335 16.3599 
10 5 10 1 0.0849476 0.114699 21.6067 
0 6 0 1 -0.361676 -0.519603 14.5853 
0 8 0 1 -0.328812 -0.568392 12.8928 
0 8 5 1 -0.350341 -0.177381 13.357 
0 6 5 1 -0.379771 -0.174069 15.0495 
0 2 2.5 1 -0.415712 -0.307646 18.2023 
0 4 2.5 1 -0.395587 -0.324018 16.5098 
0 4 5 1 -0.40325 -0.171428 16.7419 
0 2 5 1 -0.422418 -0.169271 18.4344 
0.5 0.5 -0.5 1 -0.393422 -0.449734 19.4554 
0.5 0.5 6 1 -0.410116 -0.114822 20.0589 
10.5 0.5 -0.5 1 0.0346001 -0.343515 24.7022 
10.5 0.5 6 1 0.0111609 -0.0805747 25.3057 
10.5 10.5 -0.5 1 0.371542 -0.445425 16.24 
10.5 10.5 6 1 0.324255 -0.0467313 16.8434 
0.5 10.5 -0.5 1 -0.225145 -0.682048 10.9932 
0.5 10.5 6 1 -0.262777 -0.0906569 11.5967 
0.5 5.5 9.5 1 -0.368053 0.111064 16.1527 
10.5 5.5 9.5 1 0.119809 0.0961788 21.3995 
0.5 6.5 -0.5 1 -0.316226 -0.556308 14.3781 
0.5 8.5 -0.5 1 -0.276761 -0.61079 12.6856 
0.5 8.5 4.5 1 -0.300467 -0.212122 13.1498 
0.5 6.5 4.5 1 -0.335994 -0.204803 14.8423 
0.5 2.5 2 1 -0.380019 -0.334533 17.9951 
0.5 4.5 2 1 -0.355933 -0.353904 16.3026 
0.5 4.5 4.5 1 -0.364249 -0.198982 16.5347 
0.5 2.5 4.5 1 -0.387256 -0.194243 18.2272 
