0 0 0 1 -0.518031 -0.316551 10.576 
0 0 6.5 1 -0.494205 0.311412 9.94402 
10 0 0 1 -0.252617 -0.116811 20.5265 
10 0 6.5 1 -0.232277 0.203415 19.8945 
10 10 0 1 0.234893 -0.161931 20.3181 
10 10 6.5 1 0.2711 0.160236 19.6861 
0 10 0 1 0.432037 -0.40899 10.3677 
0 10 6.5 1 0.518049 0.226412 9.73564 
0 5 10 1 0.038786 0.644308 9.49952 
10 5 10 1 0.0340265 0.363536 19.45 
0 6 0 1 0.0474638 -0.371572 10.451 
0 8 0 1 0.238981 -0.390206 10.4093 
0 8 5 1 0.294435 0.0902487 9.92317 
0 6 5 1 0.0933424 0.107783 9.96484 
0 2 2.5 1 -0.317752 -0.101801 10.2913 
0 4 2.5 1 -0.124736 -0.119629 10.2496 
0 4 5 1 -0.106075 0.12517 10.0065 
0 2 5 1 -0.303838 0.142414 10.0482 
0.5 0.5 -0.5 1 -0.450834 -0.345643 11.1117 
0.5 0.5 6 1 -0.424174 0.248464 10.4797 
10.5 0.5 -0.5 1 -0.223917 -0.137239 21.0622 
10.5 0.5 6 1 -0.203222 0.173958 20.4302 
10.5 10.5 -0.5 1 0.251356 -0.181404 20.8538 
10.5 10.5 6 1 0.287119 0.131619 20.2218 
0.5 10.5 -0.5 1 0.453838 -0.434096 10.9034 
0.5 10.5 6 1 0.536705 0.166621 10.2714 
0.5 5.5 9.5 1 0.0834662 0.560801 10.0352 
10.5 5.5 9.5 1 0.0565889 0.329132 19.9857 
0.5 6.5 -0.5 1 0.0878514 -0.398312 10.9867 
0.5 8.5 -0.5 1 0.270148 -0.416136 10.9451 
0.5 8.5 4.5 1 0.32421 0.0385037 10.4589 
0.5 6.5 4.5 1 0.133259 0.0553484 10.5006 
0.5 2.5 2 1 -0.258698 -0.142284 10.827 
0.5 4.5 2 1 -0.0750406 -0.159383 10.7853 
0.5 4.5 4.5 1 -0.0561823 0.0720599 10.5422 
0.5 2.5 4.5 1 -0.244132 0.0886399 10.5839 
