0 0 0 1 0.0657587 -0.360268 24.0308 
0 0 6.5 1 0.0863804 -0.0897081 24.6998 
10 0 0 1 0.516992 -0.498179 17.2217 
10 0 6.5 1 0.52859 -0.119488 17.8906 
10 10 0 1 0.215363 -0.726742 9.97069 
10 10 6.5 1 0.25383 -0.0756003 10.6397 
0 10 0 1 -0.308461 -0.436487 16.7798 
0 10 6.5 1 -0.264922 -0.0505719 17.4488 
0 5 10 1 -0.0441599 0.0895542 21.4345 
10 5 10 1 0.436002 0.136585 14.6254 
0 6 0 1 -0.125682 -0.39926 19.6802 
0 8 0 1 -0.209802 -0.416393 18.23 
0 8 5 1 -0.181334 -0.140608 18.7446 
0 6 5 1 -0.101403 -0.143716 20.1948 
0 2 2.5 1 0.0193463 -0.258923 22.8379 
0 4 2.5 1 -0.0425198 -0.264011 21.3877 
0 4 5 1 -0.0321819 -0.146407 21.645 
0 2 5 1 0.0283458 -0.148761 23.0952 
0.5 0.5 -0.5 1 0.0672797 -0.390202 23.2763 
0.5 0.5 6 1 0.0885086 -0.110281 23.9453 
10.5 0.5 -0.5 1 0.539816 -0.546809 16.4672 
10.5 0.5 6 1 0.551033 -0.149547 17.1362 
10.5 10.5 -0.5 1 0.231451 -0.832344 9.21623 
10.5 10.5 6 1 0.271765 -0.124359 9.8852 
0.5 10.5 -0.5 1 -0.32387 -0.483554 16.0254 
0.5 10.5 6 1 -0.277746 -0.0783122 16.6943 
0.5 5.5 9.5 1 -0.0464581 0.0722726 20.68 
10.5 5.5 9.5 1 0.458693 0.113378 13.8709 
0.5 6.5 -0.5 1 -0.131443 -0.43763 18.9257 
0.5 8.5 -0.5 1 -0.219672 -0.458687 17.4755 
0.5 8.5 4.5 1 -0.189729 -0.170126 17.9901 
0.5 6.5 4.5 1 -0.106069 -0.171153 19.4403 
0.5 2.5 2 1 0.0193637 -0.287012 22.0834 
0.5 4.5 2 1 -0.0447633 -0.29426 20.6332 
0.5 4.5 4.5 1 -0.0340244 -0.172037 20.8905 
0.5 2.5 4.5 1 0.028667 -0.172806 22.3407 
