0 0 0 1 0.280902 -0.342397 20.181 
0 0 6.5 1 0.245296 -0.0220303 20.6467 
10 0 0 1 0.656775 -0.593239 10.2728 
10 0 6.5 1 0.572015 0.0336026 10.7385 
10 10 0 1 -0.345288 -0.76024 9.12639 
10 10 6.5 1 -0.391531 -0.0503722 9.59204 
0 10 0 1 -0.222188 -0.40736 19.0346 
0 10 6.5 1 -0.247874 -0.0666076 19.5002 
0 5 10 1 -0.0103306 0.127875 20.3242 
10 5 10 1 0.08334 0.327827 10.416 
0 6 0 1 -0.0138509 -0.380458 19.4932 
0 8 0 1 -0.11678 -0.393749 19.2639 
0 8 5 1 -0.13834 -0.133507 19.6221 
0 6 5 1 -0.0370195 -0.123462 19.8514 
0 2 2.5 1 0.171718 -0.228307 20.1308 
0 4 2.5 1 0.0742248 -0.239419 19.9015 
0 4 5 1 0.0619872 -0.113646 20.0806 
0 2 5 1 0.158759 -0.104052 20.3099 
0.5 0.5 -0.5 1 0.269204 -0.378099 19.5925 
0.5 0.5 6 1 0.232824 -0.0475025 20.0581 
10.5 0.5 -0.5 1 0.655952 -0.680712 9.68425 
10.5 0.5 6 1 0.566315 -0.0135094 10.1499 
10.5 10.5 -0.5 1 -0.415298 -0.87097 8.53783 
10.5 10.5 6 1 -0.460943 -0.108972 9.00349 
0.5 10.5 -0.5 1 -0.250665 -0.447353 18.446 
0.5 10.5 6 1 -0.27645 -0.0950112 18.9117 
0.5 5.5 9.5 1 -0.0306287 0.106457 19.7356 
10.5 5.5 9.5 1 0.0481867 0.296789 9.82744 
0.5 6.5 -0.5 1 -0.035151 -0.418643 18.9046 
0.5 8.5 -0.5 1 -0.141585 -0.432822 18.6753 
0.5 8.5 4.5 1 -0.163345 -0.163798 19.0335 
0.5 6.5 4.5 1 -0.0586313 -0.153085 19.2628 
0.5 2.5 2 1 0.156701 -0.260664 19.5423 
0.5 4.5 2 1 0.0560592 -0.272499 19.313 
0.5 4.5 4.5 1 0.043619 -0.142624 19.4921 
0.5 2.5 4.5 1 0.143492 -0.132407 19.7214 
