0 0 0 1 -0.500095 -0.330542 10.5338 
0 0 6.5 1 -0.480912 0.300873 9.82795 
10 0 0 1 -0.252847 -0.117206 20.4747 
10 0 6.5 1 -0.234482 0.204316 19.7688 
10 10 0 1 0.233843 -0.158138 20.4747 
10 10 6.5 1 0.269585 0.161921 19.7689 
0 10 0 1 0.445887 -0.4101 10.5339 
0 10 6.5 1 0.533012 0.215597 9.82801 
0 5 10 1 0.0579629 0.635589 9.4479 
10 5 10 1 0.0329352 0.365526 19.3888 
0 6 0 1 0.0674957 -0.378277 10.5338 
0 8 0 1 0.256692 -0.394189 10.5339 
0 8 5 1 0.312336 0.080135 9.99089 
0 6 5 1 0.112858 0.0969118 9.99088 
0 2 2.5 1 -0.298827 -0.114303 10.2623 
0 4 2.5 1 -0.104625 -0.130635 10.2623 
0 4 5 1 -0.0866206 0.113689 9.99086 
0 2 5 1 -0.2861 0.130466 9.99085 
0.5 0.5 -0.5 1 -0.433623 -0.357682 11.0851 
0.5 0.5 6 1 -0.410938 0.238346 10.3793 
10.5 0.5 -0.5 1 -0.224285 -0.137109 21.026 
10.5 0.5 6 1 -0.205426 0.174998 20.3202 
10.5 10.5 -0.5 1 0.249642 -0.176967 21.0261 
10.5 10.5 6 1 0.284964 0.133754 20.3202 
0.5 10.5 -0.5 1 0.465309 -0.433283 11.0852 
0.5 10.5 6 1 0.549126 0.157601 10.3794 
0.5 5.5 9.5 1 0.100884 0.552231 9.99925 
10.5 5.5 9.5 1 0.0551504 0.331192 19.9401 
0.5 6.5 -0.5 1 0.105738 -0.403043 11.0852 
0.5 8.5 -0.5 1 0.285524 -0.418163 11.0852 
0.5 8.5 4.5 1 0.339743 0.0301196 10.5422 
0.5 6.5 4.5 1 0.150697 0.046019 10.5422 
0.5 2.5 2 1 -0.240947 -0.153149 10.8137 
0.5 4.5 2 1 -0.0566469 -0.168649 10.8137 
0.5 4.5 4.5 1 -0.0383489 0.0619183 10.5422 
0.5 2.5 4.5 1 -0.227395 0.0778178 10.5422 
