0 0 0 1 0.365411 -0.525685 10.8146 
0 0 6.5 1 0.296746 0.0682564 11.2807 
10 0 0 1 -0.233814 -0.407193 16.8449 
10 0 6.5 1 -0.262425 -0.0233418 17.311 
10 10 0 1 0.0860919 -0.2769 24.7898 
10 10 6.5 1 0.0605772 -0.0162041 25.2559 
0 10 0 1 0.534371 -0.303326 18.7595 
0 10 6.5 1 0.489986 0.0397802 19.2256 
0 5 10 1 0.390768 0.273681 15.5041 
10 5 10 1 -0.0850652 0.142523 21.5344 
0 6 0 1 0.487463 -0.365059 15.5815 
0 8 0 1 0.513088 -0.331336 17.1705 
0 8 5 1 0.476076 -0.041291 17.529 
0 6 5 1 0.447338 -0.0453421 15.9401 
0 2 2.5 1 0.392114 -0.254584 12.5828 
0 4 2.5 1 0.433851 -0.226113 14.1718 
0 4 5 1 0.412237 -0.0502902 14.3511 
0 2 5 1 0.368395 -0.0564706 12.7621 
0.5 0.5 -0.5 1 0.340438 -0.543722 11.4775 
0.5 0.5 6 1 0.276559 0.0179574 11.9436 
10.5 0.5 -0.5 1 -0.227496 -0.423504 17.5078 
10.5 0.5 6 1 -0.255216 -0.0533871 17.9739 
10.5 10.5 -0.5 1 0.0821054 -0.291513 25.4527 
10.5 10.5 6 1 0.057315 -0.0372222 25.9188 
0.5 10.5 -0.5 1 0.513846 -0.321575 19.4224 
0.5 10.5 6 1 0.471422 0.0105234 19.8885 
0.5 5.5 9.5 1 0.371999 0.228099 16.167 
10.5 5.5 9.5 1 -0.0845249 0.11324 22.1973 
0.5 6.5 -0.5 1 0.464838 -0.384358 16.2444 
0.5 8.5 -0.5 1 0.491526 -0.350169 17.8334 
0.5 8.5 4.5 1 0.456287 -0.070322 18.192 
0.5 6.5 4.5 1 0.426804 -0.0769898 16.603 
0.5 2.5 2 1 0.369139 -0.283781 13.2457 
0.5 4.5 2 1 0.411472 -0.253455 14.8347 
0.5 4.5 4.5 1 0.391079 -0.0850688 15.014 
0.5 2.5 4.5 1 0.346898 -0.0950604 13.425 
