0 0 0 1 -0.601368 -0.282704 10.9763 
0 0 6.5 1 -0.552111 0.311563 10.7925 
10 0 0 1 -0.250129 -0.141684 20.8798 
10 0 6.5 1 -0.221322 0.169465 20.696 
10 10 0 1 0.237283 -0.20364 19.5233 
10 10 6.5 1 0.272743 0.128745 19.3394 
0 10 0 1 0.338302 -0.42833 9.61975 
0 10 6.5 1 0.412947 0.248535 9.43592 
0 5 10 1 -0.0684237 0.63257 10.0152 
10 5 10 1 0.0347854 0.325323 19.9187 
0 6 0 1 -0.0676709 -0.365414 10.1624 
0 8 0 1 0.129747 -0.396009 9.89106 
0 8 5 1 0.182294 0.108371 9.74966 
0 6 5 1 -0.0193323 0.125742 10.021 
0 2 2.5 1 -0.412137 -0.0770862 10.6343 
0 4 2.5 1 -0.232727 -0.0987393 10.363 
0 4 5 1 -0.210329 0.142197 10.2923 
0 2 5 1 -0.391515 0.157807 10.5636 
0.5 0.5 -0.5 1 -0.533249 -0.319154 11.4178 
0.5 0.5 6 1 -0.484813 0.251163 11.234 
10.5 0.5 -0.5 1 -0.220923 -0.164124 21.3213 
10.5 0.5 6 1 -0.192465 0.140331 21.1375 
10.5 10.5 -0.5 1 0.257694 -0.226234 19.9648 
10.5 10.5 6 1 0.292553 0.0985229 19.7809 
0.5 10.5 -0.5 1 0.374372 -0.463304 10.0612 
0.5 10.5 6 1 0.446353 0.182657 9.87741 
0.5 5.5 9.5 1 -0.0165452 0.554126 10.4567 
10.5 5.5 9.5 1 0.0591914 0.291698 20.3602 
0.5 6.5 -0.5 1 -0.0165437 -0.401218 10.6039 
0.5 8.5 -0.5 1 0.173782 -0.431446 10.3326 
0.5 8.5 4.5 1 0.224664 0.050592 10.1911 
0.5 6.5 4.5 1 0.0304462 0.0687283 10.4625 
0.5 2.5 2 1 -0.349457 -0.122858 11.0758 
0.5 4.5 2 1 -0.175805 -0.144775 10.8045 
0.5 4.5 4.5 1 -0.153953 0.0859478 10.7338 
0.5 2.5 4.5 1 -0.32926 0.102318 11.0051 
