0 0 0 1 0.369906 -0.685937 12.6943 
0 0 6.5 1 0.350462 -0.167176 13.9301 
10 0 0 1 -0.356964 -0.606731 14.4326 
10 0 6.5 1 -0.316921 -0.15177 15.6684 
10 10 0 1 -0.14263 -0.443193 24.0951 
10 10 6.5 1 -0.128319 -0.169756 25.3309 
0 10 0 1 0.286756 -0.475452 22.3568 
0 10 6.5 1 0.27963 -0.180178 23.5926 
0 5 10 1 0.30061 0.0074575 19.4268 
10 5 10 1 -0.189356 0.0045199 21.1651 
0 6 0 1 0.309588 -0.53325 18.4918 
0 8 0 1 0.297092 -0.501616 20.4243 
0 8 5 1 0.290582 -0.249753 21.3749 
0 6 5 1 0.301821 -0.254806 19.4424 
0 2 2.5 1 0.338389 -0.439578 15.1021 
0 4 2.5 1 0.320139 -0.412277 17.0346 
0 4 5 1 0.31554 -0.260973 17.5099 
0 2 5 1 0.332663 -0.268671 15.5774 
0.5 0.5 -0.5 1 0.3246 -0.70594 13.1693 
0.5 0.5 6 1 0.309684 -0.202568 14.4051 
10.5 0.5 -0.5 1 -0.373828 -0.626925 14.9076 
10.5 0.5 6 1 -0.333672 -0.183804 16.1434 
10.5 10.5 -0.5 1 -0.157006 -0.458608 24.5701 
10.5 10.5 6 1 -0.142269 -0.189465 25.8059 
0.5 10.5 -0.5 1 0.262353 -0.491368 22.8318 
0.5 10.5 6 1 0.256621 -0.201104 24.0676 
0.5 5.5 9.5 1 0.272284 -0.0223277 19.9018 
10.5 5.5 9.5 1 -0.204652 -0.0228082 21.6401 
0.5 6.5 -0.5 1 0.279641 -0.550962 18.9668 
0.5 8.5 -0.5 1 0.270198 -0.51841 20.8993 
0.5 8.5 4.5 1 0.265 -0.271292 21.8499 
0.5 6.5 4.5 1 0.273488 -0.278313 19.9174 
0.5 2.5 2 1 0.301047 -0.464002 15.5771 
0.5 4.5 2 1 0.287413 -0.434745 17.5096 
0.5 4.5 4.5 1 0.283801 -0.286844 17.9849 
0.5 2.5 4.5 1 0.296596 -0.297429 16.0524 
