0 0 0 1 0.0844649 -0.395458 23.5325 
0 0 6.5 1 0.101605 -0.118135 24.3758 
10 0 0 1 0.547158 -0.543336 16.3759 
10 0 6.5 1 0.548762 -0.14351 17.2192 
10 10 0 1 0.192531 -0.783626 9.51294 
10 10 6.5 1 0.224074 -0.0992738 10.3562 
0 10 0 1 -0.308406 -0.471704 16.6695 
0 10 6.5 1 -0.265632 -0.082032 17.5128 
0 5 10 1 -0.0385221 0.0608596 21.3984 
10 5 10 1 0.431703 0.120126 14.2418 
0 6 0 1 -0.117927 -0.434737 19.4147 
0 8 0 1 -0.205921 -0.451815 18.0421 
0 8 5 1 -0.178648 -0.171648 18.6908 
0 6 5 1 -0.0953653 -0.17429 20.0634 
0 2 2.5 1 0.0333578 -0.291128 22.4842 
0 4 2.5 1 -0.0320064 -0.296385 21.1116 
0 4 5 1 -0.0227477 -0.176594 21.436 
0 2 5 1 0.0411298 -0.17862 22.8086 
0.5 0.5 -0.5 1 0.085311 -0.426408 22.7666 
0.5 0.5 6 1 0.102977 -0.138984 23.6099 
10.5 0.5 -0.5 1 0.571092 -0.595731 15.61 
10.5 0.5 6 1 0.571544 -0.174608 16.4533 
10.5 10.5 -0.5 1 0.204194 -0.898167 8.7471 
10.5 10.5 6 1 0.237231 -0.149094 9.59038 
0.5 10.5 -0.5 1 -0.326114 -0.519682 15.9037 
0.5 10.5 6 1 -0.280492 -0.109774 16.747 
0.5 5.5 9.5 1 -0.0421535 0.043646 20.6325 
10.5 5.5 9.5 1 0.452866 0.0971389 13.4759 
0.5 6.5 -0.5 1 -0.125206 -0.474134 18.6489 
0.5 8.5 -0.5 1 -0.217679 -0.495099 17.2763 
0.5 8.5 4.5 1 -0.188815 -0.201396 17.925 
0.5 6.5 4.5 1 -0.101504 -0.202027 19.2976 
0.5 2.5 2 1 0.0324426 -0.319893 21.7184 
0.5 4.5 2 1 -0.0354438 -0.327289 20.3458 
0.5 4.5 4.5 1 -0.0257881 -0.202574 20.6701 
0.5 2.5 4.5 1 0.0404981 -0.203052 22.0427 
