0 0 0 1 -0.367269 -0.341174 21.3943 
0 0 6.5 1 -0.394592 -0.0386599 21.5458 
10 0 0 1 0.0450696 -0.253431 25.6509 
10 0 6.5 1 0.0198331 -0.0013378 25.8024 
10 10 0 1 0.323513 -0.353428 16.6051 
10 10 6.5 1 0.282136 0.0356583 16.7566 
0 10 0 1 -0.2949 -0.539917 12.3485 
0 10 6.5 1 -0.342873 -0.0160743 12.5 
0 5 10 1 -0.394096 0.173339 17.1044 
10 5 10 1 0.106396 0.176176 21.3611 
0 6 0 1 -0.333688 -0.433397 15.9668 
0 8 0 1 -0.316772 -0.479851 14.1576 
0 8 5 1 -0.348909 -0.127471 14.2742 
0 6 5 1 -0.362087 -0.120991 16.0833 
0 2 2.5 1 -0.369697 -0.238541 19.6434 
0 4 2.5 1 -0.359921 -0.255652 17.8342 
0 4 5 1 -0.3726 -0.115822 17.8925 
0 2 5 1 -0.381182 -0.111603 19.7016 
0.5 0.5 -0.5 1 -0.338001 -0.365368 21.1432 
0.5 0.5 6 1 -0.365855 -0.0591151 21.2947 
10.5 0.5 -0.5 1 0.073509 -0.272703 25.3998 
10.5 0.5 6 1 0.0478558 -0.0180185 25.5513 
10.5 10.5 -0.5 1 0.371959 -0.384896 16.354 
10.5 10.5 6 1 0.329507 0.0103985 16.5055 
0.5 10.5 -0.5 1 -0.242245 -0.586328 12.0973 
0.5 10.5 6 1 -0.291853 -0.0511727 12.2488 
0.5 5.5 9.5 1 -0.357778 0.150652 16.8533 
10.5 5.5 9.5 1 0.141344 0.158097 21.1099 
0.5 6.5 -0.5 1 -0.293776 -0.467421 15.7157 
0.5 8.5 -0.5 1 -0.271362 -0.51914 13.9065 
0.5 8.5 4.5 1 -0.304452 -0.160123 14.023 
0.5 6.5 4.5 1 -0.322919 -0.14981 15.8322 
0.5 2.5 2 1 -0.337818 -0.263591 19.3923 
0.5 4.5 2 1 -0.324623 -0.283524 17.5831 
0.5 4.5 4.5 1 -0.337599 -0.141612 17.6414 
0.5 2.5 4.5 1 -0.349547 -0.134939 19.4505 
