0 0 0 1 -0.115334 -0.0349696 26.385 
0 0 6.5 1 -0.113175 0.21693 25.1554 
10 0 0 1 0.275585 -0.0643238 24.545 
10 0 6.5 1 0.298531 0.205906 23.3154 
10 10 0 1 0.324454 -0.226759 14.8995 
10 10 6.5 1 0.367987 0.219535 13.6699 
0 10 0 1 -0.29709 -0.162636 16.7395 
0 10 6.5 1 -0.307997 0.235797 15.5099 
0 5 10 1 -0.188423 0.406305 19.6705 
10 5 10 1 0.342164 0.411434 17.8305 
0 6 0 1 -0.20396 -0.0972213 20.5977 
0 8 0 1 -0.245713 -0.126549 18.6686 
0 8 5 1 -0.250314 0.143596 17.7227 
0 6 5 1 -0.2061 0.147816 19.6518 
0 2 2.5 1 -0.139835 0.0488293 23.983 
0 4 2.5 1 -0.16957 0.0367789 22.0539 
0 4 5 1 -0.169791 0.151282 21.5809 
0 2 5 1 -0.13944 0.15418 23.51 
0.5 0.5 -0.5 1 -0.102848 -0.059301 25.9053 
0.5 0.5 6 1 -0.100025 0.196283 24.6757 
10.5 0.5 -0.5 1 0.296818 -0.0911005 24.0653 
10.5 0.5 6 1 0.321389 0.183364 22.8357 
10.5 10.5 -0.5 1 0.361515 -0.27685 14.4198 
10.5 10.5 6 1 0.410086 0.181005 13.1902 
0.5 10.5 -0.5 1 -0.282559 -0.205167 16.2598 
0.5 10.5 6 1 -0.292626 0.202502 15.0302 
0.5 5.5 9.5 1 -0.173395 0.384491 19.1908 
10.5 5.5 9.5 1 0.373454 0.387448 17.3508 
0.5 6.5 -0.5 1 -0.189996 -0.130036 20.118 
0.5 8.5 -0.5 1 -0.231369 -0.163617 18.1889 
0.5 8.5 4.5 1 -0.235311 0.112009 17.2431 
0.5 6.5 4.5 1 -0.1915 0.119513 19.1722 
0.5 2.5 2 1 -0.126573 0.0237216 23.5033 
0.5 4.5 2 1 -0.155783 0.00915826 21.5742 
0.5 4.5 4.5 1 -0.1557 0.125646 21.1013 
0.5 2.5 4.5 1 -0.125897 0.130751 23.0304 
