0 0 0 1 0.164891 -0.405568 22.0911 
0 0 6.5 1 0.162212 -0.110668 23.3492 
10 0 0 1 0.654474 -0.53938 13.8075 
10 0 6.5 1 0.60944 -0.0711587 15.0655 
10 10 0 1 0.0724058 -0.72731 8.55056 
10 10 6.5 1 0.0778896 0.0159602 9.80857 
0 10 0 1 -0.283643 -0.459236 16.8342 
0 10 6.5 1 -0.255913 -0.0749172 18.0922 
0 5 10 1 -0.0160408 0.0683811 21.3981 
10 5 10 1 0.38513 0.226864 13.1144 
0 6 0 1 -0.0743457 -0.434193 18.937 
0 8 0 1 -0.172843 -0.445979 17.8856 
0 8 5 1 -0.15806 -0.162963 18.8533 
0 6 5 1 -0.0651324 -0.1667 19.9047 
0 2 2.5 1 0.0936114 -0.29092 21.5236 
0 4 2.5 1 0.0161852 -0.293858 20.4722 
0 4 5 1 0.0184705 -0.170062 20.9561 
0 2 5 1 0.0940853 -0.173103 22.0075 
0.5 0.5 -0.5 1 0.163262 -0.436867 21.3173 
0.5 0.5 6 1 0.160582 -0.130115 22.5754 
10.5 0.5 -0.5 1 0.680875 -0.598516 13.0337 
10.5 0.5 6 1 0.631079 -0.0997385 14.2917 
10.5 10.5 -0.5 1 0.0587377 -0.845121 7.77676 
10.5 10.5 6 1 0.0665944 -0.0217876 9.03477 
0.5 10.5 -0.5 1 -0.307416 -0.503367 16.0604 
0.5 10.5 6 1 -0.27672 -0.0986702 17.3184 
0.5 5.5 9.5 1 -0.024513 0.0538119 20.6243 
10.5 5.5 9.5 1 0.396126 0.212452 12.3406 
0.5 6.5 -0.5 1 -0.0864498 -0.472148 18.1632 
0.5 8.5 -0.5 1 -0.190145 -0.486798 17.1118 
0.5 8.5 4.5 1 -0.173803 -0.189485 18.0795 
0.5 6.5 4.5 1 -0.0762516 -0.191915 19.1309 
0.5 2.5 2 1 0.0892796 -0.3188 20.7498 
0.5 4.5 2 1 0.00858072 -0.323342 19.6984 
0.5 4.5 4.5 1 0.0111359 -0.194092 20.1823 
0.5 2.5 4.5 1 0.0898694 -0.196054 21.2337 
