0 0 0 1 0.390374 -0.670765 12.2764 
0 0 6.5 1 0.356238 -0.137394 13.5653 
10 0 0 1 -0.332777 -0.589025 14.7137 
10 0 6.5 1 -0.303473 -0.143473 16.0026 
10 10 0 1 -0.100046 -0.438004 24.2073 
10 10 6.5 1 -0.093418 -0.165989 25.4961 
0 10 0 1 0.333805 -0.46719 21.77 
0 10 6.5 1 0.316885 -0.164792 23.0588 
0 5 10 1 0.320493 0.0314948 19.006 
10 5 10 1 -0.167768 0.00776158 21.4433 
0 6 0 1 0.349261 -0.522812 17.9726 
0 8 0 1 0.340795 -0.492343 19.8713 
0 8 5 1 0.326077 -0.234048 20.8627 
0 6 5 1 0.332627 -0.237062 18.964 
0 2 2.5 1 0.361446 -0.420665 14.6709 
0 4 2.5 1 0.349896 -0.39583 16.5696 
0 4 5 1 0.340635 -0.240748 17.0653 
0 2 5 1 0.350648 -0.245355 15.1666 
0.5 0.5 -0.5 1 0.346694 -0.69228 12.7738 
0.5 0.5 6 1 0.317768 -0.175803 14.0627 
10.5 0.5 -0.5 1 -0.345812 -0.609766 15.2111 
10.5 0.5 6 1 -0.316373 -0.176026 16.5 
10.5 10.5 -0.5 1 -0.112758 -0.453815 24.7047 
10.5 10.5 6 1 -0.105626 -0.186221 25.9935 
0.5 10.5 -0.5 1 0.310011 -0.48408 22.2674 
0.5 10.5 6 1 0.29475 -0.187143 23.5562 
0.5 5.5 9.5 1 0.293666 -0.000506843 19.5034 
10.5 5.5 9.5 1 -0.180545 -0.0201471 21.9407 
0.5 6.5 -0.5 1 0.320159 -0.541676 18.47 
0.5 8.5 -0.5 1 0.314612 -0.510194 20.3687 
0.5 8.5 4.5 1 0.301452 -0.257084 21.3601 
0.5 6.5 4.5 1 0.305433 -0.262269 19.4614 
0.5 2.5 2 1 0.325609 -0.446985 15.1683 
0.5 4.5 2 1 0.318383 -0.419946 17.067 
0.5 4.5 4.5 1 0.310274 -0.268575 17.5627 
0.5 2.5 4.5 1 0.316288 -0.27641 15.664 
