0 0 0 1 0.256381 -0.0303564 18.0636 
0 0 6.5 1 0.263079 0.346356 16.8375 
10 0 0 1 -0.19875 -0.196144 10.9046 
10 0 6.5 1 -0.244753 0.438212 9.67855 
10 10 0 1 -0.53862 -0.0611839 17.627 
10 10 6.5 1 -0.591175 0.323252 16.401 
0 10 0 1 -0.108763 0.0206582 24.786 
0 10 6.5 1 -0.122979 0.292537 23.56 
0 5 10 1 0.0336557 0.501441 19.5386 
10 5 10 1 -0.49605 0.66294 12.3796 
0 6 0 1 0.010634 0.00397712 22.0971 
0 8 0 1 -0.0524887 0.012796 23.4416 
0 8 5 1 -0.0615805 0.231472 22.4984 
0 6 5 1 0.00377864 0.236158 21.1539 
0 2 2.5 1 0.163084 0.111828 18.9365 
0 4 2.5 1 0.0800184 0.114871 20.281 
0 4 5 1 0.0780097 0.241481 19.8094 
0 2 5 1 0.163051 0.247578 18.465 
0.5 0.5 -0.5 1 0.217268 -0.0587575 18.1361 
0.5 0.5 6 1 0.221102 0.314281 16.91 
10.5 0.5 -0.5 1 -0.260366 -0.241972 10.9771 
10.5 0.5 6 1 -0.313774 0.381905 9.75104 
10.5 10.5 -0.5 1 -0.575442 -0.0901594 17.6995 
10.5 10.5 6 1 -0.630506 0.290428 16.4735 
0.5 10.5 -0.5 1 -0.136234 -0.000211269 24.8585 
0.5 10.5 6 1 -0.151831 0.269751 23.6324 
0.5 5.5 9.5 1 -0.00169207 0.47321 19.611 
10.5 5.5 9.5 1 -0.548636 0.617538 12.4521 
0.5 6.5 -0.5 1 -0.0205592 -0.0193691 22.1696 
0.5 8.5 -0.5 1 -0.0817037 -0.00924248 23.514 
0.5 8.5 4.5 1 -0.0919871 0.20781 22.5709 
0.5 6.5 4.5 1 -0.0287771 0.210982 21.2264 
0.5 2.5 2 1 0.126123 0.0841885 19.009 
0.5 4.5 2 1 0.0457949 0.089047 20.3535 
0.5 4.5 4.5 1 0.0429818 0.214582 19.8819 
0.5 2.5 4.5 1 0.12515 0.218705 18.5375 
