0 0 0 1 0.284203 -0.257636 18.6066 
0 0 6.5 1 0.252356 0.0907869 18.413 
10 0 0 1 0.144504 -0.578584 9.43302 
10 0 6.5 1 0.07811 0.109053 9.23943 
10 10 0 1 -0.580586 -0.46604 13.4026 
10 10 6.5 1 -0.637655 0.0165979 13.209 
0 10 0 1 -0.170819 -0.247255 22.5761 
0 10 6.5 1 -0.200953 0.0394644 22.3825 
0 5 10 1 -0.0133537 0.234501 20.2935 
10 5 10 1 -0.377332 0.368236 11.12 
0 6 0 1 -0.00946447 -0.250936 20.9883 
0 8 0 1 -0.0930822 -0.249029 21.7822 
0 8 5 1 -0.11653 -0.0208488 21.6333 
0 6 5 1 -0.0332084 -0.0140772 20.8394 
0 2 2.5 1 0.166224 -0.127533 19.326 
0 4 2.5 1 0.0687651 -0.130337 20.1199 
0 4 5 1 0.0567136 -0.00676917 20.0455 
0 2 5 1 0.154052 0.0011416 19.2516 
0.5 0.5 -0.5 1 0.255097 -0.292119 18.3613 
0.5 0.5 6 1 0.22251 0.0606406 18.1677 
10.5 0.5 -0.5 1 0.0826082 -0.656066 9.18772 
10.5 0.5 6 1 0.013071 0.048657 8.99412 
10.5 10.5 -0.5 1 -0.637327 -0.518048 13.1573 
10.5 10.5 6 1 -0.696323 -0.0270538 12.9637 
0.5 10.5 -0.5 1 -0.199749 -0.275495 22.3308 
0.5 10.5 6 1 -0.230471 0.0141551 22.1372 
0.5 5.5 9.5 1 -0.043651 0.208941 20.0482 
10.5 5.5 9.5 1 -0.441398 0.324131 10.8747 
0.5 6.5 -0.5 1 -0.0387009 -0.281381 20.743 
0.5 8.5 -0.5 1 -0.122193 -0.278329 21.5369 
0.5 8.5 4.5 1 -0.146113 -0.0477364 21.388 
0.5 6.5 4.5 1 -0.062939 -0.0419207 20.5941 
0.5 2.5 2 1 0.136699 -0.159043 19.0807 
0.5 4.5 2 1 0.0392169 -0.160624 19.8746 
0.5 4.5 4.5 1 0.0269049 -0.0356385 19.8002 
0.5 2.5 4.5 1 0.124255 -0.0288316 19.0063 
