0 0 0 1 0.22463 -0.392771 21.1356 
0 0 6.5 1 0.203707 -0.0859379 22.3685 
10 0 0 1 0.709081 -0.532736 12.0843 
10 0 6.5 1 0.629089 -0.0044 13.3171 
10 10 0 1 -0.0806504 -0.722159 8.27951 
10 10 6.5 1 -0.0902865 0.0420545 9.51233 
0 10 0 1 -0.259008 -0.452536 17.3308 
0 10 6.5 1 -0.252101 -0.0788459 18.5636 
0 5 10 1 -0.00778724 0.08244 21.1299 
10 5 10 1 0.302728 0.298516 12.0786 
0 6 0 1 -0.0421271 -0.425735 18.8527 
0 8 0 1 -0.146006 -0.438572 18.0918 
0 8 5 1 -0.146454 -0.159007 19.0401 
0 6 5 1 -0.0475329 -0.157529 19.8011 
0 2 2.5 1 0.13559 -0.276093 20.8488 
0 4 2.5 1 0.0487655 -0.281985 20.0879 
0 4 5 1 0.0440666 -0.15616 20.562 
0 2 5 1 0.129128 -0.154888 21.323 
0.5 0.5 -0.5 1 0.220199 -0.425338 20.398 
0.5 0.5 6 1 0.198815 -0.106186 21.6308 
10.5 0.5 -0.5 1 0.732609 -0.600381 11.3467 
10.5 0.5 6 1 0.645621 -0.0344356 12.5795 
10.5 10.5 -0.5 1 -0.122492 -0.842458 7.54187 
10.5 10.5 6 1 -0.127059 0.00290028 8.77469 
0.5 10.5 -0.5 1 -0.285954 -0.495228 16.5932 
0.5 10.5 6 1 -0.276898 -0.103122 17.826 
0.5 5.5 9.5 1 -0.0206263 0.067053 20.3922 
10.5 5.5 9.5 1 0.299839 0.284903 11.3409 
0.5 6.5 -0.5 1 -0.0579783 -0.463749 18.1151 
0.5 8.5 -0.5 1 -0.166968 -0.478799 17.3541 
0.5 8.5 4.5 1 -0.166348 -0.185882 18.3025 
0.5 6.5 4.5 1 -0.0628048 -0.183273 19.0634 
0.5 2.5 2 1 0.12783 -0.304845 20.1112 
0.5 4.5 2 1 0.0373909 -0.312093 19.3502 
0.5 4.5 4.5 1 0.0327892 -0.180865 19.8244 
0.5 2.5 4.5 1 0.121316 -0.178635 20.5854 
