0 0 0 1 -0.0125767 -0.0845179 25.9616 
0 0 6.5 1 0.01097 0.167074 25.506 
10 0 0 1 0.397275 -0.156033 21.4329 
10 0 6.5 1 0.434807 0.148321 20.9773 
10 10 0 1 0.313783 -0.282315 12.5447 
10 10 6.5 1 0.375763 0.241046 12.0891 
0 10 0 1 -0.287284 -0.140074 17.0735 
0 10 6.5 1 -0.258675 0.244559 16.6178 
0 5 10 1 -0.0808459 0.366958 20.8166 
10 5 10 1 0.439489 0.398383 16.2878 
0 6 0 1 -0.148994 -0.112107 20.6287 
0 8 0 1 -0.211619 -0.124771 18.8511 
0 8 5 1 -0.190418 0.14128 18.5006 
0 6 5 1 -0.12857 0.130841 20.2783 
0 2 2.5 1 -0.0420263 0.010381 24.0088 
0 4 2.5 1 -0.0865761 0.00943591 22.2311 
0 4 5 1 -0.0766909 0.122085 22.0559 
0 2 5 1 -0.0325509 0.114635 23.8335 
0.5 0.5 -0.5 1 -0.00631803 -0.108907 25.3258 
0.5 0.5 6 1 0.0179453 0.148669 24.8702 
10.5 0.5 -0.5 1 0.417426 -0.18792 20.7971 
10.5 0.5 6 1 0.456583 0.125232 20.3415 
10.5 10.5 -0.5 1 0.344517 -0.344742 11.909 
10.5 10.5 6 1 0.41116 0.205188 11.4533 
0.5 10.5 -0.5 1 -0.288266 -0.1798 16.4377 
0.5 10.5 6 1 -0.258547 0.219002 15.9821 
0.5 5.5 9.5 1 -0.0751424 0.350574 20.1808 
10.5 5.5 9.5 1 0.467979 0.378535 15.652 
0.5 6.5 -0.5 1 -0.145404 -0.143879 19.993 
0.5 8.5 -0.5 1 -0.209864 -0.160087 18.2153 
0.5 8.5 4.5 1 -0.187875 0.11474 17.8648 
0.5 6.5 4.5 1 -0.124255 0.106365 19.6425 
0.5 2.5 2 1 -0.0360458 -0.0134649 23.373 
0.5 4.5 2 1 -0.0814149 -0.0164008 21.5953 
0.5 4.5 4.5 1 -0.0711941 0.0993806 21.4201 
0.5 2.5 4.5 1 -0.0262655 0.0934664 23.1977 
