0 0 0 1 0.279427 -0.519599 10.5308 
0 0 6.5 1 0.222003 0.095966 10.3584 
10 0 0 1 -0.223375 -0.336208 17.7457 
10 0 6.5 1 -0.262154 0.0284277 17.5734 
10 10 0 1 0.129738 -0.205532 24.6648 
10 10 6.5 1 0.104399 0.0570135 24.4925 
0 10 0 1 0.579172 -0.262176 17.4499 
0 10 6.5 1 0.547735 0.109442 17.2775 
0 5 10 1 0.403298 0.358762 13.7252 
10 5 10 1 -0.0654814 0.211536 20.9401 
0 6 0 1 0.493176 -0.33603 14.6822 
0 8 0 1 0.539877 -0.295922 16.0661 
0 8 5 1 0.513328 0.0137703 15.9335 
0 6 5 1 0.463676 0.00275205 14.5497 
0 2 2.5 1 0.34841 -0.236789 11.8483 
0 4 2.5 1 0.420253 -0.19847 13.2321 
0 4 5 1 0.403586 -0.0105823 13.1658 
0 2 5 1 0.32938 -0.027049 11.782 
0.5 0.5 -0.5 1 0.267086 -0.528768 11.2507 
0.5 0.5 6 1 0.213202 0.0466496 11.0784 
10.5 0.5 -0.5 1 -0.21129 -0.348945 18.4657 
10.5 0.5 6 1 -0.248429 0.0012199 18.2933 
10.5 10.5 -0.5 1 0.128514 -0.218504 25.3848 
10.5 10.5 6 1 0.10389 0.0364562 25.2124 
0.5 10.5 -0.5 1 0.559653 -0.278054 18.1698 
0.5 10.5 6 1 0.529287 0.0785462 17.9975 
0.5 5.5 9.5 1 0.387512 0.307842 14.4451 
10.5 5.5 9.5 1 -0.0604273 0.182471 21.6601 
0.5 6.5 -0.5 1 0.474169 -0.351309 15.4022 
0.5 8.5 -0.5 1 0.520435 -0.311662 16.786 
0.5 8.5 4.5 1 0.494879 -0.015483 16.6534 
0.5 6.5 4.5 1 0.445895 -0.0286328 15.2696 
0.5 2.5 2 1 0.33341 -0.261198 12.5683 
0.5 4.5 2 1 0.403034 -0.222435 13.9521 
0.5 4.5 4.5 1 0.387149 -0.0444036 13.8858 
0.5 2.5 4.5 1 0.315397 -0.0636656 12.502 
