0 0 0 1 -0.192166 -0.327248 10.0862 
0 0 6.5 1 -0.215818 0.348985 8.7973 
10 0 0 1 -0.247404 -0.0711115 19.4693 
10 0 6.5 1 -0.262766 0.274269 18.1804 
10 10 0 1 0.21342 -0.0390486 22.3023 
10 10 6.5 1 0.228396 0.261735 21.0134 
0 10 0 1 0.591237 -0.215731 12.9192 
0 10 6.5 1 0.660164 0.308137 11.6303 
0 5 10 1 0.305782 0.709822 9.5198 
10 5 10 1 0.00171517 0.458849 18.9029 
0 6 0 1 0.32307 -0.253904 11.786 
0 8 0 1 0.463304 -0.233942 12.3526 
0 8 5 1 0.506416 0.176992 11.3612 
0 6 5 1 0.355565 0.176766 10.7946 
0 2 2.5 1 -0.000756311 -0.073609 10.1571 
0 4 2.5 1 0.177889 -0.0601406 10.7237 
0 4 5 1 0.188001 0.176515 10.2279 
0 2 5 1 0.000781618 0.176234 9.66134 
0.5 0.5 -0.5 1 -0.148791 -0.339868 10.7961 
0.5 0.5 6 1 -0.164797 0.284157 9.50725 
10.5 0.5 -0.5 1 -0.222255 -0.0868746 20.1792 
10.5 0.5 6 1 -0.235323 0.24445 18.8903 
10.5 10.5 -0.5 1 0.221257 -0.0538602 23.0122 
10.5 10.5 6 1 0.236208 0.236214 21.7234 
0.5 10.5 -0.5 1 0.584788 -0.231536 13.6292 
0.5 10.5 6 1 0.649076 0.260543 12.3403 
0.5 5.5 9.5 1 0.317 0.624531 10.2298 
10.5 5.5 9.5 1 0.0185733 0.423447 19.6128 
0.5 6.5 -0.5 1 0.331272 -0.268974 12.496 
0.5 8.5 -0.5 1 0.463528 -0.249443 13.0626 
0.5 8.5 4.5 1 0.504124 0.136049 12.0711 
0.5 6.5 4.5 1 0.362469 0.13382 11.5045 
0.5 2.5 2 1 0.0298307 -0.102717 10.867 
0.5 4.5 2 1 0.195868 -0.0886421 11.4336 
0.5 4.5 4.5 1 0.206138 0.131361 10.9379 
0.5 2.5 4.5 1 0.0327253 0.128633 10.3713 
