0 0 0 1 0.0267854 -0.220403 25.2325 
0 0 6.5 1 0.0520571 0.035671 25.373 
10 0 0 1 0.452615 -0.321268 19.4411 
10 0 6.5 1 0.482307 0.0112664 19.5815 
10 10 0 1 0.270339 -0.486692 11.2917 
10 10 6.5 1 0.323436 0.0849202 11.4321 
0 10 0 1 -0.296835 -0.281629 17.0831 
0 10 6.5 1 -0.256966 0.0961057 17.2236 
0 5 10 1 -0.0563877 0.222799 21.3739 
10 5 10 1 0.443975 0.26168 15.5825 
0 6 0 1 -0.136272 -0.251252 20.3429 
0 8 0 1 -0.209561 -0.265118 18.713 
0 8 5 1 -0.181997 0.000690689 18.8211 
0 6 5 1 -0.111293 -0.00670101 20.4509 
0 2 2.5 1 -0.00952856 -0.12361 23.6567 
0 4 2.5 1 -0.0624131 -0.125945 22.0268 
0 4 5 1 -0.0510258 -0.0130015 22.0808 
0 2 5 1 0.000955492 -0.0184358 23.7107 
0.5 0.5 -0.5 1 0.030381 -0.246912 24.5247 
0.5 0.5 6 1 0.0563575 0.0166612 24.6651 
10.5 0.5 -0.5 1 0.473412 -0.359784 18.7332 
10.5 0.5 6 1 0.504063 -0.0144919 18.8737 
10.5 10.5 -0.5 1 0.29496 -0.565929 10.5838 
10.5 10.5 6 1 0.351239 0.0444496 10.7243 
0.5 10.5 -0.5 1 -0.305438 -0.323978 16.3753 
0.5 10.5 6 1 -0.263788 0.0703061 16.5158 
0.5 5.5 9.5 1 -0.0549695 0.20652 20.6661 
10.5 5.5 9.5 1 0.469757 0.240913 14.8746 
0.5 6.5 -0.5 1 -0.13766 -0.285475 19.6351 
0.5 8.5 -0.5 1 -0.213955 -0.302984 18.0052 
0.5 8.5 4.5 1 -0.185288 -0.0265623 18.1132 
0.5 6.5 4.5 1 -0.111777 -0.0319691 19.7431 
0.5 2.5 2 1 -0.00680609 -0.148954 22.9488 
0.5 4.5 2 1 -0.0612384 -0.153304 21.3189 
0.5 4.5 4.5 1 -0.0494769 -0.0365514 21.373 
0.5 2.5 4.5 1 0.00399418 -0.0404842 23.0028 
