0 0 0 1 0.401193 -0.503462 11.5765 
0 0 6.5 1 0.33939 0.0450399 12.6655 
10 0 0 1 -0.271403 -0.443834 15.8671 
10 0 6.5 1 -0.27437 -0.0379552 16.9561 
10 10 0 1 0.00488222 -0.335999 24.7431 
10 10 6.5 1 -0.00871266 -0.0741279 25.8321 
0 10 0 1 0.443544 -0.347128 20.4525 
0 10 6.5 1 0.405066 -0.032535 21.5415 
0 5 10 1 0.3576 0.191086 17.6899 
10 5 10 1 -0.119419 0.0985542 21.9805 
0 6 0 1 0.431942 -0.389958 16.9021 
0 8 0 1 0.438294 -0.366507 18.6773 
0 8 5 1 0.405847 -0.0985515 19.515 
0 6 5 1 0.396547 -0.0940807 17.7398 
0 2 2.5 1 0.39191 -0.26299 13.7706 
0 4 2.5 1 0.404114 -0.249314 15.5458 
0 4 5 1 0.385179 -0.0886155 15.9646 
0 2 5 1 0.370967 -0.0817828 14.1894 
0.5 0.5 -0.5 1 0.365798 -0.53039 12.1511 
0.5 0.5 6 1 0.309588 -0.00347633 13.2401 
10.5 0.5 -0.5 1 -0.274057 -0.465819 16.4417 
10.5 0.5 6 1 -0.276762 -0.0718771 17.5307 
10.5 10.5 -0.5 1 -0.00311142 -0.352724 25.3177 
10.5 10.5 6 1 -0.0160808 -0.0958606 26.4067 
0.5 10.5 -0.5 1 0.421933 -0.366961 21.0271 
0.5 10.5 6 1 0.385518 -0.0595646 22.1161 
0.5 5.5 9.5 1 0.335423 0.151322 18.2645 
10.5 5.5 9.5 1 -0.125226 0.0687114 22.5551 
0.5 6.5 -0.5 1 0.406322 -0.412412 17.4767 
0.5 8.5 -0.5 1 0.414847 -0.387591 19.2519 
0.5 8.5 4.5 1 0.384306 -0.12642 20.0896 
0.5 6.5 4.5 1 0.37321 -0.12479 18.3144 
0.5 2.5 2 1 0.362301 -0.295432 14.3451 
0.5 4.5 2 1 0.37733 -0.278671 16.1203 
0.5 4.5 4.5 1 0.359732 -0.122811 16.5392 
0.5 2.5 4.5 1 0.343012 -0.120356 14.764 
