0 0 0 1 -0.712227 -0.512868 12.1247 
0 0 6.5 1 -0.630441 0.0170452 12.8481 
10 0 0 1 -0.240643 -0.352802 21.4026 
10 0 6.5 1 -0.208569 -0.0503243 22.1259 
10 10 0 1 0.234645 -0.444341 17.8411 
10 10 6.5 1 0.254355 -0.0802696 18.5645 
0 10 0 1 0.0818795 -0.770154 8.56332 
0 10 6.5 1 0.133179 -0.0169808 9.28665 
0 5 10 1 -0.274349 0.305227 11.4568 
10 5 10 1 0.0164948 0.104389 20.7347 
0 6 0 1 -0.303721 -0.645222 9.98789 
0 8 0 1 -0.125726 -0.702891 9.2756 
0 8 5 1 -0.0767053 -0.15947 9.83201 
0 6 5 1 -0.248619 -0.141552 10.5443 
0 2 2.5 1 -0.561321 -0.326569 11.6907 
0 4 2.5 1 -0.427647 -0.35462 10.9784 
0 4 5 1 -0.398777 -0.125902 11.2566 
0 2 5 1 -0.531062 -0.112115 11.9689 
0.5 0.5 -0.5 1 -0.650403 -0.55031 12.3549 
0.5 0.5 6 1 -0.573476 -0.0276523 13.0782 
10.5 0.5 -0.5 1 -0.210352 -0.375888 21.6327 
10.5 0.5 6 1 -0.179587 -0.0757786 22.3561 
10.5 10.5 -0.5 1 0.264852 -0.470811 18.0713 
10.5 10.5 6 1 0.283158 -0.110181 18.7947 
0.5 10.5 -0.5 1 0.147956 -0.816025 8.7935 
0.5 10.5 6 1 0.192993 -0.0775822 9.51683 
0.5 5.5 9.5 1 -0.217615 0.249533 11.687 
10.5 5.5 9.5 1 0.044928 0.0755468 20.9648 
0.5 6.5 -0.5 1 -0.23817 -0.687512 10.2181 
0.5 8.5 -0.5 1 -0.0595733 -0.746954 9.50578 
0.5 8.5 4.5 1 -0.015332 -0.213527 10.0622 
0.5 6.5 4.5 1 -0.18763 -0.192419 10.7745 
0.5 2.5 2 1 -0.50016 -0.368972 11.9208 
0.5 4.5 2 1 -0.365344 -0.399141 11.2085 
0.5 4.5 4.5 1 -0.338561 -0.173928 11.4868 
0.5 2.5 4.5 1 -0.471866 -0.157597 12.199 
