0 0 0 1 -0.419967 -0.38272 10.4307 
0 0 6.5 1 -0.417636 0.255847 9.46464 
10 0 0 1 -0.252255 -0.1212 20.285 
10 0 6.5 1 -0.242726 0.204722 19.3189 
10 10 0 1 0.228969 -0.141984 21.1125 
10 10 6.5 1 0.261183 0.169554 20.1464 
0 10 0 1 0.494794 -0.402473 11.2583 
0 10 6.5 1 0.582804 0.182896 10.2922 
0 5 10 1 0.133908 0.598982 9.35821 
10 5 10 1 0.0268947 0.371577 19.2124 
0 6 0 1 0.145516 -0.394931 10.9273 
0 8 0 1 0.322761 -0.398758 11.0928 
0 8 5 1 0.377733 0.0492932 10.3496 
0 6 5 1 0.188447 0.0606815 10.1841 
0 2 2.5 1 -0.21769 -0.159724 10.2247 
0 4 2.5 1 -0.0226742 -0.167556 10.3902 
0 4 5 1 -0.00709186 0.0724461 10.0186 
0 2 5 1 -0.2092 0.0846058 9.85309 
0.5 0.5 -0.5 1 -0.358066 -0.401814 11.0391 
0.5 0.5 6 1 -0.349938 0.196353 10.073 
10.5 0.5 -0.5 1 -0.224433 -0.138904 20.8934 
10.5 0.5 6 1 -0.213846 0.17621 19.9273 
10.5 10.5 -0.5 1 0.242252 -0.158431 21.7209 
10.5 10.5 6 1 0.27414 0.143209 20.7548 
0.5 10.5 -0.5 1 0.505479 -0.419222 11.8667 
0.5 10.5 6 1 0.589524 0.13199 10.9006 
0.5 5.5 9.5 1 0.168659 0.517906 9.96661 
10.5 5.5 9.5 1 0.0476538 0.33779 19.8209 
0.5 6.5 -0.5 1 0.174929 -0.412559 11.5357 
0.5 8.5 -0.5 1 0.342541 -0.415938 11.7012 
0.5 8.5 4.5 1 0.395803 0.00607196 10.958 
0.5 6.5 4.5 1 0.217465 0.0161554 10.7925 
0.5 2.5 2 1 -0.165972 -0.191705 10.8331 
0.5 4.5 2 1 0.0174784 -0.198623 10.9986 
0.5 4.5 4.5 1 0.0335726 0.026553 10.627 
0.5 2.5 4.5 1 -0.156139 0.0372795 10.4615 
