0 0 0 1 0.289269 -0.329408 15.5931 
0 0 6.5 1 0.324377 0.0836579 15.8613 
10 0 0 1 -0.378674 -0.29276 14.0297 
10 0 6.5 1 -0.327197 0.164783 14.298 
10 10 0 1 -0.28913 -0.182445 23.8982 
10 10 6.5 1 -0.259667 0.0870342 24.1664 
0 10 0 1 0.114432 -0.211662 25.4615 
0 10 6.5 1 0.137898 0.0417482 25.7297 
0 5 10 1 0.223887 0.223537 20.9399 
10 5 10 1 -0.265016 0.294684 19.3766 
0 6 0 1 0.16512 -0.245798 21.5141 
0 8 0 1 0.137646 -0.227296 23.4878 
0 8 5 1 0.157045 -0.0154821 23.6941 
0 6 5 1 0.18602 -0.0145616 21.7204 
0 2 2.5 1 0.251004 -0.152865 17.6699 
0 4 2.5 1 0.209525 -0.140079 19.6436 
0 4 5 1 0.220788 -0.0134571 19.7467 
0 2 5 1 0.263276 -0.0121073 17.7731 
0.5 0.5 -0.5 1 0.24336 -0.349947 15.9877 
0.5 0.5 6 1 0.278374 0.0534302 16.2559 
10.5 0.5 -0.5 1 -0.411285 -0.316528 14.4244 
10.5 0.5 6 1 -0.360595 0.12916 14.6926 
10.5 10.5 -0.5 1 -0.309947 -0.198349 24.2928 
10.5 10.5 6 1 -0.280731 0.0669735 24.561 
0.5 10.5 -0.5 1 0.0887139 -0.226159 25.8561 
0.5 10.5 6 1 0.112089 0.023572 26.1243 
0.5 5.5 9.5 1 0.190694 0.197917 21.3345 
10.5 5.5 9.5 1 -0.291076 0.265619 19.7712 
0.5 6.5 -0.5 1 0.133855 -0.262292 21.9087 
0.5 8.5 -0.5 1 0.109419 -0.242733 23.8824 
0.5 8.5 4.5 1 0.128742 -0.0342567 24.0887 
0.5 6.5 4.5 1 0.154674 -0.0350282 22.115 
0.5 2.5 2 1 0.211209 -0.174899 18.0645 
0.5 4.5 2 1 0.174467 -0.160195 20.0382 
0.5 4.5 4.5 1 0.185688 -0.0359509 20.1414 
0.5 2.5 4.5 1 0.223441 -0.037074 18.1677 
