0 0 0 1 -0.00334693 -0.106946 25.8532 
0 0 6.5 1 0.0211625 0.144833 25.5212 
10 0 0 1 0.40927 -0.183241 21.042 
10 0 6.5 1 0.446089 0.125807 20.7099 
10 10 0 1 0.307037 -0.312138 12.2904 
10 10 6.5 1 0.367963 0.219505 11.9583 
0 10 0 1 -0.287972 -0.160537 17.1016 
0 10 6.5 1 -0.256307 0.221577 16.7696 
0 5 10 1 -0.0735277 0.342695 20.9666 
10 5 10 1 0.442997 0.377231 16.1553 
0 6 0 1 -0.145105 -0.133637 20.6023 
0 8 0 1 -0.209906 -0.145838 18.8519 
0 8 5 1 -0.186869 0.119421 18.5965 
0 6 5 1 -0.123236 0.108957 20.3468 
0 2 2.5 1 -0.0339172 -0.011509 23.9752 
0 4 2.5 1 -0.0801275 -0.0122403 22.2249 
0 4 5 1 -0.0696838 0.10015 22.0972 
0 2 5 1 -0.0239926 0.0926364 23.8475 
0.5 0.5 -0.5 1 0.00231248 -0.131563 25.2006 
0.5 0.5 6 1 0.0275407 0.126494 24.8686 
10.5 0.5 -0.5 1 0.429471 -0.216109 20.3894 
10.5 0.5 6 1 0.467823 0.10245 20.0573 
10.5 10.5 -0.5 1 0.336697 -0.376952 11.6378 
10.5 10.5 6 1 0.402011 0.183476 11.3057 
0.5 10.5 -0.5 1 -0.290594 -0.200378 16.449 
0.5 10.5 6 1 -0.257701 0.196388 16.117 
0.5 5.5 9.5 1 -0.0687615 0.3266 20.314 
10.5 5.5 9.5 1 0.470986 0.357595 15.5027 
0.5 6.5 -0.5 1 -0.142593 -0.165607 19.9497 
0.5 8.5 -0.5 1 -0.209476 -0.181321 18.1993 
0.5 8.5 4.5 1 -0.185596 0.0930809 17.9439 
0.5 6.5 4.5 1 -0.119967 0.0846107 19.6942 
0.5 2.5 2 1 -0.0286575 -0.0354384 23.3226 
0.5 4.5 2 1 -0.0758389 -0.0381334 21.5723 
0.5 4.5 4.5 1 -0.0650519 0.0775232 21.4446 
0.5 2.5 4.5 1 -0.0184247 0.0715054 23.1949 
