0 0 0 1 0.258029 -0.0425316 17.8973 
0 0 6.5 1 0.278554 0.337784 16.606 
10 0 0 1 -0.256965 -0.178385 11.4931 
10 0 6.5 1 -0.288739 0.423478 10.2018 
10 10 0 1 -0.501581 -0.0284777 18.912 
10 10 6.5 1 -0.537903 0.330966 17.6208 
0 10 0 1 -0.0756263 0.0296422 25.3162 
0 10 6.5 1 -0.0793724 0.296395 24.0249 
0 5 10 1 0.0694947 0.499247 19.6202 
10 5 10 1 -0.469722 0.643637 13.216 
0 6 0 1 0.0312532 0.00652282 22.3486 
0 8 0 1 -0.0255137 0.0188022 23.8324 
0 8 5 1 -0.0263655 0.234179 22.8391 
0 6 5 1 0.0329825 0.236293 21.3553 
0 2 2.5 1 0.175512 0.105447 18.8844 
0 4 2.5 1 0.0985815 0.112608 20.3682 
0 4 5 1 0.101193 0.238723 19.8715 
0 2 5 1 0.180413 0.241545 18.3878 
0.5 0.5 -0.5 1 0.216776 -0.0687139 18.0473 
0.5 0.5 6 1 0.233938 0.306178 16.7561 
10.5 0.5 -0.5 1 -0.314271 -0.217218 11.6432 
10.5 0.5 6 1 -0.352733 0.371076 10.3519 
10.5 10.5 -0.5 1 -0.534658 -0.0533769 19.0621 
10.5 10.5 6 1 -0.573077 0.301223 17.7708 
0.5 10.5 -0.5 1 -0.102895 0.0106621 25.4662 
0.5 10.5 6 1 -0.108075 0.274746 24.175 
0.5 5.5 9.5 1 0.0332678 0.471234 19.7702 
10.5 5.5 9.5 1 -0.517252 0.600581 13.3661 
0.5 6.5 -0.5 1 -0.000325329 -0.0148065 22.4987 
0.5 8.5 -0.5 1 -0.0547832 -0.00128435 23.9825 
0.5 8.5 4.5 1 -0.0568942 0.211819 22.9892 
0.5 6.5 4.5 1 -6.66242e-05 0.212375 21.5054 
0.5 2.5 2 1 0.137049 0.0794556 19.0345 
0.5 4.5 2 1 0.0634626 0.0884442 20.5183 
0.5 4.5 4.5 1 0.0651838 0.213014 20.0216 
0.5 2.5 4.5 1 0.14088 0.213756 18.5378 
