0 0 0 1 0.315554 -0.542592 10.5992 
0 0 6.5 1 0.25332 0.0673121 10.6429 
10 0 0 1 -0.22381 -0.374004 17.4444 
10 0 6.5 1 -0.260334 -0.0032498 17.4881 
10 10 0 1 0.117727 -0.238138 24.734 
10 10 6.5 1 0.0913452 0.0232999 24.7778 
0 10 0 1 0.567992 -0.286037 17.8888 
0 10 6.5 1 0.53044 0.0753127 17.9326 
0 5 10 1 0.402122 0.315549 14.3113 
10 5 10 1 -0.0706129 0.176905 21.1565 
0 6 0 1 0.496513 -0.358682 14.9729 
0 8 0 1 0.535423 -0.319137 16.4309 
0 8 5 1 0.504028 -0.0163236 16.4646 
0 6 5 1 0.462155 -0.0263611 15.0066 
0 2 2.5 1 0.369257 -0.259793 12.0739 
0 4 2.5 1 0.430215 -0.22243 13.5319 
0 4 5 1 0.41127 -0.0385588 13.5487 
0 2 5 1 0.348113 -0.0536981 12.0908 
0.5 0.5 -0.5 1 0.298416 -0.553457 11.3025 
0.5 0.5 6 1 0.240106 0.0186802 11.3463 
10.5 0.5 -0.5 1 -0.213579 -0.387305 18.1477 
10.5 0.5 6 1 -0.248715 -0.030854 18.1915 
10.5 10.5 -0.5 1 0.115583 -0.251384 25.4374 
10.5 10.5 6 1 0.0899324 0.00285984 25.4811 
0.5 10.5 -0.5 1 0.548023 -0.302348 18.5922 
0.5 10.5 6 1 0.511935 0.0454017 18.636 
0.5 5.5 9.5 1 0.385166 0.26717 15.0147 
10.5 5.5 9.5 1 -0.0670485 0.148137 21.8599 
0.5 6.5 -0.5 1 0.476037 -0.374767 15.6763 
0.5 8.5 -0.5 1 0.515093 -0.335477 17.1342 
0.5 8.5 4.5 1 0.485024 -0.0450379 17.1679 
0.5 6.5 4.5 1 0.443261 -0.0572908 15.71 
0.5 2.5 2 1 0.351141 -0.284971 12.7773 
0.5 4.5 2 1 0.410942 -0.246876 14.2352 
0.5 4.5 4.5 1 0.392955 -0.0720505 14.2521 
0.5 2.5 4.5 1 0.331183 -0.090174 12.7941 
