0 0 0 1 -0.284454 -0.384521 10.2737 
0 0 6.5 1 -0.300114 0.268503 9.05068 
10 0 0 1 -0.24854 -0.102807 19.8804 
10 0 6.5 1 -0.253782 0.23244 18.6574 
10 10 0 1 0.221139 -0.0898032 21.9225 
10 10 6.5 1 0.244163 0.213139 20.6995 
0 10 0 1 0.557546 -0.314662 12.3157 
0 10 6.5 1 0.637601 0.225848 11.0928 
0 5 10 1 0.243198 0.627142 9.41318 
10 5 10 1 0.0142258 0.410621 19.0199 
0 6 0 1 0.256633 -0.339628 11.4989 
0 8 0 1 0.41225 -0.326717 11.9073 
0 8 5 1 0.462075 0.09281 10.9666 
0 6 5 1 0.29452 0.0949768 10.5582 
0 2 2.5 1 -0.0866946 -0.145063 10.2117 
0 4 2.5 1 0.100987 -0.13807 10.6201 
0 4 5 1 0.113479 0.097318 10.1497 
0 2 5 1 -0.0827414 0.0998555 9.74133 
0.5 0.5 -0.5 1 -0.232848 -0.396538 10.9502 
0.5 0.5 6 1 -0.24093 0.209558 9.7272 
10.5 0.5 -0.5 1 -0.222232 -0.118479 20.557 
10.5 0.5 6 1 -0.225627 0.204045 19.334 
10.5 10.5 -0.5 1 0.231009 -0.104449 22.599 
10.5 10.5 6 1 0.253869 0.188068 21.376 
0.5 10.5 -0.5 1 0.557197 -0.328429 12.9923 
0.5 10.5 6 1 0.632614 0.179582 11.7693 
0.5 5.5 9.5 1 0.263826 0.546267 10.0897 
10.5 5.5 9.5 1 0.0326572 0.37663 19.6965 
0.5 6.5 -0.5 1 0.272981 -0.352931 12.1754 
0.5 8.5 -0.5 1 0.419701 -0.340282 12.5839 
0.5 8.5 4.5 1 0.467233 0.0537726 11.6431 
0.5 6.5 4.5 1 0.309955 0.0543899 11.2347 
0.5 2.5 2 1 -0.0470824 -0.172027 10.8882 
0.5 4.5 2 1 0.127928 -0.164478 11.2966 
0.5 4.5 4.5 1 0.14081 0.0550537 10.8263 
0.5 2.5 4.5 1 -0.0415973 0.0557695 10.4178 
