0 0 0 1 0.256669 -0.0263774 18.015 
0 0 6.5 1 0.266227 0.352013 16.7648 
10 0 0 1 -0.212271 -0.184055 11.0035 
10 0 6.5 1 -0.255954 0.446142 9.75328 
10 10 0 1 -0.532323 -0.0481227 17.8693 
10 10 6.5 1 -0.582036 0.331948 16.6191 
0 10 0 1 -0.102594 0.0277381 24.8808 
0 10 6.5 1 -0.114821 0.299051 23.6306 
0 5 10 1 0.0403831 0.50796 19.5245 
10 5 10 1 -0.493181 0.668711 12.513 
0 6 0 1 0.0143659 0.0101205 22.1345 
0 8 0 1 -0.0475301 0.0194439 23.5077 
0 8 5 1 -0.0550392 0.237833 22.5459 
0 6 5 1 0.00918134 0.24225 21.1728 
0 2 2.5 1 0.165375 0.116908 18.9073 
0 4 2.5 1 0.083405 0.120485 20.2805 
0 4 5 1 0.0823097 0.247279 19.7996 
0 2 5 1 0.166337 0.253058 18.4264 
0.5 0.5 -0.5 1 0.21705 -0.0544045 18.1039 
0.5 0.5 6 1 0.223618 0.319911 16.8537 
10.5 0.5 -0.5 1 -0.273176 -0.228535 11.0924 
10.5 0.5 6 1 -0.324201 0.390321 9.84217 
10.5 10.5 -0.5 1 -0.568358 -0.0762696 17.9582 
10.5 10.5 6 1 -0.620503 0.299673 16.708 
0.5 10.5 -0.5 1 -0.130041 0.00722486 24.9697 
0.5 10.5 6 1 -0.143668 0.27644 23.7195 
0.5 5.5 9.5 1 0.00479315 0.479668 19.6134 
10.5 5.5 9.5 1 -0.544809 0.623544 12.6019 
0.5 6.5 -0.5 1 -0.0169401 -0.0128573 22.2234 
0.5 8.5 -0.5 1 -0.0767812 -0.00223188 23.5965 
0.5 8.5 4.5 1 -0.0855036 0.214378 22.6348 
0.5 6.5 4.5 1 -0.0235191 0.217262 21.2617 
0.5 2.5 2 1 0.128044 0.0895271 18.9962 
0.5 4.5 2 1 0.0489483 0.0949338 20.3694 
0.5 4.5 4.5 1 0.0470247 0.220544 19.8885 
0.5 2.5 4.5 1 0.128032 0.224312 18.5153 
