0 0 0 1 0.107383 -0.310347 10.1315 
0 0 6.5 1 0.0658067 0.354027 9.2643 
10 0 0 1 -0.240013 -0.131909 18.4432 
10 0 6.5 1 -0.279069 0.227087 17.5759 
10 10 0 1 0.162868 -0.0455292 23.841 
10 10 6.5 1 0.148196 0.23238 22.9738 
0 10 0 1 0.605143 -0.115711 15.5293 
0 10 6.5 1 0.608315 0.315588 14.6621 
0 5 10 1 0.39203 0.644788 11.4962 
10 5 10 1 -0.0508731 0.410144 19.8079 
0 6 0 1 0.454269 -0.174707 13.3702 
0 8 0 1 0.535342 -0.143005 14.4498 
0 8 5 1 0.534559 0.208611 13.7827 
0 6 5 1 0.449161 0.205127 12.7031 
0 2 2.5 1 0.23589 -0.0371412 10.8775 
0 4 2.5 1 0.353581 -0.0112512 11.9571 
0 4 5 1 0.347901 0.200995 11.6236 
0 2 5 1 0.225905 0.196017 10.544 
0.5 0.5 -0.5 1 0.116183 -0.324844 10.8837 
0.5 0.5 6 1 0.0784901 0.288384 10.0165 
10.5 0.5 -0.5 1 -0.221411 -0.147121 19.1954 
10.5 0.5 6 1 -0.257984 0.196422 18.3281 
10.5 10.5 -0.5 1 0.165065 -0.0600443 24.5932 
10.5 10.5 6 1 0.150939 0.208524 23.7259 
0.5 10.5 -0.5 1 0.58803 -0.134394 16.2815 
0.5 10.5 6 1 0.590083 0.274808 15.4143 
0.5 5.5 9.5 1 0.382368 0.573251 12.2484 
10.5 5.5 9.5 1 -0.0404253 0.376111 20.5601 
0.5 6.5 -0.5 1 0.442574 -0.193104 14.1224 
0.5 8.5 -0.5 1 0.520467 -0.161664 15.202 
0.5 8.5 4.5 1 0.519041 0.1709 14.5349 
0.5 6.5 4.5 1 0.437172 0.164584 13.4553 
0.5 2.5 2 1 0.235813 -0.0683787 11.6297 
0.5 4.5 2 1 0.346545 -0.0413676 12.7093 
0.5 4.5 4.5 1 0.341021 0.157167 12.3757 
0.5 2.5 4.5 1 0.226491 0.148332 11.2962 
