0 0 0 1 -0.249174 -0.0280085 24.6395 
0 0 6.5 1 -0.276953 0.241951 23.6389 
10 0 0 1 0.144888 0.005089 25.8779 
10 0 6.5 1 0.134341 0.262942 24.8773 
10 10 0 1 0.31708 -0.0816787 16.075 
10 10 6.5 1 0.311104 0.338096 15.0744 
0 10 0 1 -0.322975 -0.143887 14.8367 
0 10 6.5 1 -0.375773 0.30896 13.8361 
0 5 10 1 -0.334771 0.464233 18.1987 
10 5 10 1 0.195324 0.476937 19.4371 
0 6 0 1 -0.284198 -0.0830014 18.7578 
0 8 0 1 -0.301323 -0.109891 16.7972 
0 8 5 1 -0.335344 0.192456 16.0275 
0 6 5 1 -0.313778 0.187542 17.9881 
0 2 2.5 1 -0.270326 0.0666622 22.2941 
0 4 2.5 1 -0.283135 0.05888 20.3335 
0 4 5 1 -0.296451 0.183594 19.9487 
0 2 5 1 -0.282225 0.180353 21.9093 
0.5 0.5 -0.5 1 -0.228355 -0.0499955 24.2883 
0.5 0.5 6 1 -0.25566 0.223091 23.2877 
10.5 0.5 -0.5 1 0.170119 -0.0153759 25.5267 
10.5 0.5 6 1 0.16045 0.245335 24.5261 
10.5 10.5 -0.5 1 0.361887 -0.116841 15.7238 
10.5 10.5 6 1 0.358814 0.310559 14.7232 
0.5 10.5 -0.5 1 -0.289857 -0.183563 14.4854 
0.5 10.5 6 1 -0.341574 0.278136 13.4848 
0.5 5.5 9.5 1 -0.308124 0.444 17.8475 
10.5 5.5 9.5 1 0.229998 0.458249 19.0858 
0.5 6.5 -0.5 1 -0.257395 -0.113064 18.4066 
0.5 8.5 -0.5 1 -0.271691 -0.144111 16.446 
0.5 8.5 4.5 1 -0.30502 0.16333 15.6763 
0.5 6.5 4.5 1 -0.286395 0.161556 17.6369 
0.5 2.5 2 1 -0.247621 0.0438405 21.9429 
0.5 4.5 2 1 -0.258427 0.0336823 19.9823 
0.5 4.5 4.5 1 -0.271497 0.160137 19.5974 
0.5 2.5 4.5 1 -0.259309 0.158976 21.558 
