0 0 0 1 0.258024 -0.248172 17.2603 
0 0 6.5 1 0.30158 0.130343 16.5009 
10 0 0 1 -0.354771 -0.303876 13.2205 
10 0 6.5 1 -0.334439 0.193956 12.4611 
10 10 0 1 -0.388373 -0.117714 22.2933 
10 10 6.5 1 -0.377792 0.176933 21.5339 
0 10 0 1 0.0184452 -0.109762 26.333 
0 10 6.5 1 0.0394345 0.138577 25.5737 
0 5 10 1 0.158709 0.305985 20.6284 
10 5 10 1 -0.353852 0.396544 16.5886 
0 6 0 1 0.0912995 -0.151851 22.7039 
0 8 0 1 0.0521765 -0.129249 24.5185 
0 8 5 1 0.0702512 0.0743894 23.9343 
0 6 5 1 0.11189 0.0678953 22.1198 
0 2 2.5 1 0.205564 -0.081466 18.7827 
0 4 2.5 1 0.148927 -0.0607616 20.5973 
0 4 5 1 0.160971 0.0602407 20.3052 
0 2 5 1 0.219685 0.0510836 18.4907 
0.5 0.5 -0.5 1 0.21387 -0.26724 17.5703 
0.5 0.5 6 1 0.254628 0.103432 16.8109 
10.5 0.5 -0.5 1 -0.398066 -0.32736 13.5305 
10.5 0.5 6 1 -0.380801 0.156989 12.7712 
10.5 10.5 -0.5 1 -0.413828 -0.134326 22.6033 
10.5 10.5 6 1 -0.404283 0.155562 21.8439 
0.5 10.5 -0.5 1 -0.00788493 -0.123947 26.6431 
0.5 10.5 6 1 0.0120805 0.121001 25.8837 
0.5 5.5 9.5 1 0.123128 0.281778 20.9384 
10.5 5.5 9.5 1 -0.388534 0.364888 16.8987 
0.5 6.5 -0.5 1 0.0598359 -0.167707 23.014 
0.5 8.5 -0.5 1 0.0235008 -0.144228 24.8285 
0.5 8.5 4.5 1 0.0406535 0.0564452 24.2444 
0.5 6.5 4.5 1 0.0793225 0.0485892 22.4299 
0.5 2.5 2 1 0.165783 -0.101721 19.0928 
0.5 4.5 2 1 0.113438 -0.0795656 20.9074 
0.5 4.5 4.5 1 0.124799 0.0393504 20.6153 
0.5 2.5 4.5 1 0.179053 0.0283281 18.8007 
