0 0 0 1 0.283771 -0.303621 15.8791 
0 0 6.5 1 0.322553 0.103016 15.9759 
10 0 0 1 -0.377272 -0.274484 13.9024 
10 0 6.5 1 -0.328443 0.189367 13.9992 
10 10 0 1 -0.304868 -0.158811 23.704 
10 10 6.5 1 -0.276442 0.113548 23.8008 
0 10 0 1 0.0983012 -0.18573 25.6807 
0 10 6.5 1 0.123033 0.0658451 25.7775 
0 5 10 1 0.215526 0.246253 20.9288 
10 5 10 1 -0.276503 0.324976 18.9521 
0 6 0 1 0.152439 -0.220142 21.76 
0 8 0 1 0.123133 -0.201514 23.7203 
0 8 5 1 0.143665 0.0081794 23.7948 
0 6 5 1 0.174715 0.00844156 21.8345 
0 2 2.5 1 0.243814 -0.12998 17.8766 
0 4 2.5 1 0.199741 -0.116616 19.8369 
0 4 5 1 0.211889 0.00875545 19.8742 
0 2 5 1 0.257199 0.00913802 17.9139 
0.5 0.5 -0.5 1 0.237942 -0.323795 16.2629 
0.5 0.5 6 1 0.276085 0.0734212 16.3597 
10.5 0.5 -0.5 1 -0.411683 -0.298233 14.2862 
10.5 0.5 6 1 -0.363925 0.153401 14.383 
10.5 10.5 -0.5 1 -0.32643 -0.174739 24.0878 
10.5 10.5 6 1 -0.298369 0.0933617 24.1846 
0.5 10.5 -0.5 1 0.0724372 -0.200054 26.0645 
0.5 10.5 6 1 0.0969023 0.0478837 26.1613 
0.5 5.5 9.5 1 0.181784 0.220956 21.3126 
10.5 5.5 9.5 1 -0.303928 0.295531 19.3359 
0.5 6.5 -0.5 1 0.121057 -0.236405 22.1438 
0.5 8.5 -0.5 1 0.0947701 -0.216751 24.1041 
0.5 8.5 4.5 1 0.115064 -0.0103395 24.1786 
0.5 6.5 4.5 1 0.143053 -0.0117158 22.2183 
0.5 2.5 2 1 0.203838 -0.151597 18.2604 
0.5 4.5 2 1 0.164477 -0.136391 20.2207 
0.5 4.5 4.5 1 0.17646 -0.0133584 20.258 
0.5 2.5 4.5 1 0.217024 -0.0153531 18.2977 
