0 0 0 1 0.276737 -0.284255 16.2199 
0 0 6.5 1 0.31892 0.115286 16.1003 
10 0 0 1 -0.375275 -0.26893 13.7331 
10 0 6.5 1 -0.331114 0.203729 13.6135 
10 10 0 1 -0.325011 -0.139583 23.4172 
10 10 6.5 1 -0.298948 0.13727 23.2976 
0 10 0 1 0.0784232 -0.161596 25.904 
0 10 6.5 1 0.103843 0.0884536 25.7844 
0 5 10 1 0.203756 0.265855 20.8779 
10 5 10 1 -0.292985 0.351682 18.3912 
0 6 0 1 0.136827 -0.197719 22.0303 
0 8 0 1 0.105265 -0.178198 23.9672 
0 8 5 1 0.126486 0.0294652 23.8752 
0 6 5 1 0.160054 0.0281958 21.9383 
0 2 2.5 1 0.23443 -0.112556 18.1107 
0 4 2.5 1 0.187268 -0.0974456 20.0475 
0 4 5 1 0.200122 0.0266805 20.0015 
0 2 5 1 0.248782 0.0248404 18.0647 
0.5 0.5 -0.5 1 0.231115 -0.303872 16.5889 
0.5 0.5 6 1 0.272022 0.0865724 16.4693 
10.5 0.5 -0.5 1 -0.411877 -0.292407 14.1022 
10.5 0.5 6 1 -0.369195 0.167575 13.9826 
10.5 10.5 -0.5 1 -0.347491 -0.155509 23.7863 
10.5 10.5 6 1 -0.321949 0.116946 23.6667 
0.5 10.5 -0.5 1 0.0524035 -0.175706 26.2731 
0.5 10.5 6 1 0.077346 0.0707508 26.1535 
0.5 5.5 9.5 1 0.169404 0.240983 21.247 
10.5 5.5 9.5 1 -0.322118 0.321824 18.7602 
0.5 6.5 -0.5 1 0.105345 -0.213674 22.3994 
0.5 8.5 -0.5 1 0.0767675 -0.193179 24.3362 
0.5 8.5 4.5 1 0.0975575 0.0112663 24.2442 
0.5 6.5 4.5 1 0.128058 0.00843784 22.3074 
0.5 2.5 2 1 0.194321 -0.133595 18.4798 
0.5 4.5 2 1 0.151817 -0.116762 20.4166 
0.5 4.5 4.5 1 0.164358 0.00507146 20.3706 
0.5 2.5 4.5 1 0.208286 0.000997682 18.4338 
