0 0 0 1 0.348896 -0.652005 13.1858 
0 0 6.5 1 0.342458 -0.15393 14.3231 
10 0 0 1 -0.372389 -0.581486 14.3172 
10 0 6.5 1 -0.325276 -0.125064 15.4545 
10 10 0 1 -0.17705 -0.419795 24.0978 
10 10 6.5 1 -0.157 -0.147558 25.2351 
0 10 0 1 0.24669 -0.452317 22.9664 
0 10 6.5 1 0.247687 -0.165767 24.1037 
0 5 10 1 0.282543 0.0172464 19.8258 
10 5 10 1 -0.206632 0.0292925 20.9572 
0 6 0 1 0.274981 -0.507592 19.0542 
0 8 0 1 0.259519 -0.477381 21.0103 
0 8 5 1 0.259851 -0.233612 21.8851 
0 6 5 1 0.274667 -0.238569 19.929 
0 2 2.5 1 0.316486 -0.417011 15.5794 
0 4 2.5 1 0.293329 -0.390918 17.5355 
0 4 5 1 0.292709 -0.244606 17.9729 
0 2 5 1 0.315157 -0.252118 16.0168 
0.5 0.5 -0.5 1 0.30297 -0.67172 13.644 
0.5 0.5 6 1 0.300265 -0.187564 14.7813 
10.5 0.5 -0.5 1 -0.392435 -0.601878 14.7753 
10.5 0.5 6 1 -0.345246 -0.157137 15.9126 
10.5 10.5 -0.5 1 -0.192756 -0.435081 24.5559 
10.5 10.5 6 1 -0.172368 -0.167021 25.6932 
0.5 10.5 -0.5 1 0.221938 -0.467705 23.4245 
0.5 10.5 6 1 0.224063 -0.185787 24.5618 
0.5 5.5 9.5 1 0.253149 -0.0111295 20.2839 
10.5 5.5 9.5 1 -0.224009 0.00215806 21.4153 
0.5 6.5 -0.5 1 0.244603 -0.524768 19.5123 
0.5 8.5 -0.5 1 0.232238 -0.493637 21.4684 
0.5 8.5 4.5 1 0.233631 -0.254229 22.3432 
0.5 6.5 4.5 1 0.245599 -0.261053 20.3871 
0.5 2.5 2 1 0.27834 -0.440495 16.0375 
0.5 4.5 2 1 0.25992 -0.412514 17.9936 
0.5 4.5 4.5 1 0.260107 -0.269326 18.431 
0.5 2.5 4.5 1 0.278061 -0.279564 16.4749 
