0 0 0 1 -0.689262 -0.585935 13.6351 
0 0 6.5 1 -0.618257 -0.108254 14.8509 
10 0 0 1 -0.186805 -0.444576 21.9294 
10 0 6.5 1 -0.167638 -0.145502 23.1451 
10 10 0 1 0.262569 -0.54207 16.6657 
10 10 6.5 1 0.256826 -0.148329 17.8814 
0 10 0 1 -0.110586 -0.868906 8.37139 
0 10 6.5 1 -0.0739787 -0.0930761 9.58714 
0 5 10 1 -0.375097 0.169825 12.8736 
10 5 10 1 0.0223352 0.0201371 21.1679 
0 6 0 1 -0.411833 -0.721597 10.4769 
0 8 0 1 -0.278035 -0.787024 9.42413 
0 8 5 1 -0.236858 -0.242108 10.3593 
0 6 5 1 -0.36349 -0.232311 11.4121 
0 2 2.5 1 -0.583941 -0.413162 13.05 
0 4 2.5 1 -0.493942 -0.437492 11.9972 
0 4 5 1 -0.468731 -0.224168 12.4648 
0 2 5 1 -0.557581 -0.217293 13.5176 
0.5 0.5 -0.5 1 -0.637263 -0.623117 13.6931 
0.5 0.5 6 1 -0.570774 -0.144262 14.9089 
10.5 0.5 -0.5 1 -0.155747 -0.468105 21.9874 
10.5 0.5 6 1 -0.138255 -0.168546 23.2031 
10.5 10.5 -0.5 1 0.301844 -0.572666 16.7237 
10.5 10.5 6 1 0.293457 -0.178125 17.9394 
0.5 10.5 -0.5 1 -0.0300986 -0.927359 8.4294 
0.5 10.5 6 1 -0.00385653 -0.148827 9.64515 
0.5 5.5 9.5 1 -0.321445 0.127063 12.9316 
10.5 5.5 9.5 1 0.0539358 -0.00550586 21.2259 
0.5 6.5 -0.5 1 -0.345772 -0.769179 10.5349 
0.5 8.5 -0.5 1 -0.205459 -0.839488 9.48214 
0.5 8.5 4.5 1 -0.171027 -0.292897 10.4173 
0.5 6.5 4.5 1 -0.30306 -0.278488 11.4701 
0.5 2.5 2 1 -0.530087 -0.452768 13.108 
0.5 4.5 2 1 -0.435818 -0.48044 12.0552 
0.5 4.5 4.5 1 -0.412894 -0.266501 12.5228 
0.5 2.5 4.5 1 -0.505694 -0.256373 13.5756 
