0 0 0 1 -0.221961 -0.0120588 25.0981 
0 0 6.5 1 -0.245057 0.254184 23.9556 
10 0 0 1 0.170839 0.010694 25.7163 
10 0 6.5 1 0.166587 0.271297 24.5737 
10 10 0 1 0.3211 -0.0911138 15.8914 
10 10 6.5 1 0.325655 0.335203 14.7489 
0 10 0 1 -0.318297 -0.132623 15.2733 
0 10 6.5 1 -0.36524 0.308985 14.1307 
0 5 10 1 -0.308073 0.470447 18.428 
10 5 10 1 0.225085 0.485509 19.0461 
0 6 0 1 -0.267933 -0.0695932 19.2032 
0 8 0 1 -0.290245 -0.0975158 17.2382 
0 8 5 1 -0.319929 0.197792 16.3594 
0 6 5 1 -0.293364 0.195387 18.3243 
0 2 2.5 1 -0.244305 0.0798077 22.6937 
0 4 2.5 1 -0.260619 0.0707495 20.7288 
0 4 5 1 -0.271945 0.193448 20.2893 
0 2 5 1 -0.254308 0.191851 22.2543 
0.5 0.5 -0.5 1 -0.202788 -0.0344416 24.7257 
0.5 0.5 6 1 -0.22532 0.234921 23.5832 
10.5 0.5 -0.5 1 0.195317 -0.0108085 25.3438 
10.5 0.5 6 1 0.192155 0.25279 24.2013 
10.5 10.5 -0.5 1 0.36468 -0.128673 15.5189 
10.5 10.5 6 1 0.372817 0.305704 14.3764 
0.5 10.5 -0.5 1 -0.288891 -0.172778 14.9008 
0.5 10.5 6 1 -0.334663 0.277451 13.7583 
0.5 5.5 9.5 1 -0.283594 0.449749 18.0555 
10.5 5.5 9.5 1 0.259388 0.465796 18.6736 
0.5 6.5 -0.5 1 -0.243668 -0.100121 18.8308 
0.5 8.5 -0.5 1 -0.263645 -0.132217 16.8658 
0.5 8.5 4.5 1 -0.292558 0.168063 15.9869 
0.5 6.5 4.5 1 -0.268438 0.168862 17.9519 
0.5 2.5 2 1 -0.22344 0.0565468 22.3213 
0.5 4.5 2 1 -0.238039 0.0450774 20.3563 
0.5 4.5 4.5 1 -0.249078 0.169504 19.9169 
0.5 2.5 4.5 1 -0.233194 0.17003 21.8818 
