0 0 0 1 0.292624 -0.310629 18.694 
0 0 6.5 1 0.254278 0.0323051 19.4446 
10 0 0 1 0.417479 -0.540208 8.89997 
10 0 6.5 1 0.330506 0.168613 9.65063 
10 10 0 1 -0.57747 -0.549715 10.5564 
10 10 6.5 1 -0.585649 0.0559003 11.307 
0 10 0 1 -0.213324 -0.334247 20.3504 
0 10 6.5 1 -0.230661 -0.0173922 21.101 
0 5 10 1 -0.0118306 0.173894 20.677 
10 5 10 1 -0.183716 0.422187 10.883 
0 6 0 1 -0.0211604 -0.325277 19.6878 
0 8 0 1 -0.118832 -0.329836 20.0191 
0 8 5 1 -0.135144 -0.0802551 20.5965 
0 6 5 1 -0.040522 -0.0717457 20.2652 
0 2 2.5 1 0.171157 -0.182816 19.314 
0 4 2.5 1 0.0683834 -0.189864 19.6453 
0 4 5 1 0.0572448 -0.0629535 19.934 
0 2 5 1 0.158316 -0.0538642 19.6027 
0.5 0.5 -0.5 1 0.270578 -0.34569 18.2294 
0.5 0.5 6 1 0.232165 0.00702589 18.98 
10.5 0.5 -0.5 1 0.376712 -0.628622 8.43535 
10.5 0.5 6 1 0.288671 0.123276 9.186 
10.5 10.5 -0.5 1 -0.657353 -0.624055 10.0917 
10.5 10.5 6 1 -0.660352 0.0126592 10.8424 
0.5 10.5 -0.5 1 -0.245355 -0.366939 19.8857 
0.5 10.5 6 1 -0.261917 -0.0417613 20.6364 
0.5 5.5 9.5 1 -0.0387128 0.153411 20.2124 
10.5 5.5 9.5 1 -0.243535 0.393521 10.4184 
0.5 6.5 -0.5 1 -0.0496514 -0.358879 19.2232 
0.5 8.5 -0.5 1 -0.149161 -0.362977 19.5545 
0.5 8.5 4.5 1 -0.164979 -0.106686 20.1319 
0.5 6.5 4.5 1 -0.0686365 -0.0984188 19.8006 
0.5 2.5 2 1 0.146841 -0.213573 18.8493 
0.5 4.5 2 1 0.0419983 -0.220261 19.1806 
0.5 4.5 4.5 1 0.0309852 -0.0898706 19.4693 
0.5 2.5 4.5 1 0.134056 -0.0810265 19.1381 
