0 0 0 1 0.28014 -0.303769 20.1457 
0 0 6.5 1 0.245175 0.0167606 20.4462 
10 0 0 1 0.621389 -0.548908 10.1832 
10 0 6.5 1 0.543418 0.0832422 10.4837 
10 10 0 1 -0.381047 -0.690327 9.45164 
10 10 6.5 1 -0.433981 -0.0063959 9.75212 
0 10 0 1 -0.220749 -0.363381 19.4141 
0 10 6.5 1 -0.249377 -0.0300474 19.7146 
0 5 10 1 -0.014393 0.165737 20.2422 
10 5 10 1 0.03821 0.377917 10.2797 
0 6 0 1 -0.0159308 -0.339005 19.7068 
0 8 0 1 -0.117574 -0.351102 19.5604 
0 8 5 1 -0.140715 -0.0958322 19.7916 
0 6 5 1 -0.0400799 -0.0857491 19.9379 
0 2 2.5 1 0.169783 -0.189965 20.115 
0 4 2.5 1 0.0715785 -0.200723 19.9687 
0 4 5 1 0.0590884 -0.075813 20.0842 
0 2 5 1 0.156822 -0.0660206 20.2305 
0.5 0.5 -0.5 1 0.266995 -0.338832 19.5879 
0.5 0.5 6 1 0.231249 -0.00878234 19.8884 
10.5 0.5 -0.5 1 0.614416 -0.634467 9.62542 
10.5 0.5 6 1 0.532274 0.0357984 9.9259 
10.5 10.5 -0.5 1 -0.451466 -0.791794 8.89382 
10.5 10.5 6 1 -0.50531 -0.0630532 9.1943 
0.5 10.5 -0.5 1 -0.249221 -0.401567 18.8563 
0.5 10.5 6 1 -0.278236 -0.0579287 19.1568 
0.5 5.5 9.5 1 -0.0358196 0.144151 19.6844 
10.5 5.5 9.5 1 -0.00215515 0.346385 9.7219 
0.5 6.5 -0.5 1 -0.0380013 -0.375898 19.1489 
0.5 8.5 -0.5 1 -0.142798 -0.388634 19.0026 
0.5 8.5 4.5 1 -0.166307 -0.12551 19.2338 
0.5 6.5 4.5 1 -0.0625823 -0.114913 19.3801 
0.5 2.5 2 1 0.15347 -0.221837 19.5572 
0.5 4.5 2 1 0.0523206 -0.233144 19.4108 
0.5 4.5 4.5 1 0.0395876 -0.104474 19.5264 
0.5 2.5 4.5 1 0.140238 -0.0941908 19.6727 
