0 0 0 1 -0.620471 -0.293579 11.1261 
0 0 6.5 1 -0.564965 0.289116 11.0716 
10 0 0 1 -0.249495 -0.159658 20.9857 
10 0 6.5 1 -0.21917 0.148908 20.9312 
10 10 0 1 0.236751 -0.22507 19.3181 
10 10 6.5 1 0.271075 0.110022 19.2636 
0 10 0 1 0.307238 -0.450789 9.45847 
0 10 6.5 1 0.377959 0.234323 9.40402 
0 5 10 1 -0.0980822 0.605839 10.2085 
10 5 10 1 0.0332018 0.303992 20.0681 
0 6 0 1 -0.100514 -0.381691 10.1255 
0 8 0 1 0.0964179 -0.415063 9.79199 
0 8 5 1 0.147982 0.0933931 9.7501 
0 6 5 1 -0.051474 0.110087 10.0836 
0 2 2.5 1 -0.435605 -0.0908329 10.7716 
0 4 2.5 1 -0.261569 -0.112846 10.4381 
0 4 5 1 -0.238158 0.125711 10.4171 
0 2 5 1 -0.413259 0.140366 10.7507 
0.5 0.5 -0.5 1 -0.552816 -0.330849 11.5399 
0.5 0.5 6 1 -0.49899 0.230676 11.4854 
10.5 0.5 -0.5 1 -0.220185 -0.182345 21.3995 
10.5 0.5 6 1 -0.190373 0.120181 21.345 
10.5 10.5 -0.5 1 0.258341 -0.248303 19.7319 
10.5 10.5 6 1 0.292003 0.0796784 19.6774 
0.5 10.5 -0.5 1 0.347436 -0.487765 9.87226 
0.5 10.5 6 1 0.415399 0.168267 9.81781 
0.5 5.5 9.5 1 -0.0449333 0.530313 10.6223 
10.5 5.5 9.5 1 0.0581135 0.270921 20.4819 
0.5 6.5 -0.5 1 -0.0468513 -0.41904 10.5393 
0.5 8.5 -0.5 1 0.14385 -0.452279 10.2058 
0.5 8.5 4.5 1 0.19351 0.0353237 10.1639 
0.5 6.5 4.5 1 0.000469947 0.0532041 10.4974 
0.5 2.5 2 1 -0.372645 -0.136784 11.1854 
0.5 4.5 2 1 -0.203311 -0.15937 10.8519 
0.5 4.5 4.5 1 -0.180681 0.0699833 10.8309 
0.5 2.5 4.5 1 -0.35101 0.08576 11.1644 
