0 0 0 1 -0.0592064 -0.0380684 26.294 
0 0 6.5 1 -0.0435545 0.213519 25.3721 
10 0 0 1 0.339905 -0.0924211 23.0386 
10 0 6.5 1 0.374497 0.193933 22.1167 
10 10 0 1 0.32551 -0.236264 13.6903 
10 10 6.5 1 0.38439 0.249356 12.7684 
0 10 0 1 -0.291009 -0.124294 16.9458 
0 10 6.5 1 -0.279563 0.269109 16.0238 
0 5 10 1 -0.126185 0.411892 20.2016 
10 5 10 1 0.403548 0.424438 16.9461 
0 6 0 1 -0.173146 -0.0804513 20.6851 
0 8 0 1 -0.226221 -0.100194 18.8154 
0 8 5 1 -0.215892 0.168563 18.1062 
0 6 5 1 -0.161898 0.163852 19.9759 
0 2 2.5 1 -0.0854998 0.0517907 24.0698 
0 4 2.5 1 -0.123102 0.046195 22.2001 
0 4 5 1 -0.117147 0.159948 21.8456 
0 2 5 1 -0.0794523 0.156659 23.7152 
0.5 0.5 -0.5 1 -0.0501604 -0.0624204 25.7348 
0.5 0.5 6 1 -0.0338196 0.193933 24.8128 
10.5 0.5 -0.5 1 0.36019 -0.121652 22.4794 
10.5 0.5 6 1 0.396548 0.170881 21.5574 
10.5 10.5 -0.5 1 0.359625 -0.292431 13.1311 
10.5 10.5 6 1 0.423778 0.211192 12.2091 
0.5 10.5 -0.5 1 -0.284714 -0.165481 16.3865 
0.5 10.5 6 1 -0.272478 0.239694 15.4646 
0.5 5.5 9.5 1 -0.116241 0.392799 19.6423 
10.5 5.5 9.5 1 0.433548 0.40198 16.3869 
0.5 6.5 -0.5 1 -0.164745 -0.112768 20.1258 
0.5 8.5 -0.5 1 -0.218586 -0.136425 18.2561 
0.5 8.5 4.5 1 -0.207618 0.139434 17.547 
0.5 6.5 4.5 1 -0.152867 0.137392 19.4166 
0.5 2.5 2 1 -0.0762234 0.0272724 23.5105 
0.5 4.5 2 1 -0.113996 0.0194139 21.6409 
0.5 4.5 4.5 1 -0.107733 0.13571 21.2863 
0.5 2.5 4.5 1 -0.0698879 0.134299 23.1559 
