0 0 0 1 0.387928 -0.676296 12.3262 
0 0 6.5 1 0.355791 -0.144349 13.6117 
10 0 0 1 -0.336452 -0.594271 14.6642 
10 0 6.5 1 -0.305497 -0.146911 15.9497 
10 10 0 1 -0.106156 -0.440703 24.1838 
10 10 6.5 1 -0.0983946 -0.168303 25.4693 
0 10 0 1 0.327212 -0.47055 21.8458 
0 10 6.5 1 0.311675 -0.168958 23.1313 
0 5 10 1 0.317838 0.0259233 19.0636 
10 5 10 1 -0.170844 0.0054132 21.4016 
0 6 0 1 0.343808 -0.526788 18.038 
0 8 0 1 0.334718 -0.495984 19.9419 
0 8 5 1 0.321156 -0.238398 20.9307 
0 6 5 1 0.328416 -0.241826 19.0268 
0 2 2.5 1 0.358486 -0.426114 14.7245 
0 4 2.5 1 0.345904 -0.400699 16.6285 
0 4 5 1 0.337292 -0.246016 17.1229 
0 2 5 1 0.348388 -0.251254 15.2189 
0.5 0.5 -0.5 1 0.343951 -0.69752 12.8202 
0.5 0.5 6 1 0.316948 -0.182269 14.1057 
10.5 0.5 -0.5 1 -0.350039 -0.614894 15.1582 
10.5 0.5 6 1 -0.318951 -0.179362 16.4437 
10.5 10.5 -0.5 1 -0.119112 -0.456446 24.6778 
10.5 10.5 6 1 -0.110856 -0.188449 25.9633 
0.5 10.5 -0.5 1 0.303318 -0.48728 22.3398 
0.5 10.5 6 1 0.289406 -0.191084 23.6253 
0.5 5.5 9.5 1 0.290781 -0.00572647 19.5576 
10.5 5.5 9.5 1 -0.183986 -0.0223943 21.8956 
0.5 6.5 -0.5 1 0.314562 -0.545456 18.532 
0.5 8.5 -0.5 1 0.308416 -0.513658 20.4359 
0.5 8.5 4.5 1 0.29638 -0.261195 21.4247 
0.5 6.5 4.5 1 0.301041 -0.26676 19.5208 
0.5 2.5 2 1 0.322395 -0.452114 15.2185 
0.5 4.5 2 1 0.314189 -0.424542 17.1225 
0.5 4.5 4.5 1 0.306708 -0.273527 17.6169 
0.5 2.5 4.5 1 0.31375 -0.281934 15.7129 
