0 0 0 1 0.257616 -0.0998649 17.8555 
0 0 6.5 1 0.28744 0.276564 16.6134 
10 0 0 1 -0.291084 -0.222038 12.0858 
10 0 6.5 1 -0.308245 0.340687 10.8436 
10 10 0 1 -0.466942 -0.0487552 20.0267 
10 10 6.5 1 -0.488477 0.287544 18.7845 
0 10 0 1 -0.047815 -0.00294761 25.7964 
0 10 6.5 1 -0.043087 0.256646 24.5543 
0 5 10 1 0.0980761 0.446016 19.915 
10 5 10 1 -0.435812 0.564291 14.1452 
0 6 0 1 0.0486237 -0.0335489 22.6201 
0 8 0 1 -0.00275909 -0.0172445 24.2083 
0 8 5 1 0.00293285 0.193032 23.2528 
0 6 5 1 0.0569991 0.191424 21.6646 
0 2 2.5 1 0.184578 0.0533206 18.966 
0 4 2.5 1 0.113555 0.0658114 20.5541 
0 4 5 1 0.119619 0.189561 20.0764 
0 2 5 1 0.192998 0.187378 18.4882 
0.5 0.5 -0.5 1 0.215331 -0.123668 18.0596 
0.5 0.5 6 1 0.241671 0.246433 16.8175 
10.5 0.5 -0.5 1 -0.344107 -0.254988 12.2899 
10.5 0.5 6 1 -0.366913 0.293637 11.0477 
10.5 10.5 -0.5 1 -0.497378 -0.0705196 20.2308 
10.5 10.5 6 1 -0.520673 0.260741 18.9887 
0.5 10.5 -0.5 1 -0.0747874 -0.0202419 26.0006 
0.5 10.5 6 1 -0.0714516 0.236344 24.7584 
0.5 5.5 9.5 1 0.0617386 0.419111 20.1191 
10.5 5.5 9.5 1 -0.479166 0.524886 14.3493 
0.5 6.5 -0.5 1 0.0170352 -0.0529763 22.8242 
0.5 8.5 -0.5 1 -0.0318629 -0.0355443 24.4124 
0.5 8.5 4.5 1 -0.0274061 0.172157 23.4569 
0.5 6.5 4.5 1 0.0239522 0.169048 21.8687 
0.5 2.5 2 1 0.14552 0.0292651 19.1701 
0.5 4.5 2 1 0.0781845 0.0434735 20.7583 
0.5 4.5 4.5 1 0.0833543 0.165451 20.2805 
0.5 2.5 4.5 1 0.152851 0.161243 18.6923 
