0 0 0 1 0.113651 -0.418532 22.9076 
0 0 6.5 1 0.124437 -0.132899 23.9541 
10 0 0 1 0.59071 -0.570093 15.303 
10 0 6.5 1 0.575979 -0.141903 16.3495 
10 10 0 1 0.156259 -0.804103 9.01191 
10 10 6.5 1 0.177515 -0.083751 10.0584 
0 10 0 1 -0.302589 -0.488065 16.6165 
0 10 6.5 1 -0.263299 -0.0965769 17.663 
0 5 10 1 -0.0295604 0.0469637 21.372 
10 5 10 1 0.421604 0.135621 13.7674 
0 6 0 1 -0.103246 -0.454765 19.133 
0 8 0 1 -0.195901 -0.470243 17.8747 
0 8 5 1 -0.171921 -0.186257 18.6797 
0 6 5 1 -0.0845199 -0.189325 19.9379 
0 2 2.5 1 0.0554283 -0.309676 22.0519 
0 4 2.5 1 -0.0146193 -0.314202 20.7937 
0 4 5 1 -0.00749504 -0.192029 21.1962 
0 2 5 1 0.0608978 -0.19443 22.4544 
0.5 0.5 -0.5 1 0.11362 -0.450162 22.1323 
0.5 0.5 6 1 0.124769 -0.153547 23.1788 
10.5 0.5 -0.5 1 0.616122 -0.626369 14.5277 
10.5 0.5 6 1 0.59895 -0.173082 15.5742 
10.5 10.5 -0.5 1 0.160188 -0.925388 8.23663 
10.5 10.5 6 1 0.182775 -0.131203 9.2831 
0.5 10.5 -0.5 1 -0.323002 -0.535659 15.8412 
0.5 10.5 6 1 -0.280644 -0.12325 16.8877 
0.5 5.5 9.5 1 -0.0349839 0.030497 20.5967 
10.5 5.5 9.5 1 0.439929 0.114806 12.9921 
0.5 6.5 -0.5 1 -0.112443 -0.494429 18.3577 
0.5 8.5 -0.5 1 -0.209976 -0.513527 17.0995 
0.5 8.5 4.5 1 -0.184325 -0.215299 17.9044 
0.5 6.5 4.5 1 -0.0925728 -0.216584 19.1627 
0.5 2.5 2 1 0.053275 -0.338611 21.2766 
0.5 4.5 2 1 -0.0196208 -0.345131 20.0184 
0.5 4.5 4.5 1 -0.0121275 -0.217711 20.4209 
0.5 2.5 4.5 1 0.05898 -0.218708 21.6791 
