0 0 0 1 0.40186 -0.610919 11.9943 
0 0 6.5 1 0.355157 -0.0719323 13.2672 
10 0 0 1 -0.307219 -0.53649 15.122 
10 0 6.5 1 -0.28996 -0.106104 16.3949 
10 10 0 1 -0.0583776 -0.40606 24.4162 
10 10 6.5 1 -0.0596931 -0.137849 25.6891 
0 10 0 1 0.377688 -0.428832 21.2886 
0 10 6.5 1 0.351588 -0.122155 22.5615 
0 5 10 1 0.336775 0.0847627 18.5998 
10 5 10 1 -0.147366 0.0364216 21.7274 
0 6 0 1 0.384288 -0.478551 17.5709 
0 8 0 1 0.380672 -0.451313 19.4297 
0 8 5 1 0.358334 -0.189448 20.4089 
0 6 5 1 0.359521 -0.189007 18.55 
0 2 2.5 1 0.378068 -0.365108 14.3428 
0 4 2.5 1 0.374446 -0.345459 16.2016 
0 4 5 1 0.360972 -0.188468 16.6912 
0 2 5 1 0.362786 -0.187794 14.8323 
0.5 0.5 -0.5 1 0.360782 -0.634883 12.5175 
0.5 0.5 6 1 0.319642 -0.114133 13.7904 
10.5 0.5 -0.5 1 -0.316373 -0.558153 15.6452 
10.5 0.5 6 1 -0.29896 -0.139446 16.918 
10.5 10.5 -0.5 1 -0.0693407 -0.422386 24.9394 
10.5 10.5 6 1 -0.0700976 -0.158735 26.2123 
0.5 10.5 -0.5 1 0.354693 -0.446952 21.8118 
0.5 10.5 6 1 0.330452 -0.146227 23.0847 
0.5 5.5 9.5 1 0.311666 0.0500433 19.1229 
10.5 5.5 9.5 1 -0.157561 0.00771911 22.2506 
0.5 6.5 -0.5 1 0.356378 -0.498957 18.0941 
0.5 8.5 -0.5 1 0.355457 -0.470532 19.9529 
0.5 8.5 4.5 1 0.334857 -0.214313 20.9321 
0.5 6.5 4.5 1 0.333723 -0.216307 19.0732 
0.5 2.5 2 1 0.344317 -0.393938 14.866 
0.5 4.5 2 1 0.344559 -0.371699 16.7248 
0.5 4.5 4.5 1 0.332344 -0.218733 17.2144 
0.5 2.5 4.5 1 0.330631 -0.221745 15.3555 
