0 0 0 1 -0.0224325 -0.0667214 26.0537 
0 0 6.5 1 -0.000181185 0.184865 25.4792 
10 0 0 1 0.384813 -0.134028 21.8126 
10 0 6.5 1 0.422524 0.165978 21.238 
10 10 0 1 0.31887 -0.260844 12.7997 
10 10 6.5 1 0.381285 0.254378 12.2252 
0 10 0 1 -0.287354 -0.126377 17.0408 
0 10 6.5 1 -0.262167 0.260833 16.4663 
0 5 10 1 -0.0894604 0.385942 20.6634 
10 5 10 1 0.434146 0.413447 16.4223 
0 6 0 1 -0.15363 -0.0962648 20.646 
0 8 0 1 -0.214096 -0.109881 18.8434 
0 8 5 1 -0.194999 0.157047 18.4015 
0 6 5 1 -0.134914 0.147146 20.204 
0 2 2.5 1 -0.0509318 0.0274165 24.0302 
0 4 2.5 1 -0.0938637 0.0259036 22.2276 
0 4 5 1 -0.0846722 0.138867 22.0066 
0 2 5 1 -0.0420378 0.131841 23.8092 
0.5 0.5 -0.5 1 -0.0155595 -0.0909921 25.4352 
0.5 0.5 6 1 0.00740429 0.166292 24.8607 
10.5 0.5 -0.5 1 0.404946 -0.16512 21.1941 
10.5 0.5 6 1 0.44435 0.143019 20.6195 
10.5 10.5 -0.5 1 0.350551 -0.321379 12.1812 
10.5 10.5 6 1 0.41786 0.218301 11.6067 
0.5 10.5 -0.5 1 -0.286687 -0.166215 16.4223 
0.5 10.5 6 1 -0.260492 0.234664 15.8478 
0.5 5.5 9.5 1 -0.0828073 0.369112 20.0449 
10.5 5.5 9.5 1 0.463076 0.393177 15.8038 
0.5 6.5 -0.5 1 -0.148953 -0.128001 20.0275 
0.5 8.5 -0.5 1 -0.211008 -0.145218 18.2249 
0.5 8.5 4.5 1 -0.191171 0.130115 17.783 
0.5 6.5 4.5 1 -0.12954 0.12238 19.5855 
0.5 2.5 2 1 -0.0442176 0.00353501 23.4117 
0.5 4.5 2 1 -0.0878182 -1.3269e-05 21.6091 
0.5 4.5 4.5 1 -0.0782985 0.115949 21.3881 
0.5 2.5 4.5 1 -0.0350225 0.110517 23.1907 
