0 0 0 1 0.034867 -0.255528 24.9911 
0 0 6.5 1 0.0596109 0.0030665 25.2598 
10 0 0 1 0.465585 -0.364915 18.9503 
10 0 6.5 1 0.492085 -0.0235116 19.219 
10 10 0 1 0.258198 -0.545584 10.9918 
10 10 6.5 1 0.308375 0.0414218 11.2605 
0 10 0 1 -0.300221 -0.321009 17.0326 
0 10 6.5 1 -0.25889 0.057554 17.3013 
0 5 10 1 -0.053446 0.187484 21.4253 
10 5 10 1 0.442429 0.226694 15.3845 
0 6 0 1 -0.134526 -0.28863 20.216 
0 8 0 1 -0.210293 -0.303435 18.6243 
0 8 5 1 -0.18207 -0.0360814 18.831 
0 6 5 1 -0.10927 -0.0422622 20.4227 
0 2 2.5 1 -0.00347273 -0.158124 23.5028 
0 4 2.5 1 -0.0583541 -0.161228 21.9111 
0 4 5 1 -0.0469966 -0.0475493 22.0144 
0 2 5 1 0.00687874 -0.0521234 23.6061 
0.5 0.5 -0.5 1 0.0379432 -0.282799 24.2705 
0.5 0.5 6 1 0.0633801 -0.0163117 24.5392 
10.5 0.5 -0.5 1 0.486708 -0.405547 18.2297 
10.5 0.5 6 1 0.513933 -0.0502534 18.4984 
10.5 10.5 -0.5 1 0.281137 -0.630375 10.2712 
10.5 10.5 6 1 0.334159 -0.00107245 10.5399 
0.5 10.5 -0.5 1 -0.310447 -0.364478 16.312 
0.5 10.5 6 1 -0.267155 0.0312427 16.5807 
0.5 5.5 9.5 1 -0.0529137 0.170936 20.7046 
10.5 5.5 9.5 1 0.467549 0.205255 14.6638 
0.5 6.5 -0.5 1 -0.136958 -0.323804 19.4954 
0.5 8.5 -0.5 1 -0.215991 -0.342332 17.9037 
0.5 8.5 4.5 1 -0.18658 -0.0638961 18.1104 
0.5 6.5 4.5 1 -0.110752 -0.0680559 19.7021 
0.5 2.5 2 1 -0.00140827 -0.184095 22.7821 
0.5 4.5 2 1 -0.058001 -0.189256 21.1904 
0.5 4.5 4.5 1 -0.0462608 -0.0715939 21.2938 
0.5 2.5 4.5 1 0.00925983 -0.0746397 22.8855 
