0 0 0 1 -0.184663 -0.0146682 25.6849 
0 0 6.5 1 -0.199913 0.245588 24.4245 
10 0 0 1 0.206177 -0.00778152 25.4794 
10 0 6.5 1 0.211137 0.255041 24.219 
10 10 0 1 0.324564 -0.136618 15.6713 
10 10 6.5 1 0.343254 0.293812 14.411 
0 10 0 1 -0.309253 -0.146092 15.8768 
0 10 6.5 1 -0.34548 0.277471 14.6164 
0 5 10 1 -0.267568 0.448988 18.8418 
10 5 10 1 0.265869 0.463515 18.6363 
0 6 0 1 -0.244605 -0.0778981 19.8 
0 8 0 1 -0.273374 -0.108246 17.8384 
0 8 5 1 -0.295458 0.176241 16.8689 
0 6 5 1 -0.262907 0.178516 18.8305 
0 2 2.5 1 -0.207852 0.0725808 23.2385 
0 4 2.5 1 -0.228584 0.061011 21.2769 
0 4 5 1 -0.236498 0.180361 20.7921 
0 2 5 1 -0.214642 0.181888 22.7537 
0.5 0.5 -0.5 1 -0.167747 -0.0377893 25.2811 
0.5 0.5 6 1 -0.182365 0.225628 24.0208 
10.5 0.5 -0.5 1 0.229524 -0.0309811 25.0757 
10.5 0.5 6 1 0.235804 0.235069 23.8153 
10.5 10.5 -0.5 1 0.366041 -0.178128 15.2676 
10.5 10.5 6 1 0.389001 0.260973 14.0072 
0.5 10.5 -0.5 1 -0.284864 -0.187298 15.4731 
0.5 10.5 6 1 -0.319957 0.244642 14.2127 
0.5 5.5 9.5 1 -0.246189 0.427438 18.4381 
10.5 5.5 9.5 1 0.299301 0.442044 18.2326 
0.5 6.5 -0.5 1 -0.223804 -0.10935 19.3963 
0.5 8.5 -0.5 1 -0.250899 -0.143939 17.4347 
0.5 8.5 4.5 1 -0.272201 0.145422 16.4652 
0.5 6.5 4.5 1 -0.241412 0.151027 18.4268 
0.5 2.5 2 1 -0.189533 0.0485253 22.8348 
0.5 4.5 2 1 -0.208944 0.0344711 20.8731 
0.5 4.5 4.5 1 -0.216548 0.155553 20.3884 
0.5 2.5 4.5 1 -0.196049 0.159285 22.35 
