0 0 0 1 0.320445 -0.540184 14.0728 
0 0 6.5 1 0.331744 -0.0788984 14.979 
10 0 0 1 -0.382692 -0.484388 14.2799 
10 0 6.5 1 -0.329587 -0.0327228 15.1862 
10 10 0 1 -0.221494 -0.344181 24.1801 
10 10 6.5 1 -0.195169 -0.0758274 25.0863 
0 10 0 1 0.19266 -0.375723 23.973 
0 10 6.5 1 0.204118 -0.103987 24.8792 
0 5 10 1 0.258178 0.0770186 20.4171 
10 5 10 1 -0.228038 0.109453 20.6242 
0 6 0 1 0.228603 -0.421982 20.0129 
0 8 0 1 0.209014 -0.39677 21.9929 
0 8 5 1 0.218175 -0.166929 22.69 
0 6 5 1 0.237981 -0.169317 20.71 
0 2 2.5 1 0.287059 -0.330076 16.4014 
0 4 2.5 1 0.257324 -0.309811 18.3814 
0 4 5 1 0.261974 -0.172211 18.73 
0 2 5 1 0.29164 -0.175788 16.7499 
0.5 0.5 -0.5 1 0.274388 -0.560486 14.5084 
0.5 0.5 6 1 0.288075 -0.111043 15.4147 
10.5 0.5 -0.5 1 -0.407285 -0.506055 14.7156 
10.5 0.5 6 1 -0.354234 -0.0657291 15.6218 
10.5 10.5 -0.5 1 -0.239049 -0.359615 24.6157 
10.5 10.5 6 1 -0.21255 -0.0952945 25.522 
0.5 10.5 -0.5 1 0.167564 -0.390726 24.4086 
0.5 10.5 6 1 0.179723 -0.123129 25.3149 
0.5 5.5 9.5 1 0.227434 0.0499993 20.8528 
10.5 5.5 9.5 1 -0.248422 0.0820287 21.0599 
0.5 6.5 -0.5 1 0.197881 -0.438904 20.4485 
0.5 8.5 -0.5 1 0.181385 -0.412688 22.4286 
0.5 8.5 4.5 1 0.191206 -0.186697 23.1257 
0.5 6.5 4.5 1 0.208079 -0.190887 21.1457 
0.5 2.5 2 1 0.248235 -0.353006 16.837 
0.5 4.5 2 1 0.223274 -0.330797 18.8171 
0.5 4.5 4.5 1 0.228437 -0.195943 19.1656 
0.5 2.5 4.5 1 0.253487 -0.202164 17.1856 
