0 0 0 1 -0.684247 -0.580559 13.7516 
0 0 6.5 1 -0.614987 -0.107068 14.9811 
10 0 0 1 -0.182585 -0.442844 21.9869 
10 0 6.5 1 -0.16446 -0.144602 23.2164 
10 10 0 1 0.264438 -0.538799 16.6388 
10 10 6.5 1 0.257228 -0.144689 17.8684 
0 10 0 1 -0.118413 -0.85819 8.40355 
0 10 6.5 1 -0.0829214 -0.0863905 9.63307 
0 5 10 1 -0.377842 0.170951 12.9692 
10 5 10 1 0.023332 0.0218792 21.2044 
0 6 0 1 -0.413635 -0.713337 10.5428 
0 8 0 1 -0.282691 -0.777586 9.47317 
0 8 5 1 -0.242536 -0.235992 10.4189 
0 6 5 1 -0.366439 -0.227456 11.4886 
0 2 2.5 1 -0.581618 -0.408636 13.1549 
0 4 2.5 1 -0.493843 -0.43203 12.0853 
0 4 5 1 -0.469235 -0.220374 12.5582 
0 2 5 1 -0.555895 -0.214404 13.6278 
0.5 0.5 -0.5 1 -0.632844 -0.617577 13.8014 
0.5 0.5 6 1 -0.568018 -0.142626 15.0309 
10.5 0.5 -0.5 1 -0.151525 -0.46634 22.0367 
10.5 0.5 6 1 -0.13508 -0.167494 23.2662 
10.5 10.5 -0.5 1 0.304118 -0.569538 16.6886 
10.5 10.5 6 1 0.294206 -0.174414 17.9181 
0.5 10.5 -0.5 1 -0.0378219 -0.916993 8.45334 
0.5 10.5 6 1 -0.0127458 -0.141695 9.68285 
0.5 5.5 9.5 1 -0.324521 0.128834 13.0189 
10.5 5.5 9.5 1 0.0550532 -0.00356983 21.2542 
0.5 6.5 -0.5 1 -0.347932 -0.760945 10.5926 
0.5 8.5 -0.5 1 -0.210292 -0.830206 9.52295 
0.5 8.5 4.5 1 -0.17687 -0.286434 10.4687 
0.5 6.5 4.5 1 -0.306325 -0.273259 11.5383 
0.5 2.5 2 1 -0.528278 -0.447975 13.2047 
0.5 4.5 2 1 -0.436163 -0.474741 12.1351 
0.5 4.5 4.5 1 -0.413815 -0.262319 12.608 
0.5 2.5 4.5 1 -0.504494 -0.253091 13.6776 
