0 0 0 1 0.393327 -0.484872 11.2834 
0 0 6.5 1 0.326281 0.0779622 12.1827 
10 0 0 1 -0.255623 -0.417856 16.2352 
10 0 6.5 1 -0.269233 -0.0211941 17.1345 
10 10 0 1 0.0371986 -0.307082 24.8122 
10 10 6.5 1 0.0178868 -0.0466164 25.7115 
0 10 0 1 0.478897 -0.317537 19.8605 
0 10 6.5 1 0.435845 0.00550887 20.7598 
0 5 10 1 0.36933 0.235289 16.9555 
10 5 10 1 -0.106174 0.122174 21.9072 
0 6 0 1 0.455391 -0.363506 16.4297 
0 8 0 1 0.468255 -0.338349 18.1451 
0 8 5 1 0.432148 -0.0637196 18.8368 
0 6 5 1 0.416186 -0.0603449 17.1214 
0 2 2.5 1 0.395256 -0.237439 13.3447 
0 4 2.5 1 0.417605 -0.221489 15.0601 
0 4 5 1 0.396668 -0.0562186 15.406 
0 2 5 1 0.37226 -0.0510583 13.6906 
0.5 0.5 -0.5 1 0.361455 -0.510681 11.8907 
0.5 0.5 6 1 0.299833 0.0272451 12.79 
10.5 0.5 -0.5 1 -0.254727 -0.438493 16.8424 
10.5 0.5 6 1 -0.267916 -0.0543621 17.7417 
10.5 10.5 -0.5 1 0.0307971 -0.323402 25.4195 
10.5 10.5 6 1 0.0121496 -0.0683886 26.3188 
0.5 10.5 -0.5 1 0.457842 -0.337496 20.4678 
0.5 10.5 6 1 0.4169 -0.0227904 21.3671 
0.5 5.5 9.5 1 0.348581 0.192914 17.5628 
10.5 5.5 9.5 1 -0.109535 0.0921703 22.5145 
0.5 6.5 -0.5 1 0.430933 -0.385844 17.0369 
0.5 8.5 -0.5 1 0.445619 -0.359459 18.7523 
0.5 8.5 4.5 1 0.411445 -0.0926555 19.4441 
0.5 6.5 4.5 1 0.394026 -0.0921962 17.7287 
0.5 2.5 2 1 0.368008 -0.270204 13.952 
0.5 4.5 2 1 0.392475 -0.251285 15.6674 
0.5 4.5 4.5 1 0.372875 -0.0916384 16.0133 
0.5 2.5 4.5 1 0.346649 -0.0909469 14.2979 
