0 0 0 1 0.0967504 -0.299111 10.1033 
0 0 6.5 1 0.0558517 0.369258 9.20462 
10 0 0 1 -0.241046 -0.121494 18.4654 
10 0 6.5 1 -0.279757 0.237804 17.5667 
10 10 0 1 0.16477 -0.037723 23.7723 
10 10 6.5 1 0.150984 0.241505 22.8737 
0 10 0 1 0.606447 -0.108715 15.4102 
0 10 6.5 1 0.612069 0.327019 14.5116 
0 5 10 1 0.391109 0.66199 11.3742 
10 5 10 1 -0.0496524 0.420959 19.7363 
0 6 0 1 0.451425 -0.166623 13.2874 
0 8 0 1 0.534669 -0.135528 14.3488 
0 8 5 1 0.535631 0.219254 13.6575 
0 6 5 1 0.4479 0.216347 12.5962 
0 2 2.5 1 0.228566 -0.0261667 10.819 
0 4 2.5 1 0.349016 -0.00115846 11.8804 
0 4 5 1 0.344022 0.212904 11.5348 
0 2 5 1 0.219091 0.208764 10.4734 
0.5 0.5 -0.5 1 0.106865 -0.314084 10.8559 
0.5 0.5 6 1 0.0699707 0.302417 9.9572 
10.5 0.5 -0.5 1 -0.222104 -0.136908 19.218 
10.5 0.5 6 1 -0.258295 0.206874 18.3193 
10.5 10.5 -0.5 1 0.16716 -0.0523719 24.5249 
10.5 10.5 6 1 0.153904 0.217405 23.6263 
0.5 10.5 -0.5 1 0.589508 -0.127638 16.1628 
0.5 10.5 6 1 0.593855 0.285499 15.2641 
0.5 5.5 9.5 1 0.381897 0.588941 12.1268 
10.5 5.5 9.5 1 -0.0389156 0.386576 20.4889 
0.5 6.5 -0.5 1 0.440235 -0.185302 14.04 
0.5 8.5 -0.5 1 0.520117 -0.154444 15.1014 
0.5 8.5 4.5 1 0.520331 0.180902 14.4101 
0.5 6.5 4.5 1 0.436328 0.175109 13.3487 
0.5 2.5 2 1 0.229482 -0.0579651 11.5716 
0.5 4.5 2 1 0.34268 -0.0317751 12.633 
0.5 4.5 4.5 1 0.337814 0.168316 12.2874 
0.5 2.5 4.5 1 0.220671 0.160237 11.226 
