0 0 0 1 -0.3413 -0.271177 22.2705 
0 0 6.5 1 -0.372138 0.0192948 22.1625 
10 0 0 1 0.0633741 -0.194724 25.9512 
10 0 6.5 1 0.0386192 0.054696 25.8432 
10 10 0 1 0.319607 -0.290658 16.6547 
10 10 6.5 1 0.282617 0.0982684 16.5467 
0 10 0 1 -0.302341 -0.449109 12.974 
0 10 6.5 1 -0.355135 0.0497528 12.866 
0 5 10 1 -0.387057 0.230065 17.4561 
10 5 10 1 0.117759 0.236645 21.1368 
0 6 0 1 -0.323132 -0.354153 16.6926 
0 8 0 1 -0.31404 -0.39568 14.8333 
0 8 5 1 -0.349529 -0.0606589 14.7502 
0 6 5 1 -0.354694 -0.0564274 16.6095 
0 2 2.5 1 -0.349242 -0.17229 20.3697 
0 4 2.5 1 -0.344579 -0.1873 18.5104 
0 4 5 1 -0.358819 -0.0530479 18.4688 
0 2 5 1 -0.36219 -0.0502866 20.3281 
0.5 0.5 -0.5 1 -0.313891 -0.294425 21.998 
0.5 0.5 6 1 -0.344978 -0.000452766 21.89 
10.5 0.5 -0.5 1 0.0911481 -0.213829 25.6787 
10.5 0.5 6 1 0.0662467 0.0381682 25.5707 
10.5 10.5 -0.5 1 0.367404 -0.3222 16.3823 
10.5 10.5 6 1 0.330112 0.0730288 16.2742 
0.5 10.5 -0.5 1 -0.254036 -0.49319 12.7015 
0.5 10.5 6 1 -0.307558 0.0160867 12.5935 
0.5 5.5 9.5 1 -0.352695 0.208251 17.1836 
10.5 5.5 9.5 1 0.152652 0.218765 20.8643 
0.5 6.5 -0.5 1 -0.286111 -0.386676 16.4201 
0.5 8.5 -0.5 1 -0.272121 -0.433133 14.5608 
0.5 8.5 4.5 1 -0.308038 -0.0920215 14.4777 
0.5 6.5 4.5 1 -0.318011 -0.0841501 16.337 
0.5 2.5 2 1 -0.319349 -0.196397 20.0972 
0.5 4.5 2 1 -0.311568 -0.214088 18.2379 
0.5 4.5 4.5 1 -0.325946 -0.0778873 18.1963 
0.5 2.5 4.5 1 -0.33241 -0.0727857 20.0556 
