0 0 0 1 -0.64385 -0.531913 14.6547 
0 0 6.5 1 -0.58869 -0.0893209 15.942 
10 0 0 1 -0.151459 -0.41939 22.4622 
10 0 6.5 1 -0.141122 -0.128397 23.7495 
10 10 0 1 0.276516 -0.501101 16.5359 
10 10 6.5 1 0.259377 -0.10745 17.8233 
0 10 0 1 -0.16737 -0.76311 8.72842 
0 10 6.5 1 -0.140815 -0.0289243 10.0158 
0 5 10 1 -0.392804 0.188248 13.6721 
10 5 10 1 0.0308604 0.0441497 21.4796 
0 6 0 1 -0.419021 -0.641004 11.0989 
0 8 0 1 -0.308239 -0.694757 9.91367 
0 8 5 1 -0.276683 -0.182209 10.9039 
0 6 5 1 -0.381485 -0.183109 12.0892 
0 2 2.5 1 -0.560066 -0.366481 13.9645 
0 4 2.5 1 -0.487207 -0.38272 12.7793 
0 4 5 1 -0.467571 -0.183849 13.2744 
0 2 5 1 -0.539545 -0.184468 14.4597 
0.5 0.5 -0.5 1 -0.596524 -0.567222 14.6497 
0.5 0.5 6 1 -0.54517 -0.121641 15.937 
10.5 0.5 -0.5 1 -0.120477 -0.442399 22.4572 
10.5 0.5 6 1 -0.111819 -0.150098 23.7445 
10.5 10.5 -0.5 1 0.318732 -0.532383 16.531 
10.5 10.5 6 1 0.298538 -0.136363 17.8183 
0.5 10.5 -0.5 1 -0.0876217 -0.822539 8.72346 
0.5 10.5 6 1 -0.0713094 -0.080347 10.0108 
0.5 5.5 9.5 1 -0.341984 0.150661 13.6671 
10.5 5.5 9.5 1 0.0633015 0.020195 21.4746 
0.5 6.5 -0.5 1 -0.356426 -0.687679 11.094 
0.5 8.5 -0.5 1 -0.238101 -0.747043 9.9087 
0.5 8.5 4.5 1 -0.212903 -0.229511 10.899 
0.5 6.5 4.5 1 -0.324004 -0.225772 12.0842 
0.5 2.5 2 1 -0.510371 -0.403478 13.9596 
0.5 4.5 2 1 -0.432873 -0.423156 12.7743 
0.5 4.5 4.5 1 -0.415257 -0.222702 13.2695 
0.5 2.5 4.5 1 -0.491545 -0.220135 14.4547 
