0 0 0 1 0.260498 -0.117374 18.4591 
0 0 6.5 1 0.249401 0.242612 17.5153 
10 0 0 1 -0.0855774 -0.360191 10.394 
10 0 6.5 1 -0.140704 0.282765 9.4503 
10 10 0 1 -0.56305 -0.21474 16.1253 
10 10 6.5 1 -0.627047 0.194533 15.1816 
0 10 0 1 -0.139779 -0.0779453 24.1903 
0 10 6.5 1 -0.16439 0.19489 23.2466 
0 5 10 1 0.00183076 0.394749 19.8728 
10 5 10 1 -0.479486 0.530799 11.8078 
0 6 0 1 -0.0048116 -0.0912401 21.8978 
0 8 0 1 -0.0756522 -0.0842621 23.0441 
0 8 5 1 -0.0932854 0.134137 22.3181 
0 6 5 1 -0.0209704 0.138743 21.1719 
0 2 2.5 1 0.155972 0.0185691 19.2423 
0 4 2.5 1 0.0668657 0.0202825 20.3886 
0 4 5 1 0.059623 0.143878 20.0256 
0 2 5 1 0.150003 0.149635 18.8794 
0.5 0.5 -0.5 1 0.225253 -0.147976 18.415 
0.5 0.5 6 1 0.212224 0.211266 17.4712 
10.5 0.5 -0.5 1 -0.149762 -0.415672 10.3499 
10.5 0.5 6 1 -0.211587 0.224731 9.4062 
10.5 10.5 -0.5 1 -0.605669 -0.250049 16.0812 
10.5 10.5 6 1 -0.672509 0.158214 15.1375 
0.5 10.5 -0.5 1 -0.16739 -0.101211 24.1462 
0.5 10.5 6 1 -0.193171 0.171196 23.2025 
0.5 5.5 9.5 1 -0.0314771 0.367468 19.8287 
10.5 5.5 9.5 1 -0.537434 0.485325 11.7637 
0.5 6.5 -0.5 1 -0.0350465 -0.116974 21.8537 
0.5 8.5 -0.5 1 -0.104516 -0.1087 23 
0.5 8.5 4.5 1 -0.123125 0.109335 22.274 
0.5 6.5 4.5 1 -0.0522779 0.112606 21.1278 
0.5 2.5 2 1 0.121924 -0.0104716 19.1982 
0.5 4.5 2 1 0.0345432 -0.00711823 20.3445 
0.5 4.5 4.5 1 0.0266974 0.116252 19.9815 
0.5 2.5 4.5 1 0.115285 0.120342 18.8353 
