0 0 0 1 -0.519038 -0.445867 17.4735 
0 0 6.5 1 -0.508038 -0.0749602 18.5506 
10 0 0 1 -0.0606711 -0.353416 23.9173 
10 0 6.5 1 -0.0722605 -0.0821168 24.9945 
10 10 0 1 0.304132 -0.415651 16.452 
10 10 6.5 1 0.26519 -0.0249881 17.5292 
0 10 0 1 -0.261258 -0.617135 10.0082 
0 10 6.5 1 -0.267898 0.0201965 11.0854 
0 5 10 1 -0.414875 0.185931 15.398 
10 5 10 1 0.0563167 0.100773 21.8419 
0 6 0 1 -0.399913 -0.525013 12.9943 
0 8 0 1 -0.339586 -0.565094 11.5012 
0 8 5 1 -0.338914 -0.127819 12.3298 
0 6 5 1 -0.395698 -0.137372 13.8229 
0 2 2.5 1 -0.482778 -0.305361 16.3947 
0 4 2.5 1 -0.44452 -0.314289 14.9017 
0 4 5 1 -0.441411 -0.145063 15.316 
0 2 5 1 -0.479003 -0.151387 16.809 
0.5 0.5 -0.5 1 -0.480892 -0.474958 17.3396 
0.5 0.5 6 1 -0.472042 -0.0996521 18.4167 
10.5 0.5 -0.5 1 -0.0302787 -0.374104 23.7834 
10.5 0.5 6 1 -0.0432474 -0.100447 24.8606 
10.5 10.5 -0.5 1 0.351423 -0.446315 16.3181 
10.5 10.5 6 1 0.309252 -0.0507451 17.3953 
0.5 10.5 -0.5 1 -0.190775 -0.670542 9.87426 
0.5 10.5 6 1 -0.204429 -0.0201633 10.9514 
0.5 5.5 9.5 1 -0.370628 0.158429 15.2641 
10.5 5.5 9.5 1 0.0903366 0.0809087 21.7079 
0.5 6.5 -0.5 1 -0.34724 -0.56506 12.8604 
0.5 8.5 -0.5 1 -0.279283 -0.610874 11.3673 
0.5 8.5 4.5 1 -0.282701 -0.165686 12.1959 
0.5 6.5 4.5 1 -0.346172 -0.171203 13.689 
0.5 2.5 2 1 -0.441803 -0.335224 16.2608 
0.5 4.5 2 1 -0.399054 -0.347252 14.7677 
0.5 4.5 4.5 1 -0.397158 -0.175634 15.182 
0.5 2.5 4.5 1 -0.439015 -0.179271 16.6751 
