0 0 0 1 -0.21514 -0.34425 10.1361 
0 0 6.5 1 -0.237008 0.32553 8.85534 
10 0 0 1 -0.247479 -0.0795302 19.5789 
10 0 6.5 1 -0.260326 0.263138 18.2981 
10 10 0 1 0.215717 -0.0518121 22.2155 
10 10 6.5 1 0.232826 0.249395 20.9347 
0 10 0 1 0.583818 -0.241396 12.7727 
0 10 6.5 1 0.656012 0.28618 11.4919 
0 5 10 1 0.291452 0.68714 9.48397 
10 5 10 1 0.00525381 0.446409 18.9267 
0 6 0 1 0.307379 -0.276984 11.7181 
0 8 0 1 0.451551 -0.258424 12.2454 
0 8 5 1 0.496654 0.154267 11.2602 
0 6 5 1 0.341464 0.154279 10.7328 
0 2 2.5 1 -0.0217939 -0.0941282 10.1708 
0 4 2.5 1 0.159454 -0.0818969 10.6981 
0 4 5 1 0.170237 0.154293 10.2055 
0 2 5 1 -0.0196485 0.154308 9.67822 
0.5 0.5 -0.5 1 -0.16961 -0.356374 10.8386 
0.5 0.5 6 1 -0.18377 0.262553 9.55783 
10.5 0.5 -0.5 1 -0.222027 -0.0951786 20.2814 
10.5 0.5 6 1 -0.232683 0.233766 19.0006 
10.5 10.5 -0.5 1 0.224042 -0.0665099 22.9179 
10.5 10.5 6 1 0.241089 0.224048 21.6372 
0.5 10.5 -0.5 1 0.578788 -0.25651 13.4752 
0.5 10.5 6 1 0.646295 0.239087 12.1944 
0.5 5.5 9.5 1 0.30496 0.603112 10.1865 
10.5 5.5 9.5 1 0.0225064 0.411418 19.6292 
0.5 6.5 -0.5 1 0.317557 -0.291368 12.4206 
0.5 8.5 -0.5 1 0.453492 -0.273229 12.9479 
0.5 8.5 4.5 1 0.496107 0.114008 11.9626 
0.5 6.5 4.5 1 0.350425 0.112163 11.4353 
0.5 2.5 2 1 0.0110992 -0.122373 10.8733 
0.5 4.5 2 1 0.179657 -0.109589 11.4006 
0.5 4.5 4.5 1 0.190659 0.110139 10.908 
0.5 2.5 4.5 1 0.0146603 0.10791 10.3807 
