0 0 0 1 -0.26204 -0.0437733 24.4076 
0 0 6.5 1 -0.291632 0.227759 23.4934 
10 0 0 1 0.132559 -0.00576301 25.9564 
10 0 6.5 1 0.119201 0.250363 25.0422 
10 10 0 1 0.315219 -0.0880489 16.1777 
10 10 6.5 1 0.304244 0.327239 15.2635 
0 10 0 1 -0.323812 -0.160179 14.6289 
0 10 6.5 1 -0.378621 0.297199 13.7147 
0 5 10 1 -0.34604 0.451083 18.1118 
10 5 10 1 0.181535 0.462282 19.6606 
0 6 0 1 -0.291284 -0.0988817 18.5404 
0 8 0 1 -0.30563 -0.125916 16.5846 
0 8 5 1 -0.341234 0.17943 15.8814 
0 6 5 1 -0.322418 0.174051 17.8372 
0 2 2.5 1 -0.282317 0.0518352 22.1003 
0 4 2.5 1 -0.293257 0.0442107 20.1445 
0 4 5 1 -0.307321 0.169735 19.7929 
0 2 5 1 -0.29494 0.166195 21.7487 
0.5 0.5 -0.5 1 -0.240416 -0.0656512 24.0664 
0.5 0.5 6 1 -0.269591 0.209019 23.1523 
10.5 0.5 -0.5 1 0.158131 -0.0258118 25.6152 
10.5 0.5 6 1 0.145536 0.23311 24.701 
10.5 10.5 -0.5 1 0.360517 -0.12225 15.8365 
10.5 10.5 6 1 0.352066 0.300437 14.9223 
0.5 10.5 -0.5 1 -0.288863 -0.19981 14.2877 
0.5 10.5 6 1 -0.342682 0.266527 13.3735 
0.5 5.5 9.5 1 -0.318368 0.430955 17.7707 
10.5 5.5 9.5 1 0.216306 0.443965 19.3194 
0.5 6.5 -0.5 1 -0.263237 -0.128846 18.1992 
0.5 8.5 -0.5 1 -0.274507 -0.160056 16.2435 
0.5 8.5 4.5 1 -0.309484 0.150449 15.5402 
0.5 6.5 4.5 1 -0.293851 0.148205 17.496 
0.5 2.5 2 1 -0.258718 0.0291364 21.7591 
0.5 4.5 2 1 -0.267516 0.0191389 19.8033 
0.5 4.5 4.5 1 -0.281362 0.146411 19.4517 
0.5 2.5 4.5 1 -0.271154 0.144946 21.4075 
