0 0 0 1 -0.297041 -0.122547 23.6492 
0 0 6.5 1 -0.32965 0.153972 23.046 
10 0 0 1 0.0996238 -0.0693473 26.1253 
10 0 6.5 1 0.0795523 0.181602 25.5222 
10 10 0 1 0.313042 -0.150898 16.4813 
10 10 6.5 1 0.288886 0.249375 15.8782 
0 10 0 1 -0.319037 -0.255151 14.0051 
0 10 6.5 1 -0.376101 0.214385 13.402 
0 5 10 1 -0.370239 0.373315 17.8993 
10 5 10 1 0.147259 0.381268 20.3754 
0 6 0 1 -0.307388 -0.184927 17.8627 
0 8 0 1 -0.312508 -0.215789 15.9339 
0 8 5 1 -0.350339 0.098291 15.47 
0 6 5 1 -0.34089 0.0951568 17.3988 
0 2 2.5 1 -0.313359 -0.0257692 21.4884 
0 4 2.5 1 -0.318118 -0.0352151 19.5596 
0 4 5 1 -0.333326 0.0926483 19.3276 
0 2 5 1 -0.327135 0.0905949 21.2564 
0.5 0.5 -0.5 1 -0.273021 -0.144554 23.3372 
0.5 0.5 6 1 -0.30544 0.135177 22.734 
10.5 0.5 -0.5 1 0.126134 -0.0885998 25.8133 
10.5 0.5 6 1 0.106448 0.164995 25.2102 
10.5 10.5 -0.5 1 0.359482 -0.183207 16.1693 
10.5 10.5 6 1 0.336641 0.223836 15.5662 
0.5 10.5 -0.5 1 -0.278601 -0.295678 13.6931 
0.5 10.5 6 1 -0.335162 0.183182 13.09 
0.5 5.5 9.5 1 -0.339665 0.352911 17.5873 
10.5 5.5 9.5 1 0.182108 0.363505 20.0634 
0.5 6.5 -0.5 1 -0.275633 -0.215298 17.5507 
0.5 8.5 -0.5 1 -0.276934 -0.250526 15.6219 
0.5 8.5 4.5 1 -0.314456 0.0689554 15.158 
0.5 6.5 4.5 1 -0.308884 0.0690755 17.0868 
0.5 2.5 2 1 -0.287129 -0.0485953 21.1764 
0.5 4.5 2 1 -0.289337 -0.0604818 19.2476 
0.5 4.5 4.5 1 -0.304443 0.0691713 19.0156 
0.5 2.5 4.5 1 -0.300819 0.0692494 20.9444 
