0 0 0 1 0.148223 -0.413936 22.3358 
0 0 6.5 1 0.150234 -0.121598 23.5442 
10 0 0 1 0.635599 -0.555271 14.2674 
10 0 6.5 1 0.600601 -0.0994852 15.4758 
10 10 0 1 0.103888 -0.758769 8.65978 
10 10 6.5 1 0.114114 -0.0190615 9.86821 
0 10 0 1 -0.290411 -0.471904 16.7281 
0 10 6.5 1 -0.25822 -0.0842637 17.9365 
0 5 10 1 -0.0198813 0.0584199 21.3911 
10 5 10 1 0.400248 0.193126 13.3227 
0 6 0 1 -0.08384 -0.444605 18.9712 
0 8 0 1 -0.180636 -0.457397 17.8496 
0 8 5 1 -0.162418 -0.17331 18.7792 
0 6 5 1 -0.0711707 -0.177126 19.9007 
0 2 2.5 1 0.0813708 -0.300771 21.679 
0 4 2.5 1 0.00633812 -0.304031 20.5575 
0 4 5 1 0.0103411 -0.180534 21.0223 
0 2 5 1 0.0835961 -0.183597 22.1438 
0.5 0.5 -0.5 1 0.147164 -0.44542 21.559 
0.5 0.5 6 1 0.149299 -0.141437 22.7674 
10.5 0.5 -0.5 1 0.661968 -0.613722 13.4907 
10.5 0.5 6 1 0.622953 -0.129046 14.6991 
10.5 10.5 -0.5 1 0.0966224 -0.878851 7.88302 
10.5 10.5 6 1 0.108688 -0.0599835 9.09145 
0.5 10.5 -0.5 1 -0.313202 -0.517279 15.9514 
0.5 10.5 6 1 -0.277949 -0.108896 17.1598 
0.5 5.5 9.5 1 -0.0273234 0.0432917 20.6143 
10.5 5.5 9.5 1 0.414031 0.176609 12.546 
0.5 6.5 -0.5 1 -0.0950025 -0.48322 18.1944 
0.5 8.5 -0.5 1 -0.196935 -0.499131 17.0729 
0.5 8.5 4.5 1 -0.17709 -0.200632 18.0024 
0.5 6.5 4.5 1 -0.081276 -0.203 19.124 
0.5 2.5 2 1 0.0777938 -0.329038 20.9023 
0.5 4.5 2 1 -0.000388028 -0.334029 19.7807 
0.5 4.5 4.5 1 0.00392296 -0.205106 20.2455 
0.5 2.5 4.5 1 0.0801779 -0.20699 21.367 
