0 0 0 1 0.280523 -0.314081 20.1549 
0 0 6.5 1 0.245336 0.00636678 20.4974 
10 0 0 1 0.630766 -0.561278 10.2039 
10 0 6.5 1 0.551006 0.0695602 10.5463 
10 10 0 1 -0.372173 -0.709109 9.36824 
10 10 6.5 1 -0.423431 -0.0187738 9.71065 
0 10 0 1 -0.220967 -0.375075 19.3193 
0 10 6.5 1 -0.248916 -0.0399458 19.6617 
0 5 10 1 -0.013291 0.15552 20.2639 
10 5 10 1 0.0497437 0.364065 10.3128 
0 6 0 1 -0.0152538 -0.350055 19.6536 
0 8 0 1 -0.117228 -0.362458 19.4865 
0 8 5 1 -0.140015 -0.105984 19.7498 
0 6 5 1 -0.0391979 -0.0958978 19.917 
0 2 2.5 1 0.170426 -0.200231 20.1195 
0 4 2.5 1 0.0723884 -0.211089 19.9524 
0 4 5 1 0.0599413 -0.0859791 20.0841 
0 2 5 1 0.157444 -0.0762242 20.2512 
0.5 0.5 -0.5 1 0.267748 -0.34932 19.5893 
0.5 0.5 6 1 0.231782 -0.0191716 19.9317 
10.5 0.5 -0.5 1 0.625358 -0.647407 9.63818 
10.5 0.5 6 1 0.541263 0.0221405 9.98059 
10.5 10.5 -0.5 1 -0.442546 -0.812914 8.80256 
10.5 10.5 6 1 -0.494339 -0.0759904 9.14497 
0.5 10.5 -0.5 1 -0.249438 -0.413723 18.7537 
0.5 10.5 6 1 -0.277704 -0.0679736 19.0961 
0.5 5.5 9.5 1 -0.0344327 0.133962 19.6983 
10.5 5.5 9.5 1 0.0106764 0.332601 9.74716 
0.5 6.5 -0.5 1 -0.0371296 -0.387285 19.0879 
0.5 8.5 -0.5 1 -0.142346 -0.400388 18.9208 
0.5 8.5 4.5 1 -0.16546 -0.135831 19.1842 
0.5 6.5 4.5 1 -0.0614758 -0.125192 19.3513 
0.5 2.5 2 1 0.154443 -0.23224 19.5538 
0.5 4.5 2 1 0.053407 -0.243691 19.3867 
0.5 4.5 4.5 1 0.0407273 -0.114735 19.5184 
0.5 2.5 4.5 1 0.141195 -0.104455 19.6855 
