0 0 0 1 0.292528 -0.296499 18.6617 
0 0 6.5 1 0.253714 0.0471758 19.3034 
10 0 0 1 0.382413 -0.532249 8.90686 
10 0 6.5 1 0.297906 0.178368 9.54855 
10 10 0 1 -0.58331 -0.532118 10.8736 
10 10 6.5 1 -0.599569 0.0571215 11.5153 
0 10 0 1 -0.207951 -0.318907 20.6285 
0 10 6.5 1 -0.228078 -0.00633444 21.2702 
0 5 10 1 -0.013533 0.186974 20.6323 
10 5 10 1 -0.214406 0.42751 10.8775 
0 6 0 1 -0.0196658 -0.310477 19.8418 
0 8 0 1 -0.115639 -0.314774 20.2351 
0 8 5 1 -0.133723 -0.0681515 20.7287 
0 6 5 1 -0.0404295 -0.0591883 20.3354 
0 2 2.5 1 0.170623 -0.169095 19.3019 
0 4 2.5 1 0.0682186 -0.176334 19.6952 
0 4 5 1 0.0565443 -0.0498715 19.942 
0 2 5 1 0.157421 -0.0401798 19.5487 
0.5 0.5 -0.5 1 0.26956 -0.331532 18.2229 
0.5 0.5 6 1 0.230625 0.0213272 18.8646 
10.5 0.5 -0.5 1 0.337644 -0.619855 8.46809 
10.5 0.5 6 1 0.25222 0.13116 9.10978 
10.5 10.5 -0.5 1 -0.660247 -0.603207 10.4349 
10.5 10.5 6 1 -0.672693 0.0134924 11.0766 
0.5 10.5 -0.5 1 -0.239558 -0.351015 20.1897 
0.5 10.5 6 1 -0.259135 -0.0308696 20.8314 
0.5 5.5 9.5 1 -0.0409097 0.165864 20.1935 
10.5 5.5 9.5 1 -0.275809 0.396783 10.4387 
0.5 6.5 -0.5 1 -0.0482965 -0.343696 19.403 
0.5 8.5 -0.5 1 -0.145828 -0.347428 19.7964 
0.5 8.5 4.5 1 -0.163569 -0.0946782 20.29 
0.5 6.5 4.5 1 -0.0688079 -0.0860418 19.8966 
0.5 2.5 2 1 0.145599 -0.199977 18.8631 
0.5 4.5 2 1 0.0413725 -0.206749 19.2565 
0.5 4.5 4.5 1 0.0297753 -0.077057 19.5033 
0.5 2.5 4.5 1 0.132417 -0.0677023 19.1099 
