0 0 0 1 0.122322 -0.41987 22.751 
0 0 6.5 1 0.131032 -0.132284 23.8454 
10 0 0 1 0.602687 -0.570074 15.0259 
10 0 6.5 1 0.582958 -0.134477 16.1204 
10 10 0 1 0.144432 -0.797893 8.90314 
10 10 6.5 1 0.162785 -0.0705841 9.99758 
0 10 0 1 -0.299918 -0.486542 16.6282 
0 10 6.5 1 -0.262124 -0.0954834 17.7226 
0 5 10 1 -0.0269774 0.0478089 21.3733 
10 5 10 1 0.41737 0.147153 13.6483 
0 6 0 1 -0.0984977 -0.454737 19.0773 
0 8 0 1 -0.1923 -0.469549 17.8528 
0 8 5 1 -0.169586 -0.18514 18.6946 
0 6 5 1 -0.0811447 -0.188439 19.9192 
0 2 2.5 1 0.0619807 -0.309796 21.9474 
0 4 2.5 1 -0.00934695 -0.313992 20.7228 
0 4 5 1 -0.0029478 -0.191356 21.1437 
0 2 5 1 0.0666872 -0.193954 22.3683 
0.5 0.5 -0.5 1 0.122043 -0.451533 21.9744 
0.5 0.5 6 1 0.131059 -0.152764 23.0688 
10.5 0.5 -0.5 1 0.628436 -0.62709 14.2494 
10.5 0.5 6 1 0.605872 -0.165379 15.3438 
10.5 10.5 -0.5 1 0.14579 -0.919637 8.12656 
10.5 10.5 6 1 0.165528 -0.116625 9.221 
0.5 10.5 -0.5 1 -0.32099 -0.533702 15.8516 
0.5 10.5 6 1 -0.280104 -0.121677 16.946 
0.5 5.5 9.5 1 -0.0329043 0.0316608 20.5968 
10.5 5.5 9.5 1 0.434695 0.127307 12.8717 
0.5 6.5 -0.5 1 -0.108203 -0.494237 18.3007 
0.5 8.5 -0.5 1 -0.206967 -0.512554 17.0762 
0.5 8.5 4.5 1 -0.18258 -0.213799 17.918 
0.5 6.5 4.5 1 -0.0897193 -0.215398 19.1426 
0.5 2.5 2 1 0.0594776 -0.338624 21.1708 
0.5 4.5 2 1 -0.0147808 -0.344753 19.9462 
0.5 4.5 4.5 1 -0.00802535 -0.216805 20.3672 
0.5 2.5 4.5 1 0.0644022 -0.218053 21.5917 
