0 0 0 1 0.258149 -0.0538751 17.8841 
0 0 6.5 1 0.281191 0.325819 16.5967 
10 0 0 1 -0.266234 -0.1861 11.636 
10 0 6.5 1 -0.294516 0.406393 10.3486 
10 10 0 1 -0.493016 -0.0307129 19.1883 
10 10 6.5 1 -0.525675 0.322984 17.9009 
0 10 0 1 -0.0686212 0.0240841 25.4365 
0 10 6.5 1 -0.0702058 0.289189 24.1491 
0 5 10 1 0.0768652 0.489142 19.6797 
10 5 10 1 -0.461748 0.627197 13.4315 
0 6 0 1 0.0356636 -0.000795679 22.4155 
0 8 0 1 -0.0197706 0.0124295 23.926 
0 8 5 1 -0.0189448 0.226642 22.9357 
0 6 5 1 0.0391099 0.227907 21.4252 
0 2 2.5 1 0.177972 0.0953527 18.8994 
0 4 2.5 1 0.102456 0.103741 20.4099 
0 4 5 1 0.105971 0.229364 19.9147 
0 2 5 1 0.183807 0.231061 18.4043 
0.5 0.5 -0.5 1 0.216588 -0.0795019 18.0484 
0.5 0.5 6 1 0.236212 0.294503 16.761 
10.5 0.5 -0.5 1 -0.322501 -0.223455 11.8002 
10.5 0.5 6 1 -0.357232 0.355206 10.5128 
10.5 10.5 -0.5 1 -0.5254 -0.0548093 19.3525 
10.5 10.5 6 1 -0.560071 0.293955 18.0651 
0.5 10.5 -0.5 1 -0.0958246 0.00551715 25.6007 
0.5 10.5 6 1 -0.098839 0.267848 24.3133 
0.5 5.5 9.5 1 0.0405659 0.461339 19.8439 
10.5 5.5 9.5 1 -0.508223 0.58495 13.5958 
0.5 6.5 -0.5 1 0.00406209 -0.0216657 22.5798 
0.5 8.5 -0.5 1 -0.0490127 -0.00722208 24.0902 
0.5 8.5 4.5 1 -0.0494464 0.204625 23.0999 
0.5 6.5 4.5 1 0.00603262 0.20434 21.5895 
0.5 2.5 2 1 0.139316 0.0698051 19.0637 
0.5 4.5 2 1 0.0672412 0.0800017 20.5741 
0.5 4.5 4.5 1 0.0698586 0.204013 20.079 
0.5 2.5 4.5 1 0.144068 0.203632 18.5685 
