0 0 0 1 0.292576 -0.300721 18.6726 
0 0 6.5 1 0.253877 0.0426711 19.3514 
10 0 0 1 0.394116 -0.533801 8.90342 
10 0 6.5 1 0.30877 0.176195 9.58222 
10 10 0 1 -0.581565 -0.537184 10.7668 
10 10 6.5 1 -0.595152 0.057421 11.4456 
0 10 0 1 -0.20975 -0.323644 20.536 
0 10 6.5 1 -0.228977 -0.00968063 21.2148 
0 5 10 1 -0.0130137 0.182986 20.6486 
10 5 10 1 -0.204321 0.426585 10.8794 
0 6 0 1 -0.0201708 -0.314993 19.7907 
0 8 0 1 -0.116712 -0.319399 20.1633 
0 8 5 1 -0.134229 -0.0718152 20.6855 
0 6 5 1 -0.0404909 -0.0629804 20.3128 
0 2 2.5 1 0.170793 -0.173216 19.3064 
0 4 2.5 1 0.0682594 -0.180415 19.6791 
0 4 5 1 0.0567516 -0.0538154 19.9401 
0 2 5 1 0.157698 -0.0443012 19.5674 
0.5 0.5 -0.5 1 0.269916 -0.335753 18.2251 
0.5 0.5 6 1 0.231115 0.017026 18.9039 
10.5 0.5 -0.5 1 0.35065 -0.621641 8.45592 
10.5 0.5 6 1 0.264353 0.129665 9.13471 
10.5 10.5 -0.5 1 -0.659492 -0.609309 10.3193 
10.5 10.5 6 1 -0.668823 0.0139417 10.9981 
0.5 10.5 -0.5 1 -0.241498 -0.355937 20.0885 
0.5 10.5 6 1 -0.260102 -0.0341527 20.7673 
0.5 5.5 9.5 1 -0.0402267 0.162096 20.2011 
10.5 5.5 9.5 1 -0.265225 0.396582 10.4319 
0.5 6.5 -0.5 1 -0.0487564 -0.34833 19.3432 
0.5 8.5 -0.5 1 -0.146949 -0.352206 19.7158 
0.5 8.5 4.5 1 -0.164073 -0.0983013 20.238 
0.5 6.5 4.5 1 -0.0687829 -0.0897643 19.8653 
0.5 2.5 2 1 0.146005 -0.204045 18.8589 
0.5 4.5 2 1 0.0415656 -0.210814 19.2316 
0.5 4.5 4.5 1 0.0301511 -0.080901 19.4926 
0.5 2.5 4.5 1 0.132942 -0.0716921 19.1199 
