0 0 0 1 -0.162025 -0.0225162 25.9972 
0 0 6.5 1 -0.17188 0.234151 24.7078 
10 0 0 1 0.227916 -0.0267628 25.2794 
10 0 6.5 1 0.238726 0.237357 23.9899 
10 10 0 1 0.325062 -0.171497 15.5045 
10 10 6.5 1 0.352118 0.261115 14.215 
0 10 0 1 -0.30414 -0.158287 16.2223 
0 10 6.5 1 -0.332718 0.254669 14.9328 
0 5 10 1 -0.241881 0.430019 19.126 
10 5 10 1 0.290501 0.441834 18.4081 
0 6 0 1 -0.230734 -0.0881576 20.1323 
0 8 0 1 -0.26349 -0.119451 18.1773 
0 8 5 1 -0.280245 0.158812 17.1854 
0 6 5 1 -0.24408 0.163306 19.1404 
0 2 2.5 1 -0.185585 0.0623636 23.5463 
0 4 2.5 1 -0.209073 0.0496471 21.5913 
0 4 5 1 -0.214619 0.166967 21.0954 
0 2 5 1 -0.190154 0.170006 23.0504 
0.5 0.5 -0.5 1 -0.146527 -0.0461092 25.5718 
0.5 0.5 6 1 -0.155731 0.213803 24.2823 
10.5 0.5 -0.5 1 0.250537 -0.0511099 24.854 
10.5 0.5 6 1 0.26278 0.216446 23.5645 
10.5 10.5 -0.5 1 0.365089 -0.215711 15.079 
10.5 10.5 6 1 0.396723 0.226114 13.7896 
0.5 10.5 -0.5 1 -0.282879 -0.200136 15.7969 
0.5 10.5 6 1 -0.310404 0.221211 14.5074 
0.5 5.5 9.5 1 -0.222504 0.408053 18.7005 
10.5 5.5 9.5 1 0.323247 0.41927 17.9827 
0.5 6.5 -0.5 1 -0.212106 -0.120189 19.7068 
0.5 8.5 -0.5 1 -0.243595 -0.15576 17.7519 
0.5 8.5 4.5 1 -0.259598 0.127418 16.7599 
0.5 6.5 4.5 1 -0.224768 0.135293 18.7149 
0.5 2.5 2 1 -0.168877 0.0378315 23.1209 
0.5 4.5 2 1 -0.191294 0.0225935 21.1659 
0.5 4.5 4.5 1 -0.196527 0.141679 20.6699 
0.5 2.5 4.5 1 -0.173166 0.146961 22.6249 
