0 0 0 1 -0.59348 -0.47852 15.7869 
0 0 6.5 1 -0.556282 -0.0692158 17.0559 
10 0 0 1 -0.114929 -0.384844 23.0753 
10 0 6.5 1 -0.113814 -0.102964 24.3444 
10 10 0 1 0.287886 -0.450308 16.5128 
10 10 6.5 1 0.260664 -0.0597254 17.7818 
0 10 0 1 -0.212848 -0.662354 9.22434 
0 10 6.5 1 -0.198419 0.0251611 10.4934 
0 5 10 1 -0.404545 0.205685 14.458 
10 5 10 1 0.0399263 0.0757706 21.7464 
0 6 0 1 -0.415694 -0.564385 11.8494 
0 8 0 1 -0.326904 -0.607268 10.5369 
0 8 5 1 -0.307118 -0.129919 11.513 
0 6 5 1 -0.391174 -0.13915 12.8256 
0 2 2.5 1 -0.530239 -0.321736 14.9625 
0 4 2.5 1 -0.472714 -0.331507 13.65 
0 4 5 1 -0.459623 -0.146667 14.1381 
0 2 5 1 -0.516444 -0.152907 15.4506 
0.5 0.5 -0.5 1 -0.550309 -0.511188 15.7256 
0.5 0.5 6 1 -0.5162 -0.0979668 16.9946 
10.5 0.5 -0.5 1 -0.0841549 -0.406916 23.014 
10.5 0.5 6 1 -0.0846456 -0.123171 24.283 
10.5 10.5 -0.5 1 0.332438 -0.481429 16.4514 
10.5 10.5 6 1 0.301931 -0.0872658 17.7205 
0.5 10.5 -0.5 1 -0.13621 -0.719648 9.16302 
0.5 10.5 6 1 -0.13102 -0.0211215 10.4321 
0.5 5.5 9.5 1 -0.356585 0.172917 14.3967 
10.5 5.5 9.5 1 0.0730242 0.0536484 21.6851 
0.5 6.5 -0.5 1 -0.357178 -0.608411 11.788 
0.5 8.5 -0.5 1 -0.260537 -0.657061 10.4755 
0.5 8.5 4.5 1 -0.246302 -0.172911 11.4517 
0.5 6.5 4.5 1 -0.337015 -0.177766 12.7642 
0.5 2.5 2 1 -0.48442 -0.355566 14.9012 
0.5 4.5 2 1 -0.422209 -0.368648 13.5886 
0.5 4.5 4.5 1 -0.410813 -0.181715 14.0767 
0.5 2.5 4.5 1 -0.472022 -0.184991 15.3893 
